Number of alignments: 52
Number of sites (all alignments): 10259
#Below are detail of AIC value for each alignment#

Alignment name: 1shg.phylip
Number of taxa: 57
Number of sites: 56
AIC gain (for each site): 1.626 -0.261 0.944 -0.879 3.417 -2.851 2.791 2.090 2.361 2.819 0.580 1.021 4.319 1.871 -2.571 -2.849 4.958 -2.372 -1.709 1.015 3.394 -0.375 2.202 -1.877 -1.860 -1.334 -5.066 -0.913 -1.789 2.463 1.301 0.772 0.772 0.205 1.667 0.360 -0.804 -2.731 -3.904 -4.288 -1.845 0.120 -1.104 1.200 1.383 0.132 0.503 -0.218 3.211 -0.512 2.462 1.611 -2.944 -0.899 -0.377 -4.821 
AIC gain (for alignment): 2.417 (p-value = 0.4443)

Alignment name: 1igv.phylip
Number of taxa: 99
Number of sites: 46
AIC gain (for each site): -5.975 0.292 -2.015 -5.161 -3.155 0.602 -4.354 -5.192 -1.308 -0.487 -2.315 -1.970 -2.565 -0.387 -0.932 -6.652 -2.792 0.318 -0.316 2.650 -0.541 0.188 2.525 0.276 0.409 -0.611 -2.639 -2.925 -0.387 -3.717 2.129 -1.482 -3.430 -5.993 -0.254 -2.319 -5.216 0.095 4.618 -0.044 -2.170 0.035 -1.766 -0.340 -3.019 3.481 
AIC gain (for alignment): -64.809 (p-value = 0.0000)

Alignment name: 1c5g.phylip
Number of taxa: 99
Number of sites: 731
AIC gain (for each site): 0.783 -2.654 -4.722 -4.854 0.808 0.021 -8.423 -2.900 -0.977 -4.262 -3.279 -6.150 0.130 -5.597 -7.184 4.546 0.524 0.750 -0.218 0.261 0.083 0.764 0.462 0.767 0.903 8.262 7.309 3.597 -3.035 -2.098 -3.155 0.410 0.144 1.479 -4.227 -4.431 -0.267 0.205 -0.800 -0.548 -0.368 -0.900 -4.031 -9.193 -11.079 -3.509 -9.221 -1.474 -5.851 2.837 0.687 1.015 -5.684 -3.472 -0.427 2.939 -1.201 4.810 1.781 2.320 -7.464 0.503 -0.566 -1.755 2.477 -1.322 -1.526 0.132 0.012 0.180 5.560 -2.641 3.812 4.872 1.179 -0.511 -0.274 -0.128 -0.237 -0.219 0.660 -0.147 -0.012 -0.494 0.176 0.358 0.186 -0.548 -0.149 0.503 -0.900 0.466 -0.548 0.012 0.149 -0.325 -0.313 -0.127 0.260 0.455 0.689 -0.029 0.929 -0.844 1.812 -0.049 0.689 0.573 -1.243 10.267 7.386 3.161 -1.690 -0.800 -0.701 0.234 -1.353 -0.041 -0.905 2.045 -0.075 -3.955 0.149 0.205 0.149 0.234 0.132 0.012 0.132 0.149 0.466 0.149 0.149 0.503 0.168 0.132 0.234 0.257 0.466 -0.149 0.149 -0.701 -0.701 0.503 -0.900 -0.149 -0.861 4.695 2.323 -1.064 0.238 -1.004 -1.912 3.662 -1.213 -4.556 0.406 1.398 -1.120 -0.019 0.127 -0.287 0.213 0.475 0.466 0.168 0.168 0.466 -0.041 -0.041 -0.041 -0.041 -0.041 0.168 0.168 0.466 -0.062 -0.897 -0.512 0.369 0.111 1.452 -0.669 0.848 2.950 5.370 3.123 9.246 8.816 3.516 0.712 -3.897 -0.677 -4.497 -1.403 -2.983 -2.972 -5.282 -1.438 0.268 -0.706 0.736 -0.477 -0.041 0.696 0.817 -1.679 0.132 -0.701 2.546 7.988 0.452 0.144 3.190 -2.117 -1.006 2.544 5.901 -2.267 3.236 1.061 -2.008 -7.384 0.254 0.422 -1.318 0.732 -0.027 -1.542 -2.874 3.140 -11.192 1.791 -0.592 1.788 -0.032 1.396 -5.353 6.855 0.905 1.106 2.934 4.582 6.451 1.893 -0.281 -8.623 1.131 5.667 -1.800 -0.986 3.790 4.014 0.507 -1.107 2.378 3.262 -0.208 3.001 0.012 0.503 -6.727 9.664 -2.034 -1.123 9.693 -3.943 -0.309 -3.887 5.356 2.687 6.571 -0.133 -2.542 8.667 2.432 0.064 8.219 -0.041 -0.041 1.229 -1.802 -1.483 -2.973 -4.247 -2.781 2.123 -4.694 -3.295 0.446 -2.066 -1.548 -5.774 2.000 -1.428 2.636 -2.195 0.168 -0.548 1.437 -0.927 4.259 2.114 -0.719 -0.618 0.791 -1.062 0.530 2.580 0.444 8.422 -1.962 -2.695 -0.205 0.611 -5.077 2.554 0.765 -0.149 0.234 0.234 0.257 -0.209 2.095 3.270 5.601 6.353 -0.041 3.108 -0.249 3.433 1.719 2.845 0.554 0.238 -0.627 2.324 -0.143 -0.168 -0.225 0.453 -0.177 4.063 2.775 -1.277 -3.005 -1.283 -2.674 0.503 0.168 -0.548 0.234 0.422 -2.251 1.701 -0.757 -1.414 3.037 4.781 0.049 1.358 8.899 -4.291 2.745 -2.655 -0.041 -0.041 -3.855 0.726 -8.264 3.330 -3.053 0.742 -0.069 -0.602 -0.005 -0.271 -0.066 -0.149 0.503 0.466 0.503 0.503 0.466 -0.800 0.234 0.378 0.012 -0.800 -0.701 -0.528 0.740 0.183 0.301 -0.606 0.888 4.708 8.184 2.113 -1.275 -5.478 -0.045 -0.917 -3.334 1.281 -3.469 -2.473 -1.138 -0.002 -0.486 -0.295 -0.019 -0.528 1.941 0.790 0.815 -0.041 5.901 4.284 3.343 -4.735 7.553 -0.270 0.443 3.094 -3.468 2.153 0.149 0.205 -0.800 -0.368 0.132 0.257 2.426 -2.063 -7.051 8.084 1.198 1.031 5.520 -0.093 0.503 -0.041 0.577 2.023 -5.589 -1.682 -0.525 0.012 -0.701 0.466 -0.267 -0.209 -3.283 1.192 -0.505 1.911 4.717 -0.925 0.432 2.079 -1.301 4.290 3.153 0.887 -0.418 -0.067 0.466 -0.137 0.150 1.958 -3.363 -4.320 0.437 -0.743 -1.145 -4.358 -7.247 -0.254 -1.118 1.032 -10.172 -1.484 0.501 -0.900 6.301 -3.708 2.462 0.654 -0.837 0.205 0.466 0.258 5.798 -0.057 0.234 0.512 -1.051 -1.219 0.168 -1.048 5.965 -3.370 -2.383 2.396 1.132 -7.094 2.408 -5.775 4.997 -0.800 -0.507 -5.888 -2.051 7.371 -0.294 0.860 0.664 -3.999 2.835 -0.355 -6.036 5.304 1.992 -7.598 -3.508 1.390 -0.210 0.043 0.574 0.234 0.466 -0.267 -0.548 0.503 0.503 0.466 0.378 -0.701 0.466 -0.701 -0.701 0.168 -0.368 -0.701 0.149 0.466 0.234 0.205 0.168 0.257 0.012 -0.800 -0.701 -0.701 -0.701 0.149 0.149 0.149 -0.800 0.378 0.466 -0.900 -0.800 -0.800 0.168 0.168 -0.267 0.132 0.257 -0.800 0.466 -0.267 0.503 0.168 -0.900 -0.701 0.205 0.466 -0.149 -0.900 0.012 -0.209 0.503 0.503 0.205 0.234 -0.900 -0.368 -0.900 -0.900 -0.800 0.168 0.132 -0.548 -0.267 -0.267 -0.267 -0.267 -0.267 0.283 1.165 0.157 1.923 4.855 5.751 0.432 -0.206 0.440 3.933 9.313 0.632 1.120 -5.722 2.244 5.648 -1.681 -2.409 -2.743 1.722 -7.512 4.666 -4.476 1.215 -3.166 6.249 0.961 3.277 2.902 -0.948 3.737 1.109 -1.458 -0.327 -3.689 -1.824 -3.754 0.774 2.143 -1.852 -1.361 0.239 -0.041 -0.041 -0.041 -0.041 -0.041 -0.041 -0.041 -0.041 -0.041 -0.041 -0.041 -0.041 -0.041 -0.041 -0.041 -0.041 -0.041 -0.041 -0.041 -0.041 -0.041 -0.041 -0.041 -0.041 -0.041 -0.041 -0.041 -0.041 -0.041 1.597 -1.948 -2.712 0.924 -1.044 0.307 -0.778 -0.795 -1.248 0.503 1.443 2.038 3.496 2.128 -4.517 -3.034 0.089 -3.248 1.564 4.984 -1.021 -2.722 -0.572 -0.037 0.281 -0.208 3.704 0.115 0.090 -2.438 -3.449 -1.807 -2.306 -1.888 0.178 -8.168 -0.701 5.688 -0.420 -0.041 -0.041 -0.041 -0.041 -0.041 -0.041 6.462 -7.578 -0.042 -3.462 -2.002 -6.069 -0.271 -0.041 -0.041 -0.041 -4.796 0.560 7.288 -1.627 -0.623 
AIC gain (for alignment): 24.261 (p-value = 0.3783)

Alignment name: 1ten.phylip
Number of taxa: 98
Number of sites: 117
AIC gain (for each site): 6.845 -2.172 -2.489 -1.189 5.368 5.426 2.232 1.965 1.020 0.116 3.726 0.455 0.345 0.149 0.300 7.829 7.595 8.093 4.420 -5.610 -2.731 -5.905 4.262 0.446 6.960 -3.109 2.575 2.840 -0.363 1.491 1.920 0.787 4.645 -2.406 1.225 3.371 -0.272 3.818 -3.018 -4.332 -4.094 -1.956 -3.337 -0.267 0.257 0.223 -1.129 5.493 -1.046 8.421 3.978 5.266 1.902 0.672 -0.155 0.309 0.728 0.378 -1.365 0.936 0.122 -2.447 -1.026 -0.998 6.605 -1.210 4.287 2.357 -0.727 0.083 0.327 -0.112 1.524 5.573 3.763 3.075 -0.037 0.503 0.109 -0.028 7.319 1.749 0.168 -0.573 2.180 2.009 0.574 -2.421 6.400 10.893 -0.794 0.012 -3.118 -0.645 4.235 -4.740 2.284 2.329 3.992 -3.010 -1.185 -4.860 -1.408 -0.740 -6.952 7.786 -1.944 3.806 0.691 0.726 0.205 0.328 0.283 -0.106 4.634 3.948 5.952 
AIC gain (for alignment): 133.594 (p-value = 0.0000)

Alignment name: 2aky.phylip
Number of taxa: 21
Number of sites: 191
AIC gain (for each site): -1.429 -2.693 0.698 0.666 0.305 0.221 -3.215 0.698 0.258 0.698 0.469 0.198 -2.545 0.942 -0.683 -1.945 0.500 0.334 0.189 -1.511 1.513 -2.250 -2.251 -1.143 -1.366 -0.079 -0.493 0.698 0.369 -1.796 -1.061 -0.712 1.521 1.418 -1.455 0.503 1.926 -0.940 1.421 0.338 0.819 -1.309 0.698 1.981 0.327 -1.574 1.879 2.554 -0.992 -1.991 -0.085 0.209 0.213 1.234 -1.004 -0.665 1.155 1.532 -1.073 -2.081 -0.698 -1.192 0.837 -3.067 -1.343 -2.683 -1.704 -0.203 -2.509 0.365 2.028 1.112 -0.368 1.734 0.857 -0.663 2.028 -0.569 1.317 -0.561 -1.778 -1.246 0.542 0.698 -0.882 0.305 -0.712 1.042 -1.801 0.554 -0.075 -0.088 -0.392 1.799 -0.826 -0.052 -0.632 -1.626 -1.290 0.792 -0.039 -0.737 0.236 -0.877 1.653 -3.168 1.090 1.252 0.072 -2.380 -2.050 -1.445 0.279 -0.873 2.645 0.267 0.071 -0.365 -1.182 1.046 0.309 -0.712 -2.777 -1.175 1.172 -0.712 0.012 0.144 -0.026 0.322 -0.097 -0.257 1.717 -0.140 -1.563 0.340 -0.090 1.058 0.823 0.326 -1.283 0.744 0.675 0.691 1.457 3.461 1.631 1.583 1.325 1.247 0.306 0.702 1.175 -0.004 0.465 -0.256 -1.148 0.853 0.278 -0.338 2.448 0.542 0.542 -1.107 1.344 0.673 0.258 -0.879 -0.852 0.688 -0.712 -0.927 0.027 3.019 -1.035 -0.985 3.080 0.325 -1.049 1.398 0.449 -1.409 -1.236 -0.185 -0.625 -0.501 1.231 2.842 -0.749 0.085 1.199 
AIC gain (for alignment): -5.179 (p-value = 0.3859)

Alignment name: 1dyj.phylip
Number of taxa: 60
Number of sites: 208
AIC gain (for each site): 8.114 -2.151 -1.651 -1.653 -2.143 1.556 -0.394 1.164 1.417 -1.117 0.064 5.184 1.259 -2.339 0.755 -1.872 -1.711 5.427 5.221 -4.553 0.668 -0.928 0.144 -3.449 1.448 4.593 -1.091 -0.788 2.641 -2.083 -1.410 -5.730 4.618 -0.368 0.234 1.046 0.009 5.345 6.245 0.327 -3.480 -4.400 -3.926 -0.601 0.755 -0.644 0.249 0.286 -1.210 -1.172 -1.081 -2.585 0.012 6.962 1.030 -0.267 -0.540 1.279 -2.455 0.257 0.205 -0.615 -1.544 0.013 5.135 -1.678 2.482 -3.204 -1.492 -3.291 -3.367 0.982 0.132 2.187 1.698 2.118 5.558 -0.427 0.388 0.343 0.109 0.026 0.698 0.378 -0.960 1.100 -1.003 0.196 3.457 0.132 0.132 0.378 3.253 -1.897 -0.108 -0.032 2.946 1.123 2.594 6.719 1.906 0.290 3.500 -0.846 -1.371 0.302 -0.209 0.041 0.503 0.630 -0.041 4.269 -0.736 0.820 -1.676 2.473 1.324 2.740 0.012 -0.368 0.168 -0.701 1.091 0.127 -1.694 -0.102 -1.797 -1.184 -0.128 -1.579 -2.075 0.755 0.755 -1.856 0.681 -2.095 -2.403 0.905 1.519 -1.683 -3.500 5.728 0.213 -6.333 2.924 0.205 -0.900 0.132 -4.256 -3.212 0.467 -1.648 0.379 -3.977 -2.331 2.474 -0.477 0.717 -0.385 -0.206 2.649 0.626 1.735 0.149 -3.024 1.352 -5.712 3.501 -0.825 1.877 0.372 3.808 1.169 4.459 -1.230 0.848 3.403 1.678 -1.401 1.250 -0.415 3.476 5.164 2.221 1.175 0.599 5.488 -1.121 0.895 0.602 1.984 -0.662 0.887 0.168 -0.207 1.293 -0.370 1.803 -0.098 3.535 -5.448 2.654 -0.654 1.785 0.393 -1.126 -0.774 -2.301 
AIC gain (for alignment): 61.289 (p-value = 0.0392)

Alignment name: 2ci2.phylip
Number of taxa: 99
Number of sites: 85
AIC gain (for each site): 0.262 3.964 -1.854 -1.085 0.548 -1.110 -2.700 4.898 1.323 1.760 4.023 -2.591 0.066 1.790 -1.094 4.090 -0.041 5.897 1.887 -2.488 2.521 5.280 -1.356 3.186 2.818 4.459 -1.843 2.972 0.209 -4.720 2.739 1.176 1.017 -0.896 3.371 3.947 5.826 -5.388 0.220 0.168 0.234 1.961 3.110 3.977 9.694 1.438 -4.941 -0.792 0.378 4.687 0.201 5.671 -0.786 -1.323 0.714 -2.040 0.610 -0.820 5.223 0.606 -1.755 0.198 6.088 -0.041 -1.083 0.385 0.502 0.104 -0.071 2.022 0.213 0.201 0.345 0.090 -1.122 7.641 -1.340 -0.990 1.443 -2.718 -4.835 -0.878 0.810 -1.481 1.011 
AIC gain (for alignment): 75.795 (p-value = 0.0019)

Alignment name: 1cah.phylip
Number of taxa: 99
Number of sites: 516
AIC gain (for each site): 0.315 0.954 0.011 0.186 -0.247 0.503 -0.041 -0.041 -0.701 3.947 0.104 0.503 0.012 0.234 0.503 0.276 0.165 3.223 0.896 1.222 0.960 -1.453 0.554 0.132 0.456 0.362 0.609 -2.234 -1.459 6.252 -0.529 -0.321 2.518 -0.546 0.257 0.149 0.297 1.752 -1.094 -0.041 -0.041 -0.041 -0.041 -0.041 -0.041 1.771 -2.769 -3.445 -0.041 0.503 3.391 1.366 2.800 0.118 -0.041 -0.223 -0.386 -1.213 -1.079 2.937 0.394 -0.149 0.159 2.761 4.233 -0.398 -0.293 1.685 -0.041 -0.041 0.244 -1.517 8.859 -0.701 -1.928 -0.204 0.083 4.101 0.016 1.943 -4.093 -1.599 0.351 0.234 -0.326 -0.675 1.484 4.129 -0.538 0.733 -2.182 0.370 -0.749 5.371 -0.117 -3.409 3.048 -2.157 0.095 0.801 3.410 0.161 -0.900 0.168 0.205 -0.148 -0.366 -1.592 2.340 1.457 -2.312 2.531 2.872 0.415 0.313 0.919 3.374 6.867 -7.709 3.728 0.844 1.415 -0.041 0.685 -1.499 -1.934 0.715 0.198 -0.507 2.327 1.647 -2.683 1.447 1.749 -0.031 0.739 -0.041 -0.041 -0.041 -0.041 -0.041 0.695 0.935 2.613 8.538 2.707 -0.041 0.296 -0.041 -0.041 3.658 3.671 0.158 -0.135 0.199 -0.041 -0.041 -0.041 -0.041 -0.041 -0.041 -0.041 -0.041 -0.041 -0.041 -0.041 -0.041 -0.041 -0.041 -0.041 -0.041 0.466 0.463 0.172 0.455 1.925 1.795 0.207 3.891 -4.096 0.063 -0.643 4.730 0.975 4.625 1.012 1.268 0.168 -0.041 -0.041 -0.041 -0.701 0.132 3.032 4.275 3.152 2.961 -1.963 -0.041 -1.005 -0.661 4.733 -1.116 -4.768 0.155 -2.853 -0.543 0.975 -0.041 -0.041 -0.041 -0.164 0.686 3.167 -0.041 0.533 4.681 -0.326 0.378 -0.267 1.057 0.199 1.293 -0.368 -0.209 -0.701 -0.351 -0.048 -1.531 -0.066 -0.503 0.303 -0.342 4.030 5.085 -0.041 -0.041 -0.041 -0.041 -1.326 -0.922 -4.532 1.531 -0.041 -0.041 -0.041 -3.930 -0.041 -0.041 -0.064 -0.041 -0.041 -3.440 -2.170 -7.008 2.164 1.046 -0.869 -0.192 -0.679 0.190 2.225 4.851 -0.320 3.673 4.266 -1.588 5.828 -0.041 -0.041 0.319 0.348 2.050 5.610 0.802 1.752 0.174 -0.701 4.135 -0.329 0.335 -0.149 0.503 1.231 -3.781 -3.340 -1.958 -4.129 -8.225 1.474 -3.756 -2.735 2.911 -1.445 8.026 -0.041 -0.041 -0.041 -0.041 -0.041 -0.041 -0.041 -0.041 4.307 1.387 0.532 -1.112 0.343 -0.099 1.859 3.127 0.196 -0.604 1.316 -0.033 -0.443 -0.041 -0.647 0.472 -1.345 0.146 0.233 2.602 -3.062 2.110 -0.038 3.701 -5.477 -0.041 -0.041 -3.782 2.229 -2.440 -3.177 6.431 0.257 -2.464 0.466 0.012 -2.493 -0.041 -0.041 -0.041 -0.041 -0.041 0.033 -1.324 -0.209 0.475 3.110 8.341 -0.267 1.455 0.258 3.045 0.168 -0.403 -0.267 -2.857 5.702 0.433 0.697 -7.105 0.749 -0.111 5.373 5.246 -0.041 -0.041 -0.041 -0.041 -0.041 -0.041 -0.041 0.924 -3.847 3.537 -0.992 2.880 2.168 -1.639 -0.267 -0.149 -0.368 -4.038 0.536 4.663 0.520 0.257 1.248 -3.700 -0.041 -0.041 0.503 1.357 1.577 3.531 1.422 -3.162 -3.254 -4.730 3.454 -0.638 -1.077 1.355 1.352 -1.185 1.580 -0.432 -0.548 0.502 -0.041 -0.041 6.659 -2.353 1.828 0.239 -2.988 -0.590 0.729 -1.071 0.409 -0.041 -0.041 -2.352 -2.446 -0.372 -1.287 -0.295 -4.892 3.206 0.466 -1.845 1.207 -1.742 -0.041 -0.041 -0.041 -0.041 -0.041 -0.614 -0.566 0.205 0.168 -0.548 -2.862 -0.399 4.625 -1.694 1.303 0.132 -0.000 0.128 0.587 -2.106 1.575 -0.747 1.718 0.683 -0.673 0.301 -0.126 -0.871 -0.470 1.485 1.058 3.404 1.284 -0.380 6.740 3.851 1.108 0.031 -0.043 -0.041 -0.041 -0.041 -0.041 -0.041 -0.041 -0.041 -0.041 -0.041 -0.041 -0.041 -0.041 -0.041 -0.041 -0.041 -0.041 -0.041 -0.041 -0.265 0.555 0.590 -4.700 2.673 1.641 0.846 -3.083 -1.209 1.031 -0.041 -5.583 -1.300 2.770 3.527 0.859 8.024 1.045 -0.041 8.872 -5.800 -1.111 -0.272 1.422 
AIC gain (for alignment): 171.630 (p-value = 0.0000)

Alignment name: 2afg.phylip
Number of taxa: 52
Number of sites: 176
AIC gain (for each site): -0.611 3.364 1.490 -2.138 -2.307 -0.232 -1.902 -0.244 0.579 0.819 -0.101 2.222 -2.097 -2.226 -3.418 0.015 -1.958 2.097 1.649 -0.800 0.168 0.257 0.378 0.466 3.521 0.534 0.132 0.234 -0.267 -0.368 -1.497 -2.034 0.090 -0.518 1.538 0.867 -0.917 -1.988 0.257 -0.800 0.272 2.218 -2.714 -0.982 -1.997 1.084 -3.071 0.366 -1.741 2.594 -0.238 3.166 0.503 0.466 0.012 -0.701 1.148 2.736 1.637 -0.398 0.552 -0.643 0.423 -3.092 -0.760 -1.259 -3.735 -3.638 1.320 -1.816 0.223 2.483 -0.194 -0.448 -4.692 -4.094 -1.200 1.855 -4.803 -6.827 1.111 -2.915 -0.465 -0.299 -4.376 0.290 -0.233 -0.239 0.807 -0.127 -0.414 -0.344 0.117 0.916 0.227 2.040 -0.105 -0.568 0.279 -2.086 -1.089 -1.696 -0.589 -4.477 0.061 0.991 -0.200 -0.738 -0.508 1.241 1.773 -0.943 -0.710 -0.075 -0.116 -0.307 0.842 -1.289 1.453 -1.429 -0.270 0.827 -0.098 -0.381 0.354 1.064 0.191 0.234 0.503 0.132 0.503 -0.800 0.503 -0.136 0.068 -0.448 -0.395 -0.945 -0.343 -1.433 -1.040 0.024 -2.210 1.371 -0.893 -1.001 -4.494 -2.325 -3.430 0.784 -4.182 -1.935 1.458 -1.343 -1.448 -1.858 -2.597 -0.381 -2.595 -0.097 0.115 -3.872 -0.589 -1.094 2.325 0.201 0.394 0.458 -2.124 -2.803 -1.058 -1.541 -0.942 0.299 -0.351 -2.005 
AIC gain (for alignment): -87.566 (p-value = 0.0000)

Alignment name: 1azp.phylip
Number of taxa: 3
Number of sites: 59
AIC gain (for each site): 0.788 -0.579 -0.442 -0.649 0.226 -0.232 0.226 0.538 0.258 -0.017 0.457 0.212 -0.388 0.491 -0.438 0.170 0.226 -0.651 0.226 0.226 -0.388 -0.145 -0.493 -0.388 0.538 0.226 -0.372 -0.617 0.170 -0.649 0.290 -0.232 0.491 -0.029 0.503 0.771 0.538 0.226 0.290 0.538 -0.340 0.538 0.016 -0.388 0.170 0.150 0.226 0.491 0.016 0.372 0.226 0.150 -0.790 -0.749 0.081 -0.372 -0.751 0.260 -0.442 
AIC gain (for alignment): 0.776 (p-value = 0.4052)

Alignment name: 1hz6.phylip
Number of taxa: 3
Number of sites: 70
AIC gain (for each site): 0.836 0.370 0.151 0.168 0.342 0.362 0.151 0.200 -0.362 0.353 -0.951 0.253 0.749 0.319 -0.845 -0.244 -0.693 0.613 0.517 0.560 0.604 -0.109 0.154 0.190 0.040 0.662 -0.693 0.253 0.560 0.353 -0.693 0.502 0.330 0.040 -0.118 -0.325 -0.049 0.040 -0.236 0.267 -0.236 0.040 0.517 -0.123 -0.829 0.211 0.253 0.480 -0.038 0.560 0.325 -0.236 0.353 -0.118 0.517 -0.526 0.579 0.517 0.623 0.560 -0.209 0.353 -0.854 0.319 -0.951 -0.472 -0.693 0.040 0.560 0.253 
AIC gain (for alignment): 6.395 (p-value = 0.0475)

Alignment name: 1u5p.phylip
Number of taxa: 80
Number of sites: 124
AIC gain (for each site): -2.381 -4.895 -0.096 -2.975 0.676 -1.891 -1.261 1.978 -1.151 -1.458 -1.162 -1.752 -3.174 -2.276 -0.638 0.356 -5.269 -2.604 -0.616 0.821 -0.403 -0.938 0.658 2.541 -2.151 -0.267 0.331 -2.299 -0.319 -1.920 1.188 0.291 0.064 2.610 -0.935 3.091 -0.332 0.889 0.537 -0.865 1.708 -2.461 0.608 3.819 -0.577 0.638 -0.566 -0.846 -0.892 -0.369 -1.114 1.679 -2.143 -0.650 2.850 -4.180 -4.632 -1.268 -2.150 -0.614 -1.981 2.752 1.484 0.525 -1.988 -1.855 -1.473 -5.468 -2.678 0.320 -0.583 -0.180 0.443 4.145 -2.793 -2.807 -1.356 2.764 -4.869 0.065 -2.413 2.712 0.706 3.311 -0.601 -0.385 0.391 0.793 1.040 2.342 2.652 -0.933 0.542 0.393 3.962 -1.279 -2.313 0.347 1.761 -2.844 -1.378 -0.018 -0.140 -3.641 -2.660 1.174 -0.498 -0.799 1.565 -0.200 -3.008 -5.104 2.610 3.249 -6.523 4.212 0.772 -1.667 -4.862 2.229 -1.402 -1.746 -4.479 -2.493 
AIC gain (for alignment): -69.313 (p-value = 0.0025)

Alignment name: 3ssi.phylip
Number of taxa: 25
Number of sites: 96
AIC gain (for each site): 0.656 0.372 0.176 -0.717 -0.794 2.091 -0.956 -0.446 -0.102 -1.489 -0.136 1.261 1.886 2.863 -1.408 0.484 -0.799 0.298 0.834 1.093 -1.120 -0.650 -0.141 0.827 0.544 -1.049 0.607 -1.135 0.632 0.386 1.068 1.068 -0.001 0.772 2.434 -0.355 0.175 -0.643 0.418 3.288 2.095 -0.313 -1.135 0.971 0.851 -1.049 0.338 2.953 -2.122 3.169 0.168 0.012 0.390 1.672 -0.149 1.558 0.883 -1.291 -0.153 1.048 0.924 0.455 0.799 1.685 3.348 0.987 -0.613 -0.220 1.185 2.228 -1.911 -0.368 0.216 -0.075 -1.342 1.540 -0.190 0.990 -0.473 -1.772 0.772 1.476 -0.340 -2.141 1.138 -0.580 0.139 0.315 2.266 -0.240 0.278 0.054 0.248 -0.962 -0.149 0.554 
AIC gain (for alignment): 32.409 (p-value = 0.0028)

Alignment name: 1rtp.phylip
Number of taxa: 97
Number of sites: 143
AIC gain (for each site): -2.408 1.183 0.653 -4.164 -4.280 -1.194 -4.006 -0.240 -2.377 -3.364 -1.828 0.234 0.234 -0.514 -3.648 4.390 0.795 2.624 4.830 3.122 5.083 -0.355 -3.954 3.052 -1.621 1.353 -4.494 -2.781 -5.815 -3.840 -0.149 -0.209 0.132 0.257 -0.900 0.012 -0.701 0.132 -0.209 -0.341 -0.856 0.656 0.822 -0.426 -0.117 -0.442 -0.065 -0.399 -0.379 -0.273 -1.890 -4.444 1.299 1.472 -1.959 0.450 0.077 2.118 -0.860 -0.360 -0.709 -0.001 -0.410 -0.716 0.544 0.527 0.686 0.920 0.075 0.880 -0.253 0.205 0.149 -0.548 -0.684 0.258 -0.308 -1.379 0.598 1.087 -0.700 -0.204 -0.020 0.197 -0.535 -0.995 -3.370 4.421 4.185 2.870 3.180 -2.664 7.232 1.505 -0.276 0.726 0.306 -0.276 0.243 0.661 -0.085 -1.396 0.662 -0.497 -0.846 -3.414 -4.747 0.132 0.300 1.885 -1.510 -3.227 -4.028 -7.725 0.503 -1.972 -1.309 0.079 0.145 -0.032 6.429 1.315 5.558 2.103 -0.267 3.565 -0.158 5.216 0.130 -0.151 0.310 0.910 -2.450 9.812 0.532 -0.576 -4.179 -2.603 1.494 0.352 1.729 -0.487 -0.786 
AIC gain (for alignment): -12.758 (p-value = 0.3336)

Alignment name: 1rn1.phylip
Number of taxa: 99
Number of sites: 145
AIC gain (for each site): -1.330 0.430 4.142 0.565 -1.200 -3.797 8.841 0.603 0.885 7.275 7.582 0.057 2.961 0.411 1.812 0.758 2.094 2.189 2.904 1.098 0.905 0.942 0.145 0.737 0.144 2.199 0.509 0.481 0.165 -1.095 2.120 2.057 5.674 -0.892 -2.560 1.400 2.948 2.672 7.226 0.717 5.327 1.915 2.264 0.414 7.314 0.194 0.503 0.503 0.503 0.149 0.671 -1.562 -0.648 1.781 1.764 1.379 6.984 2.823 2.999 -0.573 0.514 -0.974 1.112 -0.074 -0.160 0.807 -1.643 1.835 -0.538 4.111 4.273 2.674 3.179 0.892 6.020 1.464 0.178 -0.491 -0.041 -0.041 -0.041 -0.041 -0.041 0.503 0.205 0.257 0.205 -0.149 0.234 0.234 -0.041 -0.041 -0.041 -0.041 -0.041 -0.041 -0.041 -0.041 -0.348 0.500 0.846 0.286 0.342 0.067 0.230 0.394 3.607 0.231 0.533 -0.041 -0.041 -0.041 0.012 -2.395 -5.123 -2.655 -0.361 -0.694 1.455 1.895 3.264 1.593 3.454 4.165 1.551 2.295 2.119 -1.072 2.212 1.340 -0.698 0.181 1.971 -1.289 2.115 -0.323 8.079 1.915 0.140 -0.193 3.789 1.672 -1.007 2.781 2.259 
AIC gain (for alignment): 164.630 (p-value = 0.0000)

Alignment name: 1tup.phylip
Number of taxa: 5
Number of sites: 197
AIC gain (for each site): 0.621 -0.366 -0.590 0.395 0.021 0.606 1.123 0.929 -0.214 -0.045 0.595 1.251 -0.307 0.427 -0.870 -0.627 -0.688 0.209 -0.646 0.008 -0.171 0.286 0.210 0.315 0.041 0.253 0.193 -0.058 0.315 -0.613 0.315 -0.214 0.193 0.424 0.362 -0.791 0.212 0.253 -0.913 -0.440 -0.958 0.158 -0.961 0.041 0.253 0.315 -1.053 0.395 -0.934 0.096 -1.168 0.086 -0.360 0.512 0.335 0.178 0.395 0.395 0.161 0.595 -0.117 -0.274 -0.999 -0.330 0.041 -0.641 0.393 -0.643 -0.214 0.253 0.487 -0.182 0.214 -0.182 -0.498 -0.339 -0.050 -0.360 -0.360 -0.986 -0.330 -0.958 0.395 -0.089 -0.182 0.166 -0.300 -0.832 0.016 0.370 0.338 0.931 0.193 1.086 0.149 -0.139 0.611 0.044 -0.062 0.211 -0.182 -0.791 -1.044 -0.330 -0.360 0.169 0.595 0.157 -0.021 -0.496 -0.378 -0.504 -0.214 -0.322 -0.271 0.522 -0.129 -0.227 0.315 0.276 -0.330 -0.416 0.193 -0.360 -0.605 -0.360 0.395 -0.214 0.169 0.844 0.395 0.258 -0.347 0.595 -0.135 -0.045 -1.033 0.315 0.315 -1.063 -0.265 -0.586 0.157 -0.287 -0.351 -0.958 0.303 0.193 0.193 -0.958 -0.333 0.595 0.595 -0.351 0.303 -0.330 -0.330 0.395 -0.880 -0.791 -0.175 -0.880 -0.989 0.315 -0.791 0.169 0.485 -0.023 0.184 0.595 -0.050 -0.637 -0.791 0.595 -0.330 -0.204 -1.014 -0.646 0.169 0.266 -0.330 -0.788 -0.958 0.041 -0.958 0.395 0.595 -0.330 0.522 -0.330 -1.030 0.001 -0.004 0.169 -0.082 -0.040 -0.449 
AIC gain (for alignment): -18.365 (p-value = 0.0049)

Alignment name: 1ifc.phylip
Number of taxa: 99
Number of sites: 177
AIC gain (for each site): -0.164 5.655 0.336 6.943 -2.596 -1.480 -0.114 -1.858 2.982 1.513 2.634 6.295 0.534 1.224 1.951 2.574 -0.407 1.977 -6.291 0.824 -2.256 1.596 -1.234 0.707 -1.919 1.570 -1.185 -1.398 -3.288 0.470 -1.728 -1.924 6.228 -0.354 -1.627 2.629 -4.350 -1.090 2.001 3.729 -1.220 0.593 -1.771 1.078 -0.218 -2.206 1.768 -0.748 -0.003 -0.678 7.254 0.132 0.149 0.205 0.149 0.132 0.378 -0.548 -0.267 0.095 7.245 5.981 0.872 3.943 -0.204 -0.329 -1.899 -0.253 3.235 6.257 2.105 1.586 3.884 -2.521 2.095 -0.939 0.683 0.482 -0.063 -0.138 2.400 6.030 -2.952 6.628 -1.870 5.786 3.689 4.043 -3.553 -0.498 0.155 1.563 1.732 -0.143 1.607 0.056 5.666 1.468 -0.453 -0.070 0.431 0.135 7.293 -3.967 1.023 -2.775 -3.347 -0.585 1.787 6.353 4.011 7.655 -0.431 2.184 1.788 -2.939 -0.239 -6.388 1.860 -0.886 0.200 4.240 1.009 0.157 1.657 1.348 4.498 5.543 4.223 -1.260 0.364 -0.922 0.871 3.503 -2.348 1.737 -1.842 -1.424 -1.515 1.072 7.030 1.798 2.643 -0.019 5.718 3.262 2.261 1.668 0.503 3.478 2.691 -1.222 -3.150 -1.113 -0.278 -0.916 -6.056 1.401 1.077 -3.297 -0.335 0.191 4.009 -2.478 5.952 -0.022 -0.803 -1.372 0.503 -4.372 0.760 -0.989 5.289 0.363 1.037 -1.975 0.840 
AIC gain (for alignment): 144.847 (p-value = 0.0000)

Alignment name: 1bta.phylip
Number of taxa: 99
Number of sites: 125
AIC gain (for each site): 1.969 -5.610 1.945 -2.437 2.652 0.885 -2.607 2.405 8.205 2.348 2.723 1.442 -2.151 -1.459 -1.641 0.762 -7.433 0.040 1.219 2.121 -2.522 5.078 0.654 -2.513 3.354 3.689 -2.139 1.556 1.185 -6.795 -0.368 3.855 -0.543 1.947 1.667 -0.918 0.663 -1.555 1.314 -2.461 -4.957 0.793 -0.389 -0.140 1.879 -3.281 2.131 0.675 0.124 -1.042 -0.679 -0.290 0.115 1.892 0.079 1.002 -0.219 3.285 -0.257 2.453 0.847 -0.594 -0.030 1.477 3.741 2.813 1.602 -0.622 -0.926 -0.179 -0.644 -0.779 -0.803 0.520 0.464 -0.089 0.260 0.002 -0.803 0.106 -5.185 7.141 -1.056 -2.944 7.179 -5.582 3.738 -1.484 -6.288 -3.283 -1.250 2.415 0.087 -2.300 1.811 3.294 -0.317 -0.368 0.378 0.012 0.503 0.466 -0.267 0.168 -0.343 0.166 0.038 0.850 1.535 -5.844 -4.709 5.448 1.465 -3.143 -5.500 -3.775 -2.460 -2.160 -3.606 -3.001 -0.278 2.679 3.138 4.405 -3.692 
AIC gain (for alignment): -1.863 (p-value = 0.4761)

Alignment name: 1cey.phylip
Number of taxa: 52
Number of sites: 145
AIC gain (for each site): -0.696 -2.019 -1.759 -1.935 -3.396 1.022 -4.336 -0.107 -0.812 -0.097 2.601 -0.833 0.465 -2.784 -1.789 0.383 -2.914 -2.783 -0.310 0.257 -0.209 -0.800 -0.403 0.818 0.064 -0.149 2.009 3.317 -3.987 0.378 0.503 0.282 1.938 -1.695 0.338 -0.341 1.360 -1.982 4.161 4.529 -0.908 -0.165 1.068 -1.869 0.579 0.123 -0.130 -3.120 -0.013 0.257 -0.701 -0.117 -0.199 1.415 -0.746 1.769 0.628 -0.114 0.313 0.299 0.492 -6.366 1.958 -3.299 -5.608 -3.702 -4.970 1.836 -2.710 -1.259 -4.430 3.014 4.789 0.299 0.011 0.580 0.205 -0.209 0.503 5.275 1.982 -2.408 -1.813 -2.393 -2.151 -0.659 -1.674 -3.800 0.013 -1.091 0.466 -3.004 5.861 -0.128 -0.571 0.157 2.728 -0.209 0.503 -0.267 -0.958 2.314 -1.458 -1.361 -2.077 -4.498 0.294 0.239 -0.158 -1.231 -1.360 1.977 0.535 -1.452 0.540 1.943 2.537 0.952 0.166 -3.385 -1.316 -0.435 1.600 -0.516 1.770 -0.862 2.576 4.598 -2.396 -2.746 -3.187 1.523 0.816 -3.318 -0.161 6.150 3.084 0.736 -1.294 -2.850 -1.906 2.879 -0.298 -3.665 -3.665 
AIC gain (for alignment): -44.710 (p-value = 0.0485)

Alignment name: 1ycc.phylip
Number of taxa: 66
Number of sites: 179
AIC gain (for each site): -1.642 2.198 -0.688 -1.492 0.168 3.324 3.689 -1.740 -0.526 2.023 4.850 0.701 2.787 -0.032 -0.025 0.163 0.257 0.304 -0.721 0.822 1.360 -0.337 -2.320 -3.601 -0.337 1.465 0.257 4.069 1.604 2.974 1.535 2.840 3.071 -0.241 1.550 1.827 1.383 1.731 0.080 0.226 -0.624 0.615 0.295 0.963 -0.223 -0.389 0.548 0.674 0.604 -0.032 -0.692 -0.347 0.264 0.257 -0.368 -0.701 0.466 0.378 0.257 -0.267 -0.217 0.121 0.706 0.042 0.392 0.365 -0.304 0.280 -0.080 -0.177 -0.872 0.284 1.260 -0.068 -1.098 0.751 0.213 5.580 0.736 1.299 4.204 0.747 3.972 4.218 -1.947 4.544 2.435 1.294 2.663 2.986 1.313 3.586 -1.072 2.652 -2.983 -0.200 0.687 -0.495 -0.126 -1.302 0.332 0.403 -1.873 2.572 0.211 -0.447 0.298 0.466 0.012 0.295 -0.092 -0.630 1.195 4.567 4.283 -0.851 0.184 2.439 -0.539 -2.206 4.399 5.202 1.258 1.693 7.594 1.320 0.791 1.523 0.424 1.036 0.735 1.171 0.403 0.322 -0.374 0.466 -0.701 0.168 -0.149 0.132 0.205 -0.900 0.378 0.257 0.466 0.503 -0.149 0.168 -0.701 0.149 -0.368 0.149 0.149 0.050 0.019 0.284 -0.287 -0.514 -0.109 5.788 -1.692 -1.492 7.810 2.320 0.378 4.290 -2.359 -1.989 -0.438 4.823 -4.889 -3.704 2.679 -1.157 -4.470 1.667 5.066 -0.388 5.738 
AIC gain (for alignment): 127.393 (p-value = 0.0000)

Alignment name: 1ag2.phylip
Number of taxa: 15
Number of sites: 134
AIC gain (for each site): 0.530 0.090 0.153 -0.228 -0.795 -0.755 1.704 -1.258 1.500 0.248 0.419 0.046 0.073 0.267 0.012 -0.272 -0.272 0.018 -0.299 -0.141 -0.208 0.532 0.036 -0.667 0.523 -0.039 -0.096 -0.968 -0.467 -0.440 -0.265 0.904 -0.330 -0.399 0.837 0.211 -0.149 -0.384 0.069 -0.402 0.795 -0.335 -0.652 1.133 -1.103 -0.834 -0.172 0.567 -1.357 0.006 0.589 -1.189 0.684 0.127 0.878 0.150 0.080 0.047 0.024 0.849 0.507 -0.003 0.078 0.646 -0.506 0.459 -0.285 0.198 0.172 0.041 0.063 0.041 0.041 -0.180 0.497 -0.566 0.192 0.121 0.504 0.145 -1.652 -0.613 -0.328 -1.260 -1.611 -0.164 1.229 0.384 -1.132 -1.177 -1.254 0.268 -0.645 -1.357 -1.165 0.131 0.362 -0.162 -0.964 -0.516 -0.480 0.351 0.149 0.012 0.012 -0.389 -0.227 0.458 -0.420 -0.491 0.532 -1.045 -0.417 -0.701 -0.101 -1.458 -0.446 0.297 0.244 0.199 2.684 -0.841 -0.029 -0.730 -0.261 -1.966 0.031 -0.697 -1.805 -1.240 -0.178 -1.813 -0.770 -0.052 
AIC gain (for alignment): -21.422 (p-value = 0.0049)

Alignment name: 1sup.phylip
Number of taxa: 43
Number of sites: 881
AIC gain (for each site): 2.602 0.327 3.220 -1.202 0.817 -2.895 -2.514 -2.385 -3.793 0.660 1.373 1.519 -1.121 -0.448 2.733 3.924 -0.087 -2.450 1.745 -1.648 0.290 0.150 -0.227 0.658 0.569 2.389 1.252 0.446 3.026 -3.661 1.363 1.513 -0.751 -0.540 2.227 -1.633 1.732 0.874 0.175 2.907 0.940 0.195 0.977 0.418 -0.144 -0.412 -0.400 0.257 0.697 0.317 -0.071 0.554 0.622 0.358 -0.976 0.358 0.622 -1.013 0.238 0.622 -0.405 0.393 -0.860 0.422 -0.976 0.396 0.401 0.342 -0.187 0.640 -0.716 0.396 0.229 0.622 0.310 -0.214 -0.197 -0.776 0.622 -1.013 0.263 0.446 0.503 -0.209 0.466 -0.548 -0.209 0.378 0.205 0.012 -0.701 0.205 0.168 -0.267 -0.800 0.149 0.205 0.168 -0.267 0.205 0.168 0.205 -0.800 -0.096 0.466 0.378 -0.368 -0.149 -0.267 -0.368 0.012 -0.701 0.012 0.168 0.012 -0.900 -0.267 0.205 0.149 0.168 0.168 -0.548 0.466 -0.368 0.012 0.257 0.257 0.503 0.132 0.132 0.149 0.012 0.257 0.205 -0.701 -0.800 0.205 0.168 0.168 -0.701 0.149 0.132 0.149 -0.368 0.168 -0.701 -0.701 0.257 0.132 -0.548 0.168 0.205 0.205 -0.209 0.132 0.466 0.378 0.503 0.378 -0.776 -0.435 0.041 -1.152 -0.435 -0.148 0.217 0.508 0.351 0.542 0.317 0.056 0.133 -0.310 -0.208 -0.597 -0.310 0.429 0.317 0.577 0.358 0.351 0.622 0.853 -0.464 0.036 0.153 -0.651 -0.079 -0.184 -1.194 0.176 0.007 -0.228 0.211 0.182 -0.248 0.641 0.439 0.687 -0.457 1.281 -0.591 0.448 6.010 0.465 3.382 0.042 3.632 3.183 4.624 0.463 1.734 1.129 5.157 5.589 -1.175 1.464 4.467 -0.548 0.012 -0.900 0.205 -0.368 0.466 -0.548 -0.701 0.205 0.132 -0.403 0.012 0.132 -0.368 0.012 0.466 -0.368 0.503 0.378 -0.368 0.012 0.466 -0.368 -0.368 0.234 -0.096 -0.149 0.466 0.503 0.168 -0.403 -0.096 -0.267 -0.368 -0.900 -0.800 0.466 0.234 0.132 -0.548 -0.267 0.503 -0.267 -0.701 0.503 -0.701 0.503 0.257 -0.368 -0.701 0.503 0.234 -0.548 -0.267 0.168 0.234 0.503 0.466 -0.209 0.012 -0.209 -0.701 0.234 0.257 0.205 0.466 0.132 -0.368 -0.368 -0.209 0.234 -0.368 -0.267 -0.368 0.132 -0.091 -1.182 -0.112 1.069 -0.053 -0.809 1.491 0.510 -0.558 -0.325 0.288 0.259 0.013 0.381 -0.334 2.010 -0.631 -1.586 -0.970 -1.766 -1.587 -0.600 -3.328 -1.173 0.392 2.709 0.912 0.078 2.212 -0.087 2.061 1.450 0.053 0.041 2.475 2.445 -1.210 1.785 0.529 -2.143 -0.085 1.116 3.977 -3.358 3.304 -4.024 1.951 -0.217 0.152 0.243 0.646 -0.293 0.675 0.164 -0.320 0.787 -0.235 0.184 0.633 -0.009 -0.420 -0.177 -0.520 -0.431 0.309 0.361 0.876 -0.107 -3.307 0.369 0.331 4.108 2.387 1.201 1.969 -1.171 -0.263 2.909 2.452 1.703 0.416 -0.334 2.176 4.209 -4.141 -2.291 -0.937 -0.079 0.466 -0.701 -0.701 0.012 0.132 0.205 0.168 0.205 0.168 -0.403 0.012 -0.800 0.168 -0.267 -2.764 -1.442 -0.704 -1.877 -1.883 -0.264 0.711 2.629 2.829 -2.284 0.681 -0.535 -0.376 0.200 1.309 0.856 0.331 -0.630 -0.103 -0.137 -0.364 -2.364 0.168 -0.403 -0.403 -0.267 0.132 0.205 -1.078 -0.873 -1.130 -1.111 -1.463 1.871 0.646 -0.154 -0.280 -0.886 -0.388 0.372 0.745 3.519 1.161 2.013 -1.264 3.902 2.506 3.244 2.606 -0.544 0.916 0.818 -0.744 1.384 -1.918 0.973 -0.306 0.610 0.012 0.132 0.503 0.132 -0.403 0.378 0.302 -0.999 0.514 1.533 -2.267 -1.983 1.545 1.004 -1.530 0.549 0.169 1.287 0.873 0.693 2.372 -2.079 -2.050 -1.519 -0.860 -1.174 -3.315 -3.343 1.508 1.108 0.617 1.457 -1.210 -0.548 0.012 0.132 -0.701 -0.701 0.012 0.149 0.012 0.234 0.012 0.205 0.257 0.012 -0.800 0.234 -0.368 0.503 0.235 -0.355 2.743 1.536 1.892 1.354 1.236 -0.067 -0.603 0.694 -0.524 -0.237 0.203 -0.730 1.461 0.615 1.436 2.115 -1.084 1.067 0.972 1.360 -2.839 3.843 -0.033 -0.966 2.769 0.340 0.064 1.822 -2.845 -3.089 -1.505 -0.209 -0.701 0.132 0.132 -0.800 0.466 -0.209 -0.096 0.466 1.163 0.393 -0.075 -0.435 -0.264 0.379 0.307 -1.917 -3.066 -1.893 -1.674 -3.828 -3.002 1.111 -0.526 0.995 0.107 0.463 -0.683 0.272 0.106 -0.559 0.358 0.349 0.009 0.313 -0.037 0.573 0.459 0.066 0.039 -0.388 -0.688 0.397 0.530 -0.186 0.924 -0.158 0.843 0.063 0.147 0.487 0.428 0.182 -0.351 0.059 -0.207 -0.186 -0.420 0.090 -0.066 -0.202 0.370 -0.352 0.475 -1.158 -0.151 0.286 0.758 0.371 0.637 0.135 0.147 -0.021 0.369 0.525 -0.021 0.060 0.218 0.536 -0.194 -0.085 -0.621 -0.857 0.226 -0.266 0.903 0.024 -0.082 -0.331 -0.256 -0.653 0.364 0.234 0.158 0.658 -0.002 -0.630 0.227 -0.402 -0.271 1.169 0.568 -0.252 0.482 -0.117 -0.617 -0.388 -0.011 0.139 0.783 -0.029 -0.320 0.624 0.200 -0.688 0.176 -1.331 0.055 0.541 0.990 1.450 0.195 -0.197 0.933 1.160 0.833 -1.165 1.509 0.864 0.577 -0.120 0.746 -0.326 0.037 -1.077 1.218 0.544 -1.790 0.636 -0.140 -0.344 -0.162 -0.730 -0.132 0.520 0.689 0.547 -0.941 -0.368 0.466 -0.096 -0.368 0.234 0.012 -0.149 0.378 0.466 0.466 0.132 -0.701 0.503 -0.368 0.335 -0.327 0.041 -0.090 -0.496 -0.053 0.152 0.953 0.602 0.512 0.526 1.117 2.782 0.883 3.454 1.358 -1.397 -3.193 2.602 -1.060 1.218 -0.050 1.126 0.531 0.312 -1.066 1.144 2.369 1.007 -0.080 0.485 0.737 2.043 0.147 -1.791 0.304 0.646 -1.703 -4.314 -2.883 1.429 -0.116 -0.190 -0.256 1.387 -0.958 0.112 -3.122 -1.364 1.103 1.259 -1.316 3.689 0.571 1.956 3.200 2.605 4.120 2.249 -2.046 2.489 -0.965 0.105 1.285 1.951 0.228 0.159 0.352 0.324 0.878 0.582 0.503 -0.368 0.132 0.503 0.503 -0.368 0.503 -0.800 0.378 -0.209 -0.126 0.463 -0.937 -0.366 1.006 1.518 0.308 -1.175 -1.359 0.414 0.962 2.048 1.971 1.502 1.720 1.461 -2.088 -5.379 -0.096 1.621 -1.639 -4.016 -1.461 -2.092 -2.257 -0.357 -1.763 -4.050 1.119 0.601 0.415 3.020 -1.393 3.425 1.353 -0.050 0.839 -0.544 1.722 0.537 3.171 0.034 1.094 2.084 0.360 -0.584 0.627 -0.289 0.050 0.352 -0.220 0.244 0.818 -1.095 -3.509 -0.770 1.428 0.061 -4.277 -1.233 0.897 -0.506 -1.392 1.336 3.047 -0.042 2.360 1.228 1.168 0.316 -0.147 0.740 -0.207 -0.167 0.364 -0.209 0.378 -0.267 0.466 0.684 0.068 -0.473 1.640 1.308 0.754 -0.347 -0.338 1.214 2.142 2.127 1.357 3.179 0.387 0.474 0.124 3.018 -1.568 -1.987 -1.899 1.487 -0.646 1.508 
AIC gain (for alignment): 135.995 (p-value = 0.0000)

Alignment name: 2trx.phylip
Number of taxa: 37
Number of sites: 120
AIC gain (for each site): 2.370 -0.200 -0.905 2.614 -0.215 -0.063 5.295 2.516 1.326 0.234 0.378 -0.553 -1.371 0.227 0.596 -2.369 0.806 2.134 0.518 -0.054 0.403 0.403 -0.086 0.168 0.132 0.205 4.706 0.891 -1.248 -0.474 -1.819 -0.076 -1.798 -0.275 0.240 2.941 -0.003 -1.340 0.987 -0.128 -1.340 -1.901 0.053 -1.733 1.132 1.049 1.010 -1.605 0.578 2.050 -1.830 -2.140 3.561 4.366 -1.528 3.474 4.188 -0.138 0.132 0.205 0.792 0.486 2.596 -2.615 2.476 -1.653 -0.079 1.273 -2.671 0.091 -2.478 2.042 2.498 -2.176 1.570 0.852 -0.089 -1.433 0.535 1.113 -1.552 3.643 -3.622 0.574 -1.936 -1.020 0.574 0.777 -3.309 0.195 -1.996 -0.458 0.444 3.098 0.716 2.675 2.411 -0.584 0.972 -0.036 -0.226 0.710 -0.818 2.090 -0.205 -0.906 0.585 -0.755 2.592 2.091 -0.618 3.468 -1.317 0.227 1.381 0.190 -2.374 2.346 0.888 -0.674 
AIC gain (for alignment): 40.064 (p-value = 0.0183)

Alignment name: 1vqb.phylip
Number of taxa: 7
Number of sites: 94
AIC gain (for each site): -1.256 0.873 -1.119 -0.057 -1.346 0.278 -0.360 0.382 -0.047 0.160 -0.021 0.248 0.462 -0.446 -0.680 1.116 0.305 0.127 -0.281 -0.593 0.406 0.576 0.952 0.415 0.274 0.374 0.336 -1.259 -0.949 0.365 0.172 -0.317 -0.980 0.289 -0.025 -0.333 -0.449 0.509 1.059 -0.286 0.312 -0.353 -0.486 0.156 -0.170 0.220 -0.808 0.419 0.006 -0.130 -0.762 0.992 -0.919 0.012 0.378 -0.800 0.683 -1.033 -0.280 0.266 1.579 0.190 -0.725 0.237 -0.323 1.370 -0.150 0.919 0.100 -0.279 0.687 -1.523 0.215 0.541 0.748 0.560 -1.005 0.393 0.216 1.759 -0.267 0.464 -0.639 1.096 0.173 -1.302 0.612 -1.111 0.503 -0.110 -0.474 -0.345 -0.221 -1.571 
AIC gain (for alignment): -1.104 (p-value = 0.4364)

Alignment name: 1fkj.phylip
Number of taxa: 99
Number of sites: 243
AIC gain (for each site): 2.902 6.247 2.663 2.952 -0.798 5.622 1.239 5.393 6.160 0.552 -2.857 -3.151 -0.368 0.466 -0.096 0.466 0.503 -0.209 4.153 -0.525 1.145 -0.982 5.521 -2.396 3.363 -0.255 -0.252 0.482 0.168 0.205 0.080 0.290 0.485 2.751 2.670 6.771 0.263 0.146 0.114 4.844 10.692 6.902 -0.738 0.838 -0.598 1.306 -0.204 0.330 0.182 -0.137 0.088 0.205 0.012 -0.041 -0.041 -0.041 -0.209 0.503 0.306 -0.128 0.492 0.781 -0.302 1.677 3.520 -0.120 -0.406 0.503 -0.701 0.503 0.784 1.578 2.078 4.296 7.223 2.289 -2.634 3.352 -3.697 6.668 -3.267 5.043 1.112 0.367 0.297 -0.212 3.316 0.022 0.462 -0.542 1.240 -0.176 -2.372 3.713 -0.041 -0.041 -0.041 -0.041 -0.041 -0.041 -0.041 -0.041 -0.041 -0.041 -0.041 -0.041 -0.041 -0.041 -0.041 -0.041 -0.041 -0.041 -0.041 -0.041 -0.041 -0.041 0.119 -3.253 -3.300 -1.809 -4.511 -5.660 3.692 5.556 -0.399 -0.422 0.587 -0.041 -0.041 -0.041 -0.041 -0.041 -0.756 0.155 0.413 3.215 1.361 9.741 2.688 0.035 -3.073 3.114 -3.168 -1.656 -1.991 -2.422 4.294 1.609 -0.149 -4.110 1.382 -0.284 0.034 4.940 6.129 -0.209 0.257 0.168 0.234 -0.701 -0.800 -0.701 0.012 -0.368 0.378 -0.701 0.466 0.503 -0.701 0.503 -0.701 0.132 0.168 0.378 0.378 0.168 -0.800 0.503 0.149 0.234 -0.548 0.132 0.132 0.378 -0.209 0.503 0.205 -0.548 0.205 -0.368 -0.800 0.466 1.992 3.734 -1.121 1.577 9.864 5.577 9.167 -0.245 -0.008 0.590 -1.025 0.290 0.848 1.931 6.534 6.781 -0.443 0.162 -0.084 -0.007 -0.443 -0.302 -0.701 -0.041 -0.041 -0.041 -0.041 -0.041 -0.041 -0.041 -0.041 -0.041 -0.041 -0.041 -0.267 -0.345 -0.273 0.225 -0.498 -0.665 0.297 -0.191 2.776 -1.564 4.579 -1.713 -6.355 -8.886 3.876 -2.621 0.740 
AIC gain (for alignment): 155.681 (p-value = 0.0000)

Alignment name: 1chk.phylip
Number of taxa: 36
Number of sites: 244
AIC gain (for each site): 1.297 -2.955 -0.778 -3.190 -0.725 0.279 -0.436 -0.353 0.080 0.346 1.008 1.947 -0.723 -1.551 0.950 0.248 -0.300 1.617 1.083 -1.049 0.889 -0.135 -1.819 3.348 0.132 -0.548 0.783 1.276 -0.755 0.813 0.404 0.827 -1.053 0.597 -0.550 -1.031 0.813 -0.351 -1.894 0.100 0.691 0.985 0.819 0.783 -0.202 -0.439 0.057 -0.865 -0.657 -0.996 0.605 -0.423 -1.647 0.167 -0.346 0.097 0.271 0.112 1.576 -0.044 4.050 -0.995 1.858 2.302 -1.191 -1.549 1.002 0.457 -1.020 -1.459 -0.011 -0.517 0.709 1.177 0.168 0.168 -0.149 2.368 0.180 0.457 0.638 1.261 0.714 2.136 1.140 -0.361 1.005 0.534 -0.995 0.378 4.760 1.733 2.454 -0.914 5.085 1.529 5.018 -0.019 -2.562 2.626 -0.837 -0.265 0.234 4.691 2.544 2.353 1.522 -0.459 -0.709 1.654 -0.202 0.408 -0.904 4.445 0.932 -0.154 0.295 -1.475 0.981 -0.181 -1.162 2.534 0.287 -0.976 0.373 0.988 -1.115 -1.394 1.206 -0.099 0.678 1.176 0.132 0.012 0.205 0.257 -0.267 0.378 0.503 0.378 -0.368 -0.821 -1.577 0.363 -0.923 -1.120 0.365 0.372 -0.047 -0.476 -1.069 -0.368 0.783 -1.524 -1.000 -0.782 0.345 0.161 0.813 2.670 1.282 4.208 3.911 2.676 -1.067 0.497 -0.209 0.168 0.964 -1.645 -1.891 1.562 -0.117 -1.368 -0.020 3.033 0.529 -0.418 0.253 2.126 -1.784 0.214 -0.470 3.370 0.792 -1.835 0.452 2.058 0.316 -0.881 2.544 0.028 2.628 1.557 -0.626 -0.990 -1.730 0.013 -0.525 -0.484 0.482 1.308 0.367 3.259 6.941 0.290 -1.595 0.073 -3.989 3.069 -0.130 2.432 1.003 1.562 0.277 2.208 1.628 -1.314 1.965 0.042 -0.646 0.359 0.209 4.545 0.089 -0.836 0.065 -0.485 -0.460 1.323 3.740 -0.852 -0.507 -1.431 -0.970 1.404 -0.374 -1.513 3.415 -1.093 1.413 2.748 0.931 -1.389 
AIC gain (for alignment): 96.798 (p-value = 0.0000)

Alignment name: 1dyb.phylip
Number of taxa: 14
Number of sites: 160
AIC gain (for each site): 0.302 1.048 0.849 -1.460 0.761 -0.617 1.615 -0.522 0.725 0.503 0.045 -0.079 0.479 0.139 0.390 -0.034 2.333 -0.586 1.336 0.428 0.537 1.957 -0.052 0.147 -1.181 -0.382 0.554 -0.580 0.036 0.149 -0.368 0.503 -0.267 0.168 -0.405 0.356 1.196 -1.169 1.026 0.857 -0.332 -0.781 1.152 0.362 1.355 1.106 -1.435 0.479 1.987 0.139 0.212 -0.313 -2.620 -0.311 -1.553 1.064 0.257 1.531 0.490 1.498 -0.562 -0.701 -1.177 1.282 0.599 -0.023 -1.349 -0.445 0.800 0.571 0.393 -0.218 -0.622 -0.701 0.105 0.186 0.094 0.291 0.886 1.576 -1.233 1.702 0.960 1.511 0.568 0.434 1.532 0.386 -0.849 0.116 -0.058 -1.098 0.130 -1.526 0.125 -1.369 1.703 -0.557 1.133 0.191 -0.978 -0.487 0.430 -0.193 -0.193 0.274 0.292 -0.135 -0.093 0.908 0.868 -0.172 1.402 0.442 -0.163 1.690 -1.318 -1.253 -1.596 0.531 0.218 0.102 -0.371 0.923 0.130 0.599 -0.821 0.576 -1.438 -1.812 0.888 1.224 -1.750 -0.304 0.478 1.223 -2.262 0.521 -0.191 1.208 1.536 -0.267 0.466 -0.900 -0.267 -0.800 -0.267 0.132 -0.466 1.372 -0.149 0.112 1.423 -0.391 0.870 -0.882 -0.837 -0.503 1.323 0.260 
AIC gain (for alignment): 20.975 (p-value = 0.0359)

Alignment name: 1mjc.phylip
Number of taxa: 34
Number of sites: 74
AIC gain (for each site): 1.703 2.695 0.273 2.051 -0.869 -0.662 -0.611 -1.583 0.733 1.795 1.780 0.035 0.452 -0.952 0.777 -0.811 -0.934 -2.535 0.974 0.760 1.981 0.176 2.456 3.105 0.205 -0.997 -1.408 -0.153 -0.263 -0.156 -0.680 1.054 0.701 -0.774 0.302 1.519 1.162 0.686 0.512 -0.064 0.205 0.285 0.302 0.355 -2.498 2.180 -0.945 0.771 0.762 2.218 0.131 1.510 -0.147 1.997 -0.569 -2.654 -0.506 2.409 -1.627 0.202 1.025 -0.278 2.138 -0.788 0.668 1.037 -1.184 0.261 0.534 0.758 -0.980 0.893 -0.603 -0.238 
AIC gain (for alignment): 22.060 (p-value = 0.0197)

Alignment name: 1b26.phylip
Number of taxa: 99
Number of sites: 210
AIC gain (for each site): -0.140 -1.914 -2.440 -1.109 0.529 2.119 -1.892 -3.365 1.917 0.029 -0.041 -1.390 -1.902 3.232 1.972 -0.548 0.503 -0.368 -0.267 -0.701 2.948 3.291 4.177 0.061 -1.904 -1.896 -0.737 8.896 -4.320 -2.456 -0.947 -2.394 -0.859 0.570 -2.543 4.389 -3.812 0.037 0.850 -0.701 -0.701 -0.900 -0.900 -0.773 -1.207 1.551 1.295 -0.041 -0.041 -0.041 1.505 -4.598 -0.489 0.128 -0.041 1.077 0.219 5.154 3.254 6.799 6.230 -0.636 0.221 0.140 -1.472 -0.497 0.350 0.792 0.717 -0.412 -0.977 -5.808 -0.713 -1.066 1.662 -0.917 -4.494 0.422 -1.359 -8.833 -4.347 1.542 9.090 -2.201 0.365 -5.133 -0.041 -0.041 -0.041 -0.041 -0.041 -0.041 -0.041 -0.041 1.223 1.223 -2.833 1.168 -0.041 -0.041 -0.041 -0.041 -0.041 -0.875 -1.403 -6.742 1.821 -0.041 -0.041 -0.041 -0.041 -1.021 5.074 -0.402 -0.375 -0.041 -0.041 7.413 -5.624 1.800 2.109 -9.935 1.892 0.536 1.729 -0.800 -0.473 -5.738 -2.015 -1.944 -1.146 -4.986 -2.980 4.256 -0.403 0.257 0.205 -0.041 -0.041 -0.041 -0.041 -0.041 -0.041 -0.041 -0.041 -0.041 -0.041 -0.041 -0.041 -0.041 -0.041 -0.041 -0.041 -0.041 -0.041 -0.041 -0.041 -0.267 0.378 0.466 -2.387 1.265 -0.389 -1.958 1.007 1.460 -1.312 -0.041 -0.041 -0.041 -0.041 -0.041 -0.041 -0.041 -0.041 -0.041 1.885 -0.919 -5.835 1.754 1.013 -1.148 -0.478 -1.005 -1.104 -0.041 -0.041 -0.041 -0.041 -0.041 -0.041 -0.041 1.569 -3.776 5.988 -1.887 2.492 1.045 1.392 2.027 -0.060 -3.023 -1.538 -5.563 2.367 2.524 2.437 -0.316 0.992 4.601 
AIC gain (for alignment): -26.736 (p-value = 0.2296)

Alignment name: 1bvc.phylip
Number of taxa: 73
Number of sites: 124
AIC gain (for each site): 2.038 -3.067 -0.433 3.134 -2.259 1.673 1.872 2.918 0.051 1.506 0.582 0.257 -5.006 0.960 0.838 0.119 0.989 0.132 0.254 -0.715 0.234 1.027 -3.209 1.389 2.166 -1.146 -1.896 0.920 -0.446 -3.965 -0.986 -2.923 -1.841 -4.636 -1.872 3.386 0.791 -1.090 1.942 0.981 -4.109 0.526 1.425 1.171 -2.328 6.592 -0.425 -0.667 -0.084 -0.719 2.175 -1.160 1.648 2.769 -1.475 1.885 3.359 -0.822 2.950 3.838 5.543 4.082 1.689 -1.920 -1.756 4.644 -0.611 -2.214 1.820 1.946 -1.475 -0.775 1.301 -2.291 -5.167 -0.506 -2.537 -0.972 -3.230 1.437 0.261 -5.096 0.486 0.147 1.037 1.740 2.043 4.822 3.810 3.011 -2.618 2.122 -0.203 1.016 -1.405 2.488 4.105 1.676 -2.780 2.346 5.691 0.757 -0.246 2.166 2.702 0.523 -0.588 0.673 0.068 0.068 -1.218 5.592 2.375 1.987 -2.479 -0.279 4.642 3.457 -2.872 -2.641 2.665 -5.021 -3.283 2.539 
AIC gain (for alignment): 46.511 (p-value = 0.0465)

Alignment name: 451c.phylip
Number of taxa: 99
Number of sites: 162
AIC gain (for each site): 6.066 8.135 3.008 -0.267 4.077 0.593 0.373 2.155 2.503 -7.841 -1.597 2.361 0.323 -0.810 0.405 -0.041 0.291 -0.157 0.314 -1.807 -2.098 -0.701 -3.378 -0.548 -1.807 -0.584 -0.441 3.930 1.030 0.754 0.844 3.114 1.383 11.785 0.252 0.226 0.322 -0.032 -0.418 -1.255 -0.210 -0.978 0.378 0.149 -1.376 0.582 0.862 1.029 -0.393 -0.061 -0.133 -0.522 -0.613 -0.394 1.480 0.619 -1.340 -1.100 2.624 2.468 4.753 -1.475 -0.042 0.168 -0.041 0.503 0.789 -2.192 4.980 0.968 1.102 -0.929 3.625 5.785 -1.340 8.228 0.902 -0.088 -0.041 -0.041 -0.800 1.564 5.189 0.484 -2.094 1.669 0.215 -0.041 -0.041 -0.041 -0.041 -0.041 -0.096 3.177 0.100 -2.373 -0.314 -0.799 0.717 3.739 2.421 0.046 -0.766 0.581 -0.701 -0.500 -0.524 0.663 -1.945 1.070 2.741 0.687 -0.154 0.273 0.576 -0.701 -0.800 0.503 0.149 -0.231 2.114 -0.801 -0.041 0.666 2.211 1.702 0.599 0.012 0.095 0.502 -1.468 0.277 -0.078 2.119 -2.299 -0.041 -0.041 -0.041 -0.041 2.332 5.686 0.608 -1.170 4.305 -1.287 0.132 0.378 0.638 3.334 1.232 6.976 5.239 -0.932 -2.346 1.767 -2.607 4.255 -6.023 -0.878 3.883 -3.573 -5.596 
AIC gain (for alignment): 94.510 (p-value = 0.0011)

Alignment name: 1otr.phylip
Number of taxa: 63
Number of sites: 89
AIC gain (for each site): -2.778 3.061 -3.166 -2.514 -3.500 0.515 0.713 -1.635 7.108 3.100 1.215 0.351 0.538 -0.104 -0.617 0.228 0.634 -0.933 1.252 -1.271 -0.904 -0.751 -2.537 4.799 -0.120 5.001 0.220 4.383 -2.014 -0.084 1.460 -3.033 1.311 -0.429 -1.390 -2.119 -4.425 2.648 -2.905 2.276 0.420 5.339 0.279 -0.330 0.069 1.220 0.284 -0.937 1.078 -3.140 -1.656 -0.869 1.736 -2.545 0.960 -1.561 0.631 1.773 -4.980 -1.461 -4.322 -0.548 0.082 0.679 0.898 -0.040 -1.186 4.646 -1.951 1.930 -3.676 -0.754 -0.313 5.017 -1.521 3.959 2.702 6.519 -0.245 -0.031 3.636 -3.207 0.268 -2.477 1.673 0.346 -0.330 4.155 -1.215 
AIC gain (for alignment): 14.592 (p-value = 0.2676)

Alignment name: 5azu.phylip
Number of taxa: 31
Number of sites: 129
AIC gain (for each site): 0.098 0.643 -0.603 0.949 -0.031 3.455 -1.669 4.286 0.317 1.629 -0.286 -0.213 -0.454 2.876 -0.966 1.242 0.998 -1.012 2.660 -2.817 1.623 -1.769 2.703 1.138 -0.390 -1.431 2.914 -0.278 0.444 0.104 0.082 0.341 0.286 0.927 -0.262 1.362 0.642 0.073 -0.176 0.093 0.050 0.162 0.624 1.239 1.016 -0.379 0.687 -0.041 1.400 -1.496 0.389 2.402 0.510 0.229 0.561 1.159 0.957 0.359 -0.453 0.773 1.157 1.028 1.367 -1.665 0.301 -2.718 1.241 1.472 2.046 1.884 0.239 0.150 -0.686 2.825 1.741 3.172 -0.001 0.122 -0.457 -0.359 -0.884 0.059 -0.360 0.563 0.445 -1.209 -0.706 -0.486 0.955 0.835 0.003 1.649 1.620 1.022 0.210 4.860 -0.307 3.046 0.029 -0.074 0.640 0.572 2.426 3.383 1.864 -0.092 1.563 0.419 1.810 0.240 0.463 -1.316 0.226 -0.715 0.370 0.642 -0.379 -0.959 -1.950 -0.768 0.337 0.262 2.540 -0.224 2.615 -1.099 -0.787 -0.307 2.008 
AIC gain (for alignment): 67.594 (p-value = 0.0000)

Alignment name: 2hpr.phylip
Number of taxa: 99
Number of sites: 153
AIC gain (for each site): 5.903 5.529 -0.781 8.447 -1.459 2.056 -5.512 1.130 2.198 3.776 -2.331 1.862 -0.185 -1.233 -0.041 -0.041 0.112 -0.185 -0.701 0.044 -0.940 -2.198 6.351 -3.972 1.324 4.831 4.244 -5.471 -0.061 1.987 -0.041 -0.041 -1.766 0.326 6.159 0.440 -6.211 3.400 -3.709 3.163 -1.373 -0.139 -6.057 -0.036 0.284 0.175 0.580 4.521 0.466 -0.041 2.780 -1.326 1.609 -0.041 0.173 1.709 6.107 2.217 0.964 -0.041 -0.041 -0.041 -0.041 0.488 0.681 2.565 1.094 2.420 -0.811 0.029 4.203 -1.437 4.210 0.624 -0.041 -3.679 -4.499 -1.045 -4.920 -4.255 -4.148 -0.498 0.175 -0.701 0.466 -3.300 2.377 -0.041 -0.041 -0.041 0.251 -0.041 5.755 2.503 1.956 -4.494 4.631 -2.733 0.381 -0.041 -0.041 -7.980 -0.041 0.109 -0.041 2.771 -0.701 0.503 6.789 -0.378 -0.041 5.032 -0.701 0.132 0.012 3.354 3.819 0.511 -0.384 0.439 -0.548 0.378 0.012 0.466 0.012 0.466 0.012 0.378 -0.900 0.012 0.168 -0.267 0.378 0.503 0.257 0.168 0.378 0.378 0.209 -0.225 0.300 -0.409 0.010 -5.271 4.641 3.800 -6.371 4.430 3.564 -1.251 -3.033 5.478 2.478 
AIC gain (for alignment): 60.627 (p-value = 0.0384)

Alignment name: 1cyo.phylip
Number of taxa: 85
Number of sites: 152
AIC gain (for each site): 8.127 3.839 0.590 0.252 -1.972 0.334 1.616 6.585 -0.399 1.055 1.215 0.503 0.378 -0.267 0.378 0.012 0.378 0.378 1.420 -0.453 4.634 6.714 5.159 -0.270 0.840 3.643 -6.874 -1.420 -3.738 -3.746 -1.118 -1.689 6.195 -0.267 -0.910 -2.132 -1.522 3.157 -4.331 3.460 0.503 2.809 -1.814 -2.256 -0.096 -0.267 1.523 -0.243 -2.230 -0.932 -0.164 0.904 -1.169 -0.096 0.307 -0.035 0.329 -0.807 1.231 1.630 0.064 1.532 -2.169 -1.757 -2.438 -3.175 -0.471 1.143 0.231 0.466 1.824 -5.109 0.901 -0.867 -0.811 -1.579 -2.244 1.559 1.320 1.293 0.742 0.755 -0.271 0.498 2.007 7.890 2.399 1.130 1.214 1.115 0.405 1.185 0.162 1.302 -1.224 0.758 -1.014 2.086 2.137 -1.458 2.118 0.577 -0.799 0.596 0.159 1.650 0.008 0.079 -1.955 -1.370 -1.028 0.253 0.158 0.648 -0.459 1.803 -0.147 0.658 1.117 1.226 -0.624 3.655 -1.618 -0.407 0.630 -0.848 0.601 0.564 0.517 0.314 -0.355 0.374 0.679 -0.257 -0.295 1.235 0.858 -0.113 -0.395 -1.374 -0.496 -3.213 0.738 3.321 -0.844 -3.725 -5.231 -0.751 1.085 -0.446 -1.944 0.290 
AIC gain (for alignment): 37.626 (p-value = 0.0808)

Alignment name: 2rn2.phylip
Number of taxa: 24
Number of sites: 228
AIC gain (for each site): 1.738 1.520 0.447 0.234 0.544 -0.742 -1.100 -0.132 -2.679 0.621 0.368 -2.114 -1.512 0.686 -0.062 0.108 0.503 0.132 0.613 1.584 0.968 0.903 0.197 -0.267 0.295 2.012 0.600 -1.216 -0.067 -0.290 -1.125 -1.176 0.468 0.788 -0.979 2.285 0.762 0.922 -0.792 -0.701 0.168 0.234 0.503 0.149 -0.041 0.012 0.378 0.168 0.323 1.475 0.861 -0.155 0.611 -0.267 0.637 0.400 -1.337 -1.889 0.503 0.760 -0.415 -0.470 1.125 0.180 -0.149 0.532 -0.537 1.174 0.829 -0.807 -0.147 0.244 0.514 -0.155 -2.507 -1.449 0.075 -0.413 -1.134 0.443 -0.640 -2.054 0.007 -0.807 -0.270 0.351 0.205 0.257 0.168 0.257 1.125 -2.347 2.697 0.594 -0.418 -0.701 0.234 0.257 0.349 -0.317 1.265 1.725 -1.000 -1.077 -0.533 -0.703 -1.374 1.074 0.389 0.621 -0.592 -0.246 -0.567 -1.050 -0.844 0.498 -1.558 -1.269 -0.414 1.359 0.503 -0.246 -0.908 0.149 1.740 1.551 -0.280 0.080 0.257 0.503 -0.548 0.205 0.234 0.012 0.503 0.503 0.503 0.466 -0.368 0.012 0.257 -0.800 0.466 -0.701 -0.096 0.132 0.149 -0.701 0.234 0.205 -0.701 -0.267 0.257 -0.267 -0.015 0.140 -0.465 -1.309 -1.923 1.145 -0.476 1.172 1.916 -0.691 2.279 -0.816 0.908 1.960 0.196 0.816 0.245 1.273 -0.493 -0.668 -0.471 -0.368 0.473 -0.423 1.525 0.045 -0.493 -0.220 1.013 -0.515 -1.128 0.987 1.068 -2.263 -3.902 0.087 0.550 1.337 0.059 1.219 0.802 -1.186 -0.248 -2.180 -0.646 -1.151 -1.692 0.253 -1.404 -0.891 0.385 0.568 0.583 -1.017 1.273 0.687 0.176 -0.538 0.893 -0.569 0.712 0.398 0.153 5.174 -0.528 0.621 -1.861 0.036 -0.111 0.790 0.208 -2.028 -2.274 -1.334 
AIC gain (for alignment): 0.285 (p-value = 0.4920)

Alignment name: 8tim.phylip
Number of taxa: 41
Number of sites: 280
AIC gain (for each site): 2.432 -3.160 -1.892 -2.417 -2.342 0.615 -1.377 0.719 0.062 -1.958 0.946 -0.549 -0.549 0.106 2.384 1.452 1.500 -2.073 -2.970 -0.663 3.423 -1.243 -3.057 2.149 2.147 -1.387 -2.935 1.403 -1.240 -1.481 0.244 1.876 3.163 -0.315 -0.083 -0.193 -1.024 1.037 -0.162 1.879 0.299 -1.571 0.301 -0.197 0.053 -0.176 0.018 -1.682 -3.471 -2.691 0.588 2.040 -3.400 0.454 -2.767 -0.435 1.357 -0.354 -0.627 -1.359 1.966 -1.537 -1.170 2.072 -0.681 0.044 0.205 0.168 0.012 -0.470 0.479 2.044 3.459 1.999 -1.991 -1.029 -1.666 -0.609 -1.520 -2.152 -0.847 0.583 4.158 0.661 1.367 -2.114 0.638 1.450 0.069 1.488 -0.548 0.652 1.061 -0.582 1.220 0.343 0.214 0.123 -0.628 -1.178 0.235 2.884 -2.007 3.770 -0.733 -6.945 1.510 -1.097 1.971 1.068 -0.408 -1.695 -2.522 0.970 -0.343 0.300 -0.106 -0.306 -0.998 -0.241 -0.029 -0.882 2.709 0.205 0.257 0.503 0.083 5.382 4.510 1.429 -0.936 -2.701 -0.314 0.107 0.086 -1.358 -0.271 -0.991 -2.856 1.933 3.593 -1.342 2.641 -1.433 0.718 -1.255 -1.314 -0.800 -0.682 -1.381 -2.544 0.579 -0.390 4.134 3.122 -0.489 2.191 -0.900 0.466 0.257 -1.176 -0.743 1.383 3.104 -0.162 1.535 -0.220 1.415 2.054 -3.695 -0.374 1.745 0.110 -4.789 0.568 2.430 -5.676 -2.683 2.767 1.443 -3.522 7.302 -0.107 3.444 -0.155 0.922 -0.403 -0.717 -0.721 2.595 -0.760 -2.625 -1.824 -1.788 0.135 -0.455 0.271 0.414 0.862 -0.678 -0.080 -1.551 0.970 1.476 -0.437 1.948 1.710 -3.016 0.179 3.012 -0.564 -0.624 -1.298 -4.323 0.207 0.167 0.853 -0.368 3.308 2.511 -1.248 -2.372 2.585 0.263 -2.280 -1.176 1.809 -1.446 -0.732 -0.368 0.503 0.066 2.862 -0.525 -0.047 -1.486 -0.985 1.232 -1.775 -0.063 -1.096 -0.146 -0.239 0.970 0.970 0.882 -1.293 -0.864 0.837 1.611 0.983 -2.340 0.263 0.074 -3.500 -4.306 1.146 -1.525 2.833 -2.160 -0.735 2.899 0.970 -3.543 -1.333 -3.880 0.579 0.754 -0.520 -1.684 0.769 2.801 -2.420 -1.027 0.468 -0.580 -2.062 4.297 -2.387 -1.531 
AIC gain (for alignment): -19.000 (p-value = 0.2743)

Alignment name: 1rex.phylip
Number of taxa: 13
Number of sites: 128
AIC gain (for each site): 0.906 0.179 -1.265 0.640 -1.368 -1.101 0.744 -1.127 -0.411 -1.060 1.214 -1.420 0.338 -0.728 -0.569 0.691 -1.890 1.927 1.706 -0.448 0.573 1.527 0.244 0.035 -1.105 0.411 -0.138 -0.375 -0.990 -1.101 -1.400 -1.106 -1.145 -0.456 -0.054 0.450 2.223 -0.497 0.339 0.595 1.077 -0.716 -0.282 0.586 0.575 0.190 0.505 0.112 1.279 2.009 0.840 1.005 0.104 -0.230 0.768 -1.305 -0.889 0.227 -1.102 0.309 1.252 -1.327 -0.170 -0.411 -1.101 0.396 1.725 2.005 0.824 0.466 -0.409 -0.585 -0.153 0.879 0.789 -0.190 -1.101 3.297 -0.975 0.931 -1.101 0.708 0.946 -0.906 -1.068 0.814 0.660 0.368 -1.455 2.374 -0.051 1.793 -1.027 0.924 -1.101 -0.154 0.688 -0.592 -1.386 -0.878 0.037 1.610 1.281 1.545 0.768 -1.115 0.924 0.590 -0.311 1.131 -0.157 -0.500 0.355 0.204 -0.590 -1.101 0.415 1.388 0.085 0.892 -0.935 0.674 0.606 -0.535 -0.968 0.286 1.242 -1.101 
AIC gain (for alignment): 12.467 (p-value = 0.1357)

Alignment name: 1fxa.phylip
Number of taxa: 99
Number of sites: 124
AIC gain (for each site): -0.504 3.663 5.034 0.540 8.926 5.107 -0.329 -0.407 7.322 -5.636 6.659 2.655 0.272 -0.025 5.652 5.010 7.623 2.348 6.033 -3.244 -1.131 1.654 -1.350 0.531 -1.082 0.122 -0.341 0.535 -0.219 -3.636 -0.797 0.829 1.494 -0.537 -0.636 -0.364 0.153 0.591 1.357 -0.317 -3.045 -1.407 2.191 1.392 0.054 -1.172 0.257 -0.844 1.600 -0.679 1.578 -4.506 -0.041 -0.041 -0.041 -1.439 -3.045 -1.336 -3.705 -3.045 -2.858 1.054 0.091 -3.430 3.277 -0.275 2.814 1.350 4.140 -0.862 -0.181 0.466 0.503 0.447 0.874 -0.455 -1.216 4.571 -1.947 0.784 0.221 2.019 2.743 -1.104 -0.596 3.762 7.333 -2.489 2.934 -2.462 3.825 2.711 2.307 5.610 0.466 -0.339 1.169 0.329 0.204 0.426 -0.203 0.503 -0.403 -0.701 0.168 -0.900 -0.368 0.234 0.012 0.422 -0.779 0.632 0.954 1.984 0.733 0.198 -2.888 -5.361 -3.045 -1.163 -8.367 3.236 -3.243 1.749 
AIC gain (for alignment): 57.907 (p-value = 0.0294)

Alignment name: 1n0j.phylip
Number of taxa: 24
Number of sites: 93
AIC gain (for each site): -0.002 -0.440 1.969 -0.862 -0.102 1.430 0.124 2.318 -0.363 2.535 1.329 1.543 2.132 -0.913 1.466 0.460 1.082 -0.243 0.674 2.544 -0.326 0.036 -0.673 0.386 -1.298 -0.095 -0.548 3.219 1.339 -0.095 -0.042 0.608 -2.002 -0.128 -0.730 1.189 0.261 0.588 0.698 1.998 -0.859 0.637 0.061 1.275 0.506 0.400 -1.090 -0.611 -0.036 0.942 1.529 0.503 0.466 -0.701 2.777 -1.782 -0.333 1.178 -1.524 0.643 -1.210 -0.608 -0.938 0.190 -0.267 -0.721 0.942 0.429 3.362 0.792 0.689 -0.881 1.254 -1.940 -1.309 0.217 -0.597 0.668 -0.086 -0.447 0.856 0.133 -0.007 0.669 -0.095 0.249 -1.501 -0.648 -0.422 1.209 0.198 -1.459 -1.680 
AIC gain (for alignment): 22.089 (p-value = 0.0222)

Alignment name: 3mbp.phylip
Number of taxa: 81
Number of sites: 871
AIC gain (for each site): 6.741 0.165 1.687 4.023 4.469 -4.192 -0.368 4.768 0.466 0.234 -0.368 0.503 10.342 0.508 -0.376 0.378 0.840 -0.216 5.800 -0.267 -0.368 -0.800 -0.368 -1.430 0.221 4.289 9.635 -0.035 -0.338 0.205 0.466 0.962 0.347 -0.537 3.595 -0.096 12.475 0.466 -3.229 4.282 0.401 3.203 5.311 6.097 0.503 0.012 4.262 0.469 1.190 4.689 5.698 -0.403 -0.209 6.420 -0.368 0.345 0.524 3.427 4.244 4.561 -3.190 1.206 -1.147 -0.154 -2.332 2.432 -0.827 7.730 -0.701 -0.267 1.832 0.282 -1.384 2.867 4.331 1.245 0.944 -1.953 0.698 0.132 0.012 0.168 3.737 -0.882 1.153 2.999 -0.832 -0.733 0.503 1.058 5.214 7.488 0.234 -0.701 -1.682 1.175 4.225 2.759 0.363 1.734 0.476 0.349 0.240 1.034 0.411 8.729 0.168 0.378 0.378 4.706 -3.551 5.287 0.287 0.012 0.378 0.503 0.168 -0.420 1.125 6.625 -2.841 0.503 0.234 7.607 2.590 0.052 -0.701 0.107 0.293 0.447 3.658 0.494 -0.701 -0.833 5.372 -0.701 3.921 -0.075 6.899 3.518 0.404 -1.085 0.221 -0.396 0.461 0.890 0.138 0.012 0.168 0.149 0.503 0.257 0.234 -0.149 0.012 0.012 0.378 0.012 0.378 -0.701 0.132 0.234 -0.800 0.132 0.378 0.466 -0.800 -0.368 0.205 0.378 0.132 0.012 0.234 0.012 0.638 0.003 0.371 0.268 0.971 0.316 2.727 -0.072 0.466 -0.037 8.685 7.925 0.921 0.132 0.300 -0.619 0.256 -0.886 3.251 5.820 1.951 -1.297 -0.030 0.181 -0.473 0.057 0.236 1.105 5.891 3.426 -0.143 -0.752 4.873 7.808 6.894 0.146 0.122 0.466 0.257 0.299 0.053 1.052 -1.079 4.025 -5.004 0.437 1.617 2.207 -0.270 0.504 0.249 0.012 -1.701 -0.368 1.561 2.224 0.503 0.403 0.714 0.598 -0.027 0.070 -0.057 0.277 -0.247 0.911 0.205 0.267 0.084 -0.945 0.169 0.261 0.369 0.202 0.403 -2.328 -1.449 2.525 2.618 8.161 6.104 1.548 -3.297 0.611 0.276 -0.338 0.503 -0.800 -0.245 0.804 -1.663 8.316 2.742 -1.834 0.408 0.288 0.257 -0.513 0.857 2.558 3.554 3.134 -0.577 1.501 0.370 0.466 -0.267 0.466 1.488 1.647 1.925 0.963 3.400 -1.501 0.012 0.503 0.168 11.578 10.806 -0.360 -0.701 -1.118 0.503 -0.800 0.503 0.168 -0.800 0.503 0.149 1.491 -5.103 0.207 0.012 0.187 4.982 0.132 -0.800 -0.403 0.466 0.466 -0.149 -0.149 5.139 4.296 -0.204 0.082 0.141 -2.948 6.755 0.396 -0.629 0.149 0.378 0.031 0.216 -0.116 12.302 2.328 0.701 1.972 -0.356 0.617 0.606 -0.605 0.626 0.342 0.896 0.798 0.444 0.128 1.356 9.256 0.600 0.205 0.715 1.177 7.584 5.335 3.699 1.419 2.351 1.149 -0.538 0.694 0.279 0.546 0.106 0.226 0.466 -0.800 0.257 0.205 0.012 -0.900 0.466 -0.937 0.338 -0.649 -0.454 1.461 -1.240 0.316 -0.610 1.381 1.553 -3.374 -0.642 1.991 -0.725 0.274 -0.463 0.503 -0.209 -0.900 0.347 -0.142 1.590 -0.044 1.171 4.963 -0.036 -0.396 0.057 0.503 0.503 0.445 -0.275 -0.039 1.920 0.046 0.168 -0.804 10.171 -0.701 -0.701 0.503 1.000 -0.701 -1.089 1.570 -0.214 6.100 1.441 1.172 0.275 -0.403 0.363 0.942 0.287 0.777 4.676 1.481 0.896 0.205 0.149 -0.298 0.450 -2.188 2.363 -0.368 1.279 -0.096 5.282 2.836 -2.227 0.670 1.029 -0.325 0.431 0.832 0.008 0.234 -0.770 -0.230 0.433 0.004 -0.701 0.334 0.475 -0.389 0.303 -0.882 -0.003 0.416 -1.734 -0.018 0.492 0.309 3.539 4.534 4.805 2.828 1.129 0.466 0.950 -0.947 5.167 3.802 4.593 -0.138 2.892 0.533 0.540 0.466 0.012 -0.800 1.320 -0.886 1.059 3.698 5.723 4.246 5.841 1.451 1.137 0.674 -0.131 -0.000 0.129 -0.496 0.433 0.149 -0.548 -0.800 0.466 0.503 0.205 0.234 0.234 -0.548 0.364 0.282 -0.128 1.093 0.291 0.456 -1.254 5.618 0.487 -1.487 -0.636 1.770 0.478 -3.896 5.400 6.772 0.012 0.109 4.168 -0.545 -0.548 -0.398 0.789 4.308 -1.156 -0.713 -0.817 -0.219 0.294 0.503 -0.213 -0.590 3.617 0.605 1.551 -0.645 -0.800 -0.163 0.787 0.735 0.746 0.632 6.798 0.818 0.752 1.198 -2.140 -0.018 0.785 0.369 0.122 0.234 -1.114 0.633 0.367 0.375 0.500 -1.565 -2.050 -0.636 5.038 0.219 6.133 -0.900 -0.762 5.899 -0.475 0.205 -1.098 1.795 0.466 -0.096 -1.350 2.544 0.638 0.695 1.541 0.205 0.715 2.570 -2.748 -0.647 0.164 0.132 0.205 0.466 0.257 0.449 2.578 4.561 5.174 0.319 4.757 -0.684 2.374 0.337 -0.297 -1.061 0.503 -0.281 -0.524 -0.433 -1.962 0.603 -0.449 -0.336 3.827 -1.827 -0.111 0.503 0.503 0.490 2.729 0.486 0.012 0.132 -0.122 0.364 -0.481 -0.244 0.257 -0.701 -0.284 2.642 0.012 0.335 3.784 0.754 0.188 -0.635 0.075 0.399 0.770 -0.041 0.009 -0.701 0.234 0.337 0.268 0.572 -0.036 1.118 -0.241 0.080 0.936 5.615 1.681 -0.441 5.578 0.060 0.443 0.853 1.472 1.054 0.439 0.205 -0.701 0.855 0.124 4.204 -0.800 -3.312 0.802 0.168 0.466 -0.403 0.471 4.454 0.257 0.168 0.234 -0.209 0.012 -0.701 -3.248 1.198 -0.403 -0.267 0.234 -0.492 -0.313 0.704 -0.280 0.095 -0.403 0.378 -0.701 0.205 0.345 1.307 -0.001 0.067 2.424 0.558 1.580 0.087 -0.625 -0.403 -0.403 0.378 -0.800 -0.209 -0.548 0.214 2.211 3.568 1.473 4.527 3.459 -1.307 0.506 -0.071 -0.236 0.168 0.205 0.378 0.606 -0.076 0.829 1.181 5.906 -0.147 0.168 0.257 0.503 0.205 0.551 0.221 -1.592 1.503 0.414 1.382 0.238 0.378 0.234 -0.172 0.832 0.051 1.069 -3.738 -0.096 -1.074 -0.132 2.038 1.459 0.503 0.427 -0.526 -1.533 0.012 0.132 -0.960 -1.251 -1.813 0.378 -0.096 -6.277 0.717 0.149 0.188 0.887 -1.408 6.627 0.234 0.168 -0.267 -0.403 5.398 -0.674 -3.493 10.451 3.539 3.925 0.503 -0.368 0.132 2.796 0.694 -0.800 -0.149 -0.575 1.777 -2.064 1.410 4.655 -6.925 0.234 -5.724 0.785 0.884 4.078 -2.897 -2.362 -0.817 -3.657 0.670 3.635 6.399 0.810 1.163 -3.930 5.388 3.340 0.257 0.234 0.466 -0.701 1.264 0.278 1.943 -3.137 2.644 1.344 0.466 0.466 0.590 3.572 1.855 2.529 1.719 -0.344 -0.637 -0.215 0.514 -0.469 -0.149 -3.044 -1.430 11.376 7.056 -1.237 -0.335 0.012 0.503 1.615 -0.564 0.102 0.257 0.118 -0.521 7.165 3.705 -0.066 -1.014 0.234 0.231 -0.069 0.399 10.897 0.395 -0.686 -0.548 0.012 0.149 -1.222 -0.071 3.176 2.496 -0.800 0.067 0.908 1.994 0.234 0.456 -1.864 2.422 2.696 
AIC gain (for alignment): 746.513 (p-value = 0.0000)

Alignment name: 1mbg.phylip
Number of taxa: 99
Number of sites: 66
AIC gain (for each site): -6.320 0.076 -1.412 -1.224 -1.920 2.375 0.925 3.061 -1.238 -5.968 -2.773 0.073 -2.096 -3.113 1.913 0.171 0.869 1.910 -0.637 5.206 4.848 -0.633 -0.676 0.839 -0.259 0.466 -0.800 -0.368 0.193 0.353 0.060 -0.124 -1.426 0.961 -0.134 1.356 -3.636 -1.948 -1.232 -4.685 -3.988 5.279 0.734 0.024 -0.283 0.312 0.257 -0.643 -0.713 -0.460 -3.392 5.069 -3.529 -3.327 5.929 1.847 2.583 -2.225 2.237 -1.034 -2.731 -0.441 -1.049 -4.523 -2.769 -0.217 
AIC gain (for alignment): -24.024 (p-value = 0.1230)

Alignment name: 1rtb.phylip
Number of taxa: 99
Number of sites: 156
AIC gain (for each site): 6.167 6.774 1.168 1.741 -0.866 -0.907 1.131 -1.911 1.192 -1.703 -1.978 -1.692 6.274 4.259 -2.778 2.475 2.798 -1.462 -0.313 -0.506 1.117 3.830 3.437 0.388 -0.743 -1.043 2.421 -0.140 5.334 4.547 -1.945 -0.630 2.726 0.676 -0.829 1.312 -0.508 -1.016 2.853 -0.345 -0.392 0.373 0.257 4.362 3.935 -1.352 2.996 3.686 3.911 0.466 0.755 -0.550 -3.277 -0.041 -1.453 -0.678 4.610 2.194 3.496 2.536 -1.671 -0.767 2.181 -1.810 -1.352 0.888 1.101 1.610 3.289 0.257 0.132 0.234 -0.442 -4.167 0.834 -0.367 -1.686 0.377 1.894 1.154 1.039 0.970 -1.316 2.449 1.213 -0.159 -1.209 -0.811 -0.493 -0.218 3.931 -1.014 -3.069 2.459 -5.044 -0.996 -3.645 -1.352 -2.213 4.542 0.607 1.083 2.302 -1.913 3.292 -2.641 0.565 -0.459 1.027 1.974 0.192 -1.352 2.531 -0.155 0.041 -1.115 0.234 0.149 0.257 -0.900 -0.267 -0.209 0.168 -0.900 4.224 1.485 0.613 2.550 -0.455 -0.244 -2.678 -1.342 1.227 -3.346 1.739 -1.352 -3.108 0.809 -0.631 1.773 4.494 0.002 -0.293 -0.070 2.468 1.418 -0.662 0.688 -2.325 -1.273 1.504 0.594 1.842 -0.088 -2.863 0.355 
AIC gain (for alignment): 75.461 (p-value = 0.0026)

Alignment name: 1ftg.phylip
Number of taxa: 61
Number of sites: 237
AIC gain (for each site): -2.752 -2.879 0.022 -0.680 2.444 0.545 2.067 1.633 -0.666 -0.803 -0.361 2.682 -3.710 0.427 0.518 -0.104 -0.861 -0.045 -0.422 2.573 -1.898 1.535 2.035 -0.236 0.205 5.899 -2.811 2.048 0.828 1.694 -0.809 -0.988 -0.281 -1.564 -0.088 -0.413 -2.140 2.724 0.215 1.318 -0.036 0.490 0.016 -0.114 0.031 -0.355 -0.602 5.111 -0.978 -0.993 -1.233 1.633 1.099 2.970 0.851 -1.319 -2.153 0.459 0.224 -0.885 0.756 2.368 0.985 2.119 0.223 0.885 -2.299 -4.177 2.720 1.521 1.378 0.274 1.707 -0.777 -0.166 -1.651 -0.367 -2.292 -0.193 -0.852 -1.223 -3.518 -3.037 -3.959 -0.184 -0.311 1.300 -0.388 -0.496 0.022 -0.118 -0.008 0.159 -0.510 0.989 -0.271 -0.096 -0.695 0.253 -0.047 -0.998 0.532 -0.403 0.311 -0.241 -0.082 0.183 0.229 -0.344 -0.109 0.189 -0.290 -0.203 0.466 -0.701 0.100 0.237 -0.569 1.056 0.365 0.101 0.601 -0.244 -0.918 -0.657 -0.008 1.412 -0.444 0.460 0.219 0.365 -0.468 0.551 0.220 0.182 0.709 0.481 0.768 0.507 1.038 0.721 1.098 -3.249 -0.125 1.006 1.882 3.281 -0.833 1.959 4.604 -2.102 1.193 -1.216 -2.285 0.701 -3.791 -1.913 -5.262 2.196 2.487 2.169 2.942 2.326 2.698 0.305 -0.272 -0.633 -0.097 0.612 -0.434 -0.321 0.522 -1.047 -1.221 1.886 0.394 -1.074 -1.037 1.473 -3.691 0.064 2.757 -0.297 -2.349 4.940 2.014 -0.209 1.615 0.224 -0.865 0.761 -3.419 -2.571 -2.870 -0.032 -0.365 0.581 -0.135 0.755 0.763 -0.279 -0.170 -0.461 0.471 0.132 0.080 1.207 0.407 0.890 -0.416 0.523 -0.424 1.095 1.802 0.570 -0.725 1.325 1.979 -1.618 0.513 -2.266 0.323 1.329 -0.600 0.593 1.954 2.235 1.597 -0.271 0.598 -0.869 0.151 -0.742 -4.422 -1.106 -1.143 -0.401 
AIC gain (for alignment): 16.813 (p-value = 0.2483)

Alignment name: 2abd.phylip
Number of taxa: 99
Number of sites: 222
AIC gain (for each site): 1.135 5.290 0.570 -1.999 -0.198 1.364 -3.911 -2.298 2.270 -1.303 -2.584 0.257 -1.180 0.369 -1.009 1.366 2.400 0.488 0.648 -0.072 0.800 0.135 2.932 2.201 -0.945 1.579 0.205 -0.041 -0.041 -0.041 -0.041 0.401 0.904 4.446 3.312 1.567 -0.475 0.513 0.716 -0.041 -0.041 -0.041 -0.041 -0.041 -0.041 -0.041 8.331 0.594 -2.724 1.288 -0.041 4.894 0.032 -2.690 -4.805 0.231 -2.962 1.835 -1.610 1.410 -0.041 -0.041 1.053 -4.148 -3.654 8.437 0.184 2.377 6.022 -1.944 0.257 -0.368 0.466 -0.701 0.012 0.466 0.168 0.132 0.034 1.227 -3.136 0.454 2.451 -0.383 2.394 1.302 -2.718 0.986 -0.617 -1.776 1.490 0.404 -1.539 1.628 -0.900 -0.800 -0.800 0.234 -0.701 0.205 0.503 -1.814 1.839 -0.261 0.810 0.371 0.179 -0.369 0.138 -0.212 0.229 -0.041 -0.041 -0.041 -0.126 0.347 0.100 -0.443 -0.032 1.104 -0.724 -0.804 2.101 -0.736 11.345 -0.834 -1.972 0.364 0.761 -0.771 -0.789 0.341 -0.071 0.031 -0.550 -0.722 -0.006 -0.131 7.305 -0.979 -0.900 0.503 -0.701 0.378 0.466 -2.401 -0.209 -0.368 0.012 -0.149 -0.041 -0.041 -0.041 0.234 -0.149 0.012 -0.267 -3.632 -1.694 -1.386 -1.711 3.573 1.714 0.016 0.765 -3.303 -0.041 -0.041 2.284 -0.041 -0.041 -0.041 -0.041 -0.041 -0.041 -0.041 -0.041 -0.041 -0.041 4.035 4.499 4.127 -0.041 0.082 -0.041 -0.041 -0.041 -0.041 -0.041 -0.041 -0.041 -0.041 -0.041 -0.041 -0.041 -0.041 -0.041 -0.041 -0.041 -0.041 -0.041 -0.041 -0.041 -0.041 -0.041 -0.041 -1.301 -3.028 -3.195 13.461 1.174 -0.904 -1.057 -3.110 1.593 2.004 -3.712 -2.453 4.477 0.481 4.326 2.598 
AIC gain (for alignment): 62.391 (p-value = 0.0287)

Alignment name: 1rop.phylip
Number of taxa: 5
Number of sites: 57
AIC gain (for each site): -0.273 0.269 0.275 0.176 0.290 0.523 0.246 0.062 -0.794 0.100 -0.322 0.062 -0.218 -0.650 -0.880 -0.302 0.465 0.176 0.302 -0.794 -0.983 -0.794 -0.794 0.017 0.275 -0.794 0.838 0.426 -0.794 0.024 -0.454 0.545 0.226 -0.506 0.062 0.950 -0.554 -0.954 0.182 -0.816 -0.794 -0.172 -0.601 -0.059 0.062 -0.031 0.268 -0.794 -0.321 -0.460 -0.144 -1.604 -0.073 0.615 -0.866 -0.794 0.362 
AIC gain (for alignment): -10.592 (p-value = 0.0048)

Alignment name: 1iob.phylip
Number of taxa: 14
Number of sites: 126
AIC gain (for each site): -1.240 2.173 -1.703 0.298 0.504 -1.635 0.116 -0.062 1.072 0.392 -0.242 -0.879 0.111 -0.562 0.593 -0.799 -0.082 -0.866 0.334 0.421 0.564 0.017 1.334 0.362 0.909 -1.046 0.267 0.274 -1.516 -0.921 -0.415 -1.309 -0.204 -0.812 0.168 1.482 1.288 0.140 -1.785 0.183 -0.629 -1.187 -0.029 -1.122 0.614 1.385 0.637 1.207 1.812 1.348 -0.618 -0.751 -1.309 -0.674 -0.251 -0.373 0.182 -0.243 -0.331 -1.168 0.610 0.156 1.126 -1.014 2.246 1.249 -0.513 0.391 0.505 0.598 -0.283 -0.861 -0.894 -0.838 -0.667 -0.118 -0.725 -0.147 0.122 0.462 0.921 0.005 1.095 0.395 0.512 -0.769 -0.548 0.284 -0.894 0.453 1.123 -0.488 -0.317 -1.359 0.480 1.361 -0.587 -0.918 -1.385 -1.136 -0.243 0.155 -0.550 -0.243 -0.070 0.185 -0.927 0.217 0.739 -0.713 -0.351 -0.590 -0.353 -0.699 -0.312 -0.390 -0.251 0.620 0.929 -0.624 -1.281 1.111 0.238 -0.985 0.366 -1.304 
AIC gain (for alignment): -10.268 (p-value = 0.1401)

Alignment name: 1em7.phylip
Number of taxa: 4
Number of sites: 56
AIC gain (for each site): 0.321 -0.276 -0.311 -0.975 -0.923 -0.893 0.324 0.629 0.687 0.321 -0.619 0.674 0.629 0.087 0.321 0.093 0.321 0.382 -0.036 -0.529 0.512 -0.036 0.712 0.321 -0.036 -0.255 0.511 -0.548 0.606 -0.837 -0.178 -0.287 -0.395 0.509 0.421 1.091 0.264 0.404 -0.481 1.066 0.629 0.725 0.914 -1.137 -0.308 0.749 1.012 -0.919 0.426 -0.109 0.002 -0.342 0.058 -0.130 0.507 0.467 
AIC gain (for alignment): 6.139 (p-value = 0.0735)

Alignment name: 1a23.phylip
Number of taxa: 30
Number of sites: 246
AIC gain (for each site): 0.254 -2.027 -0.491 -0.726 -0.387 -1.513 1.258 -0.716 -0.873 -1.501 1.134 -0.818 -1.982 -0.869 -0.655 -0.784 0.167 -0.719 0.007 -2.205 -1.182 -0.528 -0.852 -0.686 1.184 -0.774 0.623 0.503 0.503 0.503 0.503 -0.149 0.466 0.012 0.503 0.503 -0.267 0.503 0.012 1.293 1.236 -0.753 1.793 1.450 1.164 -1.494 -2.302 -1.618 0.711 -1.111 -1.833 -1.750 -1.800 -0.671 -1.775 -1.199 0.414 1.859 0.593 0.672 0.161 -0.304 0.790 1.548 0.596 2.586 -0.129 -0.210 -0.092 0.275 0.062 0.040 0.431 -0.305 -0.586 0.523 -0.723 -0.717 1.028 0.133 -0.919 -1.858 0.907 0.719 -1.012 2.234 1.000 0.094 -2.679 1.814 -0.503 -0.546 0.002 1.517 -0.729 0.348 2.133 -1.750 0.359 -1.794 -0.032 -0.247 0.015 0.922 -0.047 -0.643 -0.478 -0.015 0.753 0.119 0.185 -0.198 0.704 2.185 -1.811 -0.077 -0.646 0.557 0.697 -1.084 -1.133 -0.906 -1.001 0.378 -1.287 -0.220 0.131 0.188 1.673 0.916 0.787 1.182 1.439 0.050 2.013 -0.438 2.322 -0.134 0.709 -1.910 0.091 -0.840 1.294 -1.280 -2.015 2.153 -0.732 2.095 0.699 2.897 -0.650 1.817 0.918 1.320 0.490 0.159 0.378 -0.548 -0.845 0.991 0.176 -1.479 -0.656 -2.769 1.840 -0.346 2.354 -1.478 0.326 0.983 1.674 1.881 1.743 0.012 0.149 0.503 -1.152 0.766 0.331 0.359 -1.342 0.368 3.373 -0.800 0.132 0.234 1.290 1.695 0.660 1.077 1.594 0.605 -0.351 -1.204 0.597 -0.606 1.546 -0.209 -1.091 1.283 -0.808 -0.650 -0.062 2.459 -2.248 -0.220 1.760 -0.634 0.393 -0.277 0.226 -0.298 -1.471 0.002 0.457 0.108 3.748 3.267 0.570 0.501 -0.444 0.041 0.599 -0.154 -0.687 -0.117 -0.305 -1.255 -0.093 0.663 1.957 -2.029 -2.250 2.708 -0.831 0.365 2.255 -0.329 -0.696 0.169 -2.167 0.910 1.685 0.244 -1.878 1.115 
AIC gain (for alignment): 21.642 (p-value = 0.1251)

Alignment name: 3bls.phylip
Number of taxa: 99
Number of sites: 649
AIC gain (for each site): -3.829 -2.488 1.662 0.124 1.340 -1.396 1.781 -0.862 4.436 2.837 0.698 -0.912 0.403 -0.387 0.072 -0.020 1.075 -0.615 -0.212 -0.845 -0.218 0.283 -0.404 -0.106 -0.221 0.579 1.474 0.889 0.084 -0.184 -0.019 -0.303 0.325 -0.055 0.692 -0.274 0.662 -0.914 0.872 -2.760 -0.353 -2.140 -1.980 -2.464 -0.041 -0.041 -0.041 -0.041 -0.041 -0.041 -0.041 -0.041 -0.041 -0.041 -0.041 0.149 0.671 -1.123 -1.793 0.614 -1.042 8.011 7.476 1.165 2.838 4.571 1.157 0.225 -1.443 1.928 2.467 0.708 0.127 0.047 -0.444 0.314 0.165 -0.522 0.577 0.692 0.542 -1.302 1.218 0.858 0.477 2.293 1.171 0.317 0.205 0.205 -0.209 0.168 0.617 0.397 -0.847 2.593 2.085 1.724 4.460 7.662 0.051 1.429 0.326 0.168 0.529 -0.990 3.103 1.339 9.736 5.525 1.341 -0.443 -0.117 0.034 0.758 -0.358 2.046 -1.022 2.616 -1.122 2.905 -1.635 -1.415 3.851 -4.904 0.395 3.150 -1.781 -2.726 -5.727 -8.594 -4.965 -4.583 -5.553 -2.680 3.180 1.569 0.882 11.203 -3.178 -0.821 7.700 0.205 0.205 0.012 0.205 -0.548 0.168 -0.096 0.132 0.234 0.378 -0.403 0.205 0.466 -0.701 -0.368 0.466 -2.753 -0.267 0.168 -0.368 -0.267 -0.267 0.503 0.012 0.168 -0.680 -6.819 5.491 3.777 6.308 3.471 7.210 -2.109 0.782 0.133 0.205 -0.041 0.466 1.686 -1.611 0.234 0.139 1.003 -1.478 1.149 1.035 -0.342 1.162 0.484 0.557 -0.289 0.031 -0.505 0.734 0.073 1.010 -1.485 1.982 0.332 -2.518 1.911 3.123 0.186 0.439 1.703 -0.762 0.139 -0.063 -0.859 -0.701 0.205 0.964 0.116 1.307 1.076 1.068 0.831 0.482 3.537 0.307 1.136 2.130 2.106 5.393 3.563 2.688 6.896 -1.849 6.251 -6.026 -1.728 -2.118 -3.104 -5.380 1.334 0.289 -0.720 -5.897 3.502 -4.694 0.467 3.660 1.822 -0.064 2.346 2.273 3.758 0.723 5.704 0.410 6.672 2.981 2.057 -1.876 3.902 2.748 1.871 1.561 0.607 0.644 0.498 0.019 0.312 0.317 -0.185 0.108 0.012 0.337 0.327 -1.008 0.585 2.052 0.909 2.760 0.293 0.098 0.808 -1.836 1.117 0.675 0.091 -5.912 2.490 3.417 0.822 2.972 6.067 2.527 1.526 5.969 -0.023 0.149 -0.800 0.012 -0.209 0.234 0.168 0.168 0.168 -0.403 0.514 -1.097 2.952 5.531 -0.947 -1.837 -3.789 -0.500 0.037 -1.648 2.726 -1.896 -1.332 -0.838 -0.343 -0.417 -3.582 -0.847 -0.419 -2.414 -6.018 -5.292 0.121 -0.378 -1.264 3.836 2.778 -1.331 5.814 -0.714 2.578 4.392 0.234 0.132 0.012 0.012 0.503 -1.479 3.928 1.689 0.556 -6.115 2.724 1.005 -1.198 -1.543 -0.415 0.232 -1.096 -0.900 0.503 -0.403 0.132 0.503 0.234 -0.267 -0.368 -0.149 -0.701 0.466 -0.267 0.168 0.168 -0.548 0.012 0.012 -0.992 0.805 0.555 5.356 -2.744 0.369 0.441 -3.559 -0.041 -2.074 4.124 0.382 6.061 4.782 2.522 4.979 1.032 5.959 2.784 3.596 0.986 2.871 -3.849 2.040 5.813 2.232 1.758 0.582 5.125 2.223 0.223 2.824 0.268 0.691 -2.287 2.635 1.505 0.195 3.134 1.928 2.699 -0.990 1.450 -0.852 0.334 0.558 0.977 -0.270 -1.123 0.300 -0.075 0.140 1.688 -0.046 -0.426 -0.155 0.018 0.983 0.296 -0.273 -0.506 0.321 0.443 0.960 0.234 1.176 -0.523 -0.047 0.039 -0.006 -0.293 -0.466 -0.474 -0.952 -0.747 -0.242 1.747 0.976 -0.627 0.897 0.573 0.037 1.776 0.609 -0.873 -1.574 3.031 -0.125 -1.488 4.168 -4.139 2.837 -6.501 -2.173 -4.440 2.187 1.052 -2.937 -1.528 0.563 -3.083 -3.659 -0.370 -0.533 0.310 -1.313 0.833 0.051 0.466 0.503 -0.701 -0.701 -0.701 0.149 0.378 0.149 0.429 0.976 -0.210 -1.397 0.379 2.267 2.245 -1.011 -2.550 -0.121 0.880 2.879 1.672 -2.013 -0.143 -1.004 3.460 1.568 3.104 1.587 0.404 2.032 2.811 2.582 0.987 -0.148 0.585 -0.518 0.212 -0.620 -0.368 0.549 0.372 0.579 -0.337 2.044 -2.018 0.178 -2.849 0.161 0.808 3.008 1.846 1.100 5.122 2.710 -1.537 -0.376 -0.180 3.532 -4.091 0.024 1.009 -0.420 0.827 -0.429 -1.536 3.160 8.061 -4.493 8.031 1.609 -0.271 3.022 0.884 7.821 0.491 0.224 3.145 1.678 -2.031 2.301 0.937 2.534 -0.394 -1.512 0.387 0.387 -0.505 0.498 0.270 0.717 0.500 0.281 0.177 0.737 -1.134 -0.605 1.796 2.115 -0.178 0.028 2.384 2.567 2.479 3.192 0.831 -0.208 -0.464 2.913 2.874 -1.395 0.262 -0.888 -0.701 0.149 0.215 -0.130 -1.308 1.316 1.589 3.718 3.268 -0.446 -6.767 -0.182 -3.612 0.682 -0.638 4.515 1.949 2.925 -0.382 -0.024 -1.038 -3.144 0.022 0.378 0.034 2.111 3.669 1.933 3.272 5.138 -3.698 -7.708 -3.100 -4.465 -1.805 -0.403 -0.800 -0.149 -2.980 -5.940 0.850 -3.442 5.322 4.391 2.986 1.294 4.734 3.929 1.211 -3.173 3.464 0.341 -1.730 0.121 -3.393 -1.745 4.232 -3.324 3.396 0.179 -0.199 
AIC gain (for alignment): 307.558 (p-value = 0.0000)

Alignment name: 1tpk.phylip
Number of taxa: 23
Number of sites: 85
AIC gain (for each site): -1.246 0.029 -0.724 0.460 -0.414 0.568 -0.655 1.936 -0.394 0.051 0.568 1.599 0.487 0.563 -0.002 0.324 -0.116 -0.079 1.145 -1.208 3.817 -1.246 0.617 -0.556 -0.366 2.672 -0.183 0.113 0.315 0.342 -0.622 -1.495 0.106 1.941 -0.596 -0.258 -0.934 1.710 1.596 -1.079 0.729 0.923 2.063 1.372 3.676 -0.766 -0.332 0.808 0.634 0.699 -0.241 0.286 -0.991 -1.246 -0.613 0.151 0.287 0.855 2.098 0.230 -0.358 -2.945 0.199 0.337 -0.316 -1.246 -0.777 0.497 -0.339 -1.218 1.028 1.336 -1.198 0.499 0.841 -0.560 0.236 0.246 -1.246 0.074 2.137 -1.871 1.870 -0.193 -1.246 
AIC gain (for alignment): 15.195 (p-value = 0.0793)

Alignment name: 1bpi.phylip
Number of taxa: 99
Number of sites: 80
AIC gain (for each site): 2.595 -0.952 3.964 4.481 1.977 2.926 -0.013 1.913 3.959 1.306 -0.136 1.910 -0.233 0.441 -0.784 3.636 0.466 0.168 -0.267 6.375 0.132 0.168 0.234 0.378 0.234 -0.267 2.040 3.278 -0.071 -0.107 -0.327 1.171 -0.971 -2.615 0.770 -2.803 4.417 0.246 0.012 0.333 0.613 3.021 3.709 8.982 5.775 4.286 -0.952 -1.858 1.195 -1.465 4.751 -0.945 1.726 1.006 -1.395 5.136 1.586 -1.013 -0.267 -0.800 6.156 0.205 -0.209 -0.149 0.132 0.378 0.659 -2.730 -0.464 3.425 6.175 -1.173 0.837 0.981 -0.952 1.234 2.253 -5.955 -0.952 0.108 
AIC gain (for alignment): 83.034 (p-value = 0.0000)
