Number of alignments: 52
Number of sites (all alignments): 10259
#Below are detail of log-likelihood value for each alignment#

Alignment name: 1shg.phylip
Number of taxa: 57
Number of sites: 56
Log-likelihood with estimated matrix (alignment): -4965.275
Log-likelihood with compared matrix (alignment): -4967.619
Log-likehood gain (alignment): 2.344 (= (-4965.275) - (-4967.619))
Log-likehood gain (for each site): 0.833 -0.110 0.492 -0.419 1.729 -1.405 1.416 1.065 1.201 1.430 0.310 0.531 2.180 0.956 -1.265 -1.404 2.499 -1.166 -0.834 0.528 1.717 -0.167 1.121 -0.918 -0.910 -0.647 -2.513 -0.436 -0.874 1.252 0.671 0.406 0.406 0.123 0.854 0.200 -0.382 -1.345 -1.932 -2.124 -0.902 0.080 -0.532 0.620 0.712 0.086 0.272 -0.089 1.626 -0.236 1.251 0.826 -1.452 -0.429 -0.168 -2.390 

Alignment name: 1igv.phylip
Number of taxa: 99
Number of sites: 46
Log-likelihood with estimated matrix (alignment): -5670.796
Log-likelihood with compared matrix (alignment): -5639.324
Log-likehood gain (alignment): -31.472 (= (-5670.796) - (-5639.324))
Log-likehood gain (for each site): -2.967 0.166 -0.987 -2.560 -1.557 0.321 -2.157 -2.576 -0.634 -0.223 -1.137 -0.965 -1.262 -0.173 -0.446 -3.305 -1.376 0.179 -0.138 1.345 -0.250 0.114 1.283 0.158 0.225 -0.285 -1.299 -1.442 -0.173 -1.838 1.085 -0.721 -1.695 -2.976 -0.107 -1.139 -2.587 0.068 2.329 -0.002 -1.065 0.038 -0.863 -0.150 -1.489 1.761 

Alignment name: 1c5g.phylip
Number of taxa: 99
Number of sites: 731
Log-likelihood with estimated matrix (alignment): -71723.763
Log-likelihood with compared matrix (alignment): -71750.714
Log-likehood gain (alignment): 26.951 (= (-71723.763) - (-71750.714))
Log-likehood gain (for each site): 0.412 -1.307 -2.341 -2.407 0.424 0.031 -4.191 -1.430 -0.468 -2.111 -1.619 -3.055 0.085 -2.778 -3.572 2.293 0.282 0.395 -0.089 0.151 0.062 0.402 0.251 0.404 0.472 4.151 3.675 1.819 -1.497 -1.029 -1.557 0.226 0.092 0.760 -2.093 -2.195 -0.113 0.123 -0.379 -0.254 -0.164 -0.430 -1.995 -4.576 -5.519 -1.734 -4.590 -0.717 -2.905 1.439 0.364 0.528 -2.822 -1.716 -0.193 1.490 -0.580 2.425 0.911 1.180 -3.712 0.272 -0.263 -0.857 1.259 -0.641 -0.743 0.086 0.026 0.110 2.800 -1.300 1.926 2.456 0.610 -0.235 -0.117 -0.044 -0.098 -0.089 0.350 -0.053 0.014 -0.227 0.108 0.199 0.113 -0.254 -0.054 0.272 -0.430 0.253 -0.254 0.026 0.095 -0.142 -0.136 -0.043 0.150 0.248 0.365 0.006 0.485 -0.402 0.926 -0.004 0.365 0.307 -0.601 5.154 3.713 1.601 -0.825 -0.379 -0.330 0.137 -0.656 0.000 -0.432 1.043 -0.017 -1.957 0.095 0.123 0.095 0.137 0.086 0.026 0.086 0.095 0.253 0.095 0.095 0.272 0.104 0.086 0.137 0.149 0.253 -0.054 0.095 -0.330 -0.330 0.272 -0.430 -0.054 -0.410 2.368 1.182 -0.512 0.139 -0.482 -0.936 1.852 -0.586 -2.258 0.223 0.719 -0.540 0.011 0.084 -0.123 0.127 0.258 0.253 0.104 0.104 0.253 0.000 0.000 0.000 0.000 0.000 0.104 0.104 0.253 -0.010 -0.428 -0.236 0.205 0.076 0.746 -0.314 0.444 1.495 2.705 1.582 4.643 4.429 1.778 0.376 -1.928 -0.318 -2.228 -0.681 -1.471 -1.466 -2.620 -0.699 0.154 -0.333 0.388 -0.218 0.000 0.368 0.429 -0.819 0.086 -0.330 1.293 4.014 0.246 0.092 1.615 -1.038 -0.483 1.292 2.971 -1.113 1.638 0.551 -0.984 -3.672 0.147 0.231 -0.639 0.386 0.007 -0.751 -1.417 1.590 -5.576 0.916 -0.276 0.914 0.004 0.718 -2.656 3.448 0.473 0.573 1.487 2.311 3.246 0.967 -0.120 -4.291 0.586 2.854 -0.880 -0.473 1.915 2.027 0.274 -0.533 1.209 1.651 -0.084 1.521 0.026 0.272 -3.343 4.852 -0.997 -0.541 4.867 -1.951 -0.134 -1.923 2.698 1.364 3.306 -0.046 -1.250 4.354 1.236 0.052 4.130 0.000 0.000 0.635 -0.881 -0.721 -1.466 -2.103 -1.370 1.082 -2.327 -1.627 0.243 -1.013 -0.754 -2.866 1.020 -0.694 1.338 -1.077 0.104 -0.254 0.739 -0.443 2.150 1.077 -0.339 -0.289 0.416 -0.511 0.285 1.310 0.242 4.231 -0.961 -1.327 -0.082 0.326 -2.518 1.297 0.403 -0.054 0.137 0.137 0.149 -0.084 1.068 1.655 2.821 3.197 -0.000 1.574 -0.104 1.737 0.880 1.443 0.297 0.139 -0.293 1.182 -0.051 -0.064 -0.092 0.247 -0.068 2.052 1.408 -0.618 -1.482 -0.621 -1.317 0.272 0.104 -0.254 0.137 0.231 -1.105 0.871 -0.358 -0.687 1.539 2.411 0.045 0.699 4.470 -2.125 1.393 -1.307 0.000 0.000 -1.907 0.384 -4.112 1.685 -1.506 0.391 -0.014 -0.281 0.018 -0.115 -0.013 -0.054 0.272 0.253 0.272 0.272 0.253 -0.379 0.137 0.209 0.026 -0.379 -0.330 -0.244 0.390 0.112 0.171 -0.283 0.464 2.374 4.112 1.077 -0.617 -2.719 -0.002 -0.438 -1.647 0.661 -1.714 -1.216 -0.549 0.019 -0.223 -0.127 0.011 -0.244 0.991 0.415 0.428 0.000 2.971 2.162 1.692 -2.347 3.797 -0.115 0.242 1.567 -1.714 1.097 0.095 0.123 -0.379 -0.164 0.086 0.149 1.233 -1.011 -3.505 4.062 0.619 0.536 2.780 -0.026 0.272 0.000 0.309 1.032 -2.774 -0.821 -0.242 0.026 -0.330 0.253 -0.113 -0.084 -1.621 0.616 -0.232 0.976 2.379 -0.442 0.236 1.060 -0.630 2.166 1.597 0.464 -0.189 -0.013 0.253 -0.048 0.095 0.999 -1.661 -2.140 0.239 -0.351 -0.552 -2.159 -3.603 -0.107 -0.539 0.536 -5.066 -0.722 0.271 -0.430 3.171 -1.834 1.251 0.347 -0.398 0.123 0.253 0.149 2.919 -0.008 0.137 0.276 -0.505 -0.589 0.104 -0.504 3.003 -1.665 -1.171 1.218 0.586 -3.527 1.224 -2.867 2.519 -0.379 -0.233 -2.924 -1.005 3.706 -0.126 0.450 0.353 -1.979 1.438 -0.157 -2.998 2.672 1.016 -3.779 -1.734 0.715 -0.085 0.042 0.307 0.137 0.253 -0.113 -0.254 0.272 0.272 0.253 0.209 -0.330 0.253 -0.330 -0.330 0.104 -0.164 -0.330 0.095 0.253 0.137 0.123 0.104 0.149 0.026 -0.379 -0.330 -0.330 -0.330 0.095 0.095 0.095 -0.379 0.209 0.253 -0.430 -0.379 -0.379 0.104 0.104 -0.113 0.086 0.149 -0.379 0.253 -0.113 0.272 0.104 -0.430 -0.330 0.123 0.253 -0.054 -0.430 0.026 -0.084 0.272 0.272 0.123 0.137 -0.430 -0.164 -0.430 -0.430 -0.379 0.104 0.086 -0.254 -0.113 -0.113 -0.113 -0.113 -0.113 0.162 0.603 0.099 0.982 2.448 2.896 0.236 -0.083 0.240 1.987 4.677 0.336 0.580 -2.841 1.142 2.844 -0.820 -1.184 -1.351 0.881 -3.736 2.353 -2.218 0.628 -1.563 3.145 0.501 1.659 1.471 -0.454 1.889 0.575 -0.709 -0.143 -1.824 -0.892 -1.857 0.407 1.092 -0.906 -0.660 0.140 0.000 0.000 0.000 0.000 0.000 0.000 0.000 0.000 0.000 0.000 0.000 0.000 0.000 0.000 0.000 0.000 0.000 0.000 0.000 0.000 0.000 0.000 0.000 0.000 0.000 0.000 0.000 0.000 0.000 0.819 -0.954 -1.336 0.482 -0.502 0.174 -0.369 -0.377 -0.604 0.272 0.742 1.039 1.768 1.084 -2.238 -1.497 0.065 -1.604 0.802 2.512 -0.490 -1.341 -0.266 0.002 0.161 -0.084 1.872 0.078 0.065 -1.199 -1.704 -0.883 -1.133 -0.924 0.109 -4.063 -0.330 2.864 -0.190 0.000 0.000 0.000 0.000 0.000 0.000 3.251 -3.769 -0.001 -1.711 -0.981 -3.014 -0.115 0.000 0.000 0.000 -2.378 0.300 3.664 -0.793 -0.291 

Alignment name: 1ten.phylip
Number of taxa: 98
Number of sites: 117
Log-likelihood with estimated matrix (alignment): -18491.020
Log-likelihood with compared matrix (alignment): -18560.189
Log-likehood gain (alignment): 69.169 (= (-18491.020) - (-18560.189))
Log-likehood gain (for each site): 3.443 -1.066 -1.224 -0.574 2.704 2.733 1.136 1.003 0.530 0.078 1.883 0.248 0.193 0.095 0.171 3.935 3.818 4.067 2.230 -2.785 -1.345 -2.932 2.151 0.243 3.500 -1.534 1.308 1.440 -0.161 0.766 0.980 0.414 2.343 -1.183 0.633 1.706 -0.116 1.929 -1.489 -2.146 -2.027 -0.958 -1.648 -0.113 0.149 0.132 -0.544 2.767 -0.503 4.231 2.009 2.653 0.971 0.356 -0.057 0.175 0.384 0.209 -0.662 0.488 0.081 -1.203 -0.493 -0.479 3.323 -0.585 2.164 1.199 -0.343 0.062 0.184 -0.036 0.782 2.807 1.902 1.558 0.002 0.272 0.075 0.006 3.680 0.895 0.104 -0.266 1.110 1.025 0.308 -1.190 3.220 5.467 -0.377 0.026 -1.539 -0.302 2.138 -2.350 1.162 1.185 2.016 -1.485 -0.572 -2.410 -0.684 -0.350 -3.456 3.913 -0.952 1.923 0.366 0.383 0.123 0.184 0.162 -0.033 2.337 1.994 2.996 

Alignment name: 2aky.phylip
Number of taxa: 21
Number of sites: 191
Log-likelihood with estimated matrix (alignment): -6042.010
Log-likelihood with compared matrix (alignment): -6043.293
Log-likehood gain (alignment): 1.283 (= (-6042.010) - (-6043.293))
Log-likehood gain (for each site): -0.694 -1.326 0.369 0.353 0.173 0.131 -1.587 0.369 0.149 0.369 0.255 0.119 -1.252 0.491 -0.321 -0.952 0.270 0.187 0.115 -0.735 0.777 -1.105 -1.105 -0.551 -0.663 -0.019 -0.226 0.369 0.205 -0.878 -0.510 -0.336 0.781 0.729 -0.707 0.272 0.983 -0.450 0.731 0.189 0.430 -0.634 0.369 1.011 0.184 -0.767 0.960 1.297 -0.476 -0.975 -0.022 0.125 0.127 0.637 -0.482 -0.312 0.598 0.786 -0.516 -1.020 -0.329 -0.576 0.439 -1.513 -0.651 -1.321 -0.832 -0.081 -1.234 0.203 1.034 0.576 -0.164 0.887 0.449 -0.311 1.035 -0.264 0.679 -0.260 -0.869 -0.603 0.291 0.369 -0.421 0.173 -0.336 0.541 -0.880 0.297 -0.017 -0.024 -0.176 0.920 -0.392 -0.006 -0.296 -0.793 -0.625 0.416 0.001 -0.348 0.138 -0.418 0.847 -1.564 0.566 0.646 0.056 -1.170 -1.005 -0.702 0.160 -0.416 1.343 0.154 0.056 -0.162 -0.571 0.543 0.175 -0.336 -1.368 -0.567 0.606 -0.336 0.026 0.092 0.007 0.181 -0.028 -0.108 0.879 -0.050 -0.761 0.190 -0.025 0.550 0.432 0.183 -0.621 0.392 0.358 0.366 0.749 1.751 0.836 0.812 0.683 0.644 0.173 0.371 0.608 0.018 0.253 -0.108 -0.554 0.447 0.159 -0.149 1.244 0.291 0.291 -0.533 0.692 0.357 0.149 -0.419 -0.406 0.364 -0.336 -0.443 0.034 1.530 -0.497 -0.472 1.560 0.183 -0.504 0.719 0.245 -0.684 -0.598 -0.072 -0.292 -0.230 0.636 1.441 -0.354 0.063 0.620 

Alignment name: 1dyj.phylip
Number of taxa: 60
Number of sites: 208
Log-likelihood with estimated matrix (alignment): -17454.193
Log-likelihood with compared matrix (alignment): -17489.055
Log-likehood gain (alignment): 34.862 (= (-17454.193) - (-17489.055))
Log-likehood gain (for each site): 4.077 -1.055 -0.805 -0.806 -1.051 0.798 -0.177 0.602 0.729 -0.538 0.052 2.612 0.650 -1.149 0.398 -0.916 -0.835 2.734 2.631 -2.256 0.354 -0.444 0.092 -1.704 0.744 2.317 -0.525 -0.374 1.341 -1.021 -0.685 -2.845 2.329 -0.164 0.137 0.543 0.025 2.693 3.143 0.184 -1.720 -2.180 -1.942 -0.280 0.398 -0.302 0.145 0.163 -0.585 -0.566 -0.520 -1.272 0.026 3.501 0.535 -0.113 -0.250 0.660 -1.207 0.149 0.123 -0.287 -0.752 0.027 2.588 -0.819 1.261 -1.582 -0.726 -1.625 -1.663 0.511 0.086 1.114 0.869 1.079 2.799 -0.193 0.214 0.192 0.075 0.033 0.369 0.209 -0.460 0.570 -0.481 0.118 1.749 0.086 0.086 0.209 1.647 -0.928 -0.034 0.004 1.493 0.582 1.317 3.380 0.973 0.165 1.771 -0.403 -0.665 0.171 -0.084 0.041 0.272 0.335 0.000 2.155 -0.348 0.430 -0.817 1.257 0.682 1.390 0.026 -0.164 0.104 -0.330 0.566 0.084 -0.827 -0.031 -0.878 -0.572 -0.044 -0.769 -1.017 0.398 0.398 -0.908 0.361 -1.027 -1.181 0.473 0.780 -0.821 -1.730 2.884 0.127 -3.146 1.482 0.123 -0.430 0.086 -2.108 -1.586 0.254 -0.804 0.210 -1.968 -1.145 1.257 -0.218 0.379 -0.172 -0.083 1.345 0.333 0.888 0.095 -1.492 0.696 -2.836 1.771 -0.392 0.959 0.206 1.924 0.605 2.250 -0.595 0.444 1.722 0.859 -0.680 0.645 -0.187 1.758 2.602 1.131 0.608 0.320 2.764 -0.540 0.468 0.321 1.012 -0.310 0.464 0.104 -0.083 0.667 -0.165 0.922 -0.029 1.788 -2.704 1.347 -0.307 0.913 0.217 -0.543 -0.367 -1.130 

Alignment name: 2ci2.phylip
Number of taxa: 99
Number of sites: 85
Log-likelihood with estimated matrix (alignment): -9027.429
Log-likelihood with compared matrix (alignment): -9067.050
Log-likehood gain (alignment): 39.621 (= (-9027.429) - (-9067.050))
Log-likehood gain (for each site): 0.151 2.002 -0.907 -0.522 0.294 -0.535 -1.329 2.469 0.682 0.900 2.032 -1.275 0.053 0.915 -0.527 2.065 0.000 2.969 0.964 -1.224 1.281 2.661 -0.658 1.613 1.429 2.250 -0.901 1.506 0.125 -2.340 1.390 0.608 0.529 -0.428 1.706 1.994 2.933 -2.674 0.130 0.104 0.137 1.001 1.575 2.009 4.867 0.739 -2.450 -0.376 0.209 2.364 0.121 2.856 -0.373 -0.641 0.377 -1.000 0.325 -0.390 2.632 0.323 -0.857 0.119 3.064 0.000 -0.521 0.213 0.271 0.073 -0.015 1.031 0.127 0.121 0.193 0.065 -0.541 3.841 -0.650 -0.475 0.742 -1.339 -2.397 -0.419 0.425 -0.720 0.526 

Alignment name: 1cah.phylip
Number of taxa: 99
Number of sites: 516
Log-likelihood with estimated matrix (alignment): -42966.278
Log-likelihood with compared matrix (alignment): -43062.555
Log-likehood gain (alignment): 96.277 (= (-42966.278) - (-43062.555))
Log-likehood gain (for each site): 0.178 0.497 0.026 0.113 -0.103 0.272 0.000 0.000 -0.330 1.994 0.072 0.272 0.026 0.137 0.272 0.158 0.103 1.632 0.468 0.631 0.501 -0.706 0.297 0.086 0.248 0.202 0.325 -1.097 -0.709 3.146 -0.244 -0.140 1.279 -0.253 0.149 0.095 0.169 0.896 -0.527 0.000 0.000 0.000 0.000 0.000 0.000 0.906 -1.364 -1.702 0.000 0.272 1.716 0.703 1.420 0.079 0.000 -0.091 -0.173 -0.586 -0.519 1.489 0.218 -0.054 0.100 1.401 2.137 -0.179 -0.126 0.863 0.000 0.000 0.142 -0.738 4.450 -0.330 -0.944 -0.082 0.062 2.071 0.028 0.992 -2.026 -0.779 0.196 0.137 -0.142 -0.317 0.762 2.085 -0.249 0.387 -1.071 0.205 -0.354 2.706 -0.038 -1.684 1.544 -1.058 0.068 0.421 1.725 0.101 -0.430 0.104 0.123 -0.054 -0.163 -0.776 1.190 0.749 -1.136 1.286 1.456 0.228 0.177 0.480 1.707 3.454 -3.834 1.884 0.442 0.728 0.000 0.363 -0.729 -0.947 0.378 0.119 -0.233 1.184 0.844 -1.321 0.744 0.895 0.005 0.390 0.000 0.000 0.000 0.000 0.000 0.368 0.488 1.327 4.289 1.374 0.000 0.168 0.000 0.000 1.849 1.856 0.099 -0.047 0.120 0.000 0.000 0.000 0.000 0.000 0.000 0.000 0.000 0.000 0.000 0.000 0.000 0.000 0.000 0.000 0.000 0.253 0.252 0.106 0.248 0.983 0.918 0.124 1.966 -2.028 0.052 -0.301 2.385 0.508 2.333 0.526 0.654 0.104 0.000 0.000 0.000 -0.330 0.086 1.536 2.158 1.596 1.501 -0.961 0.000 -0.482 -0.310 2.387 -0.538 -2.363 0.098 -1.406 -0.251 0.508 0.000 0.000 0.000 -0.062 0.363 1.604 0.000 0.287 2.361 -0.143 0.209 -0.113 0.549 0.120 0.667 -0.164 -0.084 -0.330 -0.155 -0.004 -0.745 -0.013 -0.231 0.172 -0.151 2.035 2.563 0.000 0.000 0.000 0.000 -0.643 -0.441 -2.246 0.786 0.000 0.000 0.000 -1.945 0.000 0.000 -0.012 0.000 0.000 -1.700 -1.065 -3.484 1.102 0.543 -0.414 -0.076 -0.319 0.115 1.133 2.446 -0.140 1.857 2.153 -0.773 2.934 0.000 0.000 0.180 0.194 1.045 2.825 0.421 0.896 0.107 -0.330 2.088 -0.144 0.188 -0.054 0.272 0.636 -1.870 -1.650 -0.959 -2.044 -4.092 0.757 -1.858 -1.347 1.476 -0.702 4.033 0.000 0.000 0.000 0.000 0.000 0.000 0.000 0.000 2.174 0.714 0.287 -0.536 0.192 -0.029 0.950 1.584 0.118 -0.282 0.678 0.004 -0.201 0.000 -0.303 0.256 -0.652 0.093 0.137 1.321 -1.511 1.075 0.001 1.871 -2.718 0.000 0.000 -1.871 1.135 -1.200 -1.568 3.236 0.149 -1.212 0.253 0.026 -1.226 0.000 0.000 0.000 0.000 0.000 0.037 -0.642 -0.084 0.258 1.575 4.191 -0.113 0.748 0.149 1.543 0.104 -0.181 -0.113 -1.408 2.871 0.237 0.369 -3.532 0.395 -0.035 2.707 2.643 0.000 0.000 0.000 0.000 0.000 0.000 0.000 0.482 -1.903 1.789 -0.476 1.460 1.104 -0.799 -0.113 -0.054 -0.164 -1.999 0.288 2.352 0.280 0.149 0.644 -1.830 0.000 0.000 0.272 0.699 0.809 1.786 0.731 -1.561 -1.607 -2.345 1.747 -0.299 -0.518 0.698 0.696 -0.572 0.810 -0.196 -0.254 0.271 0.000 0.000 3.350 -1.156 0.934 0.140 -1.474 -0.275 0.385 -0.515 0.225 0.000 0.000 -1.156 -1.203 -0.166 -0.623 -0.127 -2.426 1.623 0.253 -0.902 0.624 -0.851 0.000 0.000 0.000 0.000 0.000 -0.287 -0.263 0.123 0.104 -0.254 -1.411 -0.179 2.333 -0.827 0.672 0.086 0.020 0.084 0.314 -1.033 0.808 -0.353 0.879 0.362 -0.316 0.171 -0.043 -0.415 -0.215 0.763 0.549 1.722 0.662 -0.170 3.390 1.946 0.574 0.036 -0.001 0.000 0.000 0.000 0.000 0.000 0.000 0.000 0.000 0.000 0.000 0.000 0.000 0.000 0.000 0.000 0.000 0.000 0.000 -0.112 0.298 0.315 -2.330 1.357 0.841 0.443 -1.521 -0.584 0.536 0.000 -2.771 -0.630 1.405 1.784 0.450 4.032 0.543 0.000 4.456 -2.880 -0.535 -0.116 0.731 

Alignment name: 2afg.phylip
Number of taxa: 52
Number of sites: 176
Log-likelihood with estimated matrix (alignment): -10058.047
Log-likelihood with compared matrix (alignment): -10017.832
Log-likehood gain (alignment): -40.215 (= (-10058.047) - (-10017.832))
Log-likehood gain (for each site): -0.285 1.702 0.765 -1.049 -1.133 -0.096 -0.931 -0.101 0.310 0.430 -0.030 1.131 -1.028 -1.093 -1.689 0.028 -0.959 1.069 0.845 -0.379 0.104 0.149 0.209 0.253 1.781 0.287 0.086 0.137 -0.113 -0.164 -0.728 -0.997 0.065 -0.239 0.789 0.454 -0.438 -0.974 0.149 -0.379 0.156 1.129 -1.337 -0.471 -0.978 0.562 -1.515 0.203 -0.850 1.317 -0.099 1.603 0.272 0.253 0.026 -0.330 0.594 1.388 0.839 -0.179 0.296 -0.301 0.232 -1.526 -0.360 -0.609 -1.847 -1.799 0.680 -0.888 0.132 1.262 -0.077 -0.204 -2.326 -2.027 -0.579 0.948 -2.381 -3.393 0.576 -1.437 -0.212 -0.129 -2.168 0.165 -0.096 -0.099 0.424 -0.043 -0.187 -0.152 0.079 0.478 0.134 1.040 -0.032 -0.264 0.160 -1.023 -0.524 -0.828 -0.274 -2.218 0.051 0.516 -0.080 -0.349 -0.234 0.641 0.907 -0.451 -0.335 -0.017 -0.038 -0.133 0.441 -0.624 0.747 -0.694 -0.115 0.434 -0.029 -0.170 0.197 0.552 0.116 0.137 0.272 0.086 0.272 -0.379 0.272 -0.048 0.054 -0.204 -0.177 -0.452 -0.151 -0.696 -0.499 0.032 -1.085 0.706 -0.426 -0.480 -2.227 -1.142 -1.695 0.412 -2.071 -0.947 0.749 -0.651 -0.704 -0.909 -1.278 -0.170 -1.277 -0.028 0.078 -1.916 -0.274 -0.527 1.183 0.121 0.217 0.249 -1.042 -1.381 -0.509 -0.750 -0.451 0.170 -0.155 -0.982 

Alignment name: 1azp.phylip
Number of taxa: 3
Number of sites: 59
Log-likelihood with estimated matrix (alignment): -261.235
Log-likelihood with compared matrix (alignment): -262.819
Log-likehood gain (alignment): 1.584 (= (-261.235) - (-262.819))
Log-likehood gain (for each site): 0.414 -0.269 -0.201 -0.304 0.133 -0.096 0.133 0.289 0.149 0.012 0.249 0.126 -0.174 0.266 -0.199 0.105 0.133 -0.305 0.133 0.133 -0.174 -0.052 -0.226 -0.174 0.289 0.133 -0.166 -0.288 0.105 -0.304 0.165 -0.096 0.266 0.006 0.272 0.406 0.289 0.133 0.165 0.289 -0.150 0.289 0.029 -0.174 0.105 0.095 0.133 0.266 0.029 0.207 0.133 0.095 -0.375 -0.354 0.061 -0.166 -0.355 0.150 -0.201 

Alignment name: 1hz6.phylip
Number of taxa: 3
Number of sites: 70
Log-likelihood with estimated matrix (alignment): -355.556
Log-likelihood with compared matrix (alignment): -360.173
Log-likehood gain (alignment): 4.617 (= (-355.556) - (-360.173))
Log-likehood gain (for each site): 0.438 0.205 0.096 0.104 0.191 0.201 0.096 0.120 -0.161 0.197 -0.455 0.147 0.395 0.180 -0.402 -0.102 -0.326 0.327 0.279 0.300 0.322 -0.034 0.097 0.115 0.040 0.351 -0.326 0.147 0.300 0.197 -0.326 0.271 0.185 0.040 -0.039 -0.142 -0.004 0.040 -0.097 0.154 -0.097 0.040 0.279 -0.041 -0.394 0.126 0.147 0.260 0.001 0.300 0.183 -0.097 0.197 -0.039 0.279 -0.243 0.310 0.279 0.332 0.300 -0.084 0.197 -0.407 0.180 -0.455 -0.216 -0.326 0.040 0.300 0.147 

Alignment name: 1u5p.phylip
Number of taxa: 80
Number of sites: 124
Log-likelihood with estimated matrix (alignment): -16763.854
Log-likelihood with compared matrix (alignment): -16731.712
Log-likehood gain (alignment): -32.142 (= (-16763.854) - (-16731.712))
Log-likehood gain (for each site): -1.170 -2.427 -0.028 -1.467 0.358 -0.925 -0.610 1.009 -0.555 -0.709 -0.561 -0.856 -1.567 -1.118 -0.299 0.198 -2.614 -1.282 -0.288 0.431 -0.181 -0.449 0.349 1.291 -1.055 -0.113 0.186 -1.129 -0.139 -0.939 0.614 0.166 0.052 1.325 -0.447 1.566 -0.146 0.465 0.289 -0.412 0.874 -1.210 0.324 1.930 -0.268 0.339 -0.263 -0.403 -0.426 -0.164 -0.537 0.860 -1.051 -0.305 1.445 -2.070 -2.296 -0.614 -1.055 -0.286 -0.970 1.396 0.762 0.283 -0.974 -0.907 -0.716 -2.714 -1.319 0.180 -0.271 -0.070 0.242 2.093 -1.376 -1.383 -0.657 1.402 -2.414 0.053 -1.186 1.376 0.373 1.676 -0.280 -0.172 0.216 0.417 0.540 1.191 1.346 -0.446 0.291 0.217 2.001 -0.619 -1.136 0.194 0.901 -1.402 -0.668 0.012 -0.050 -1.800 -1.310 0.607 -0.229 -0.379 0.803 -0.080 -1.484 -2.532 1.325 1.645 -3.241 2.126 0.406 -0.813 -2.411 1.135 -0.681 -0.853 -2.219 -1.226 

Alignment name: 3ssi.phylip
Number of taxa: 25
Number of sites: 96
Log-likelihood with estimated matrix (alignment): -3611.030
Log-likelihood with compared matrix (alignment): -3629.181
Log-likehood gain (alignment): 18.151 (= (-3611.030) - (-3629.181))
Log-likehood gain (for each site): 0.348 0.206 0.108 -0.338 -0.377 1.066 -0.458 -0.203 -0.031 -0.724 -0.048 0.651 0.963 1.452 -0.684 0.262 -0.379 0.170 0.438 0.567 -0.540 -0.304 -0.050 0.434 0.292 -0.504 0.324 -0.547 0.336 0.213 0.554 0.554 0.020 0.406 1.237 -0.157 0.108 -0.301 0.229 1.664 1.068 -0.136 -0.547 0.506 0.446 -0.504 0.189 1.497 -1.041 1.605 0.104 0.026 0.215 0.856 -0.054 0.799 0.462 -0.625 -0.056 0.544 0.482 0.248 0.420 0.863 1.694 0.514 -0.286 -0.090 0.613 1.134 -0.935 -0.163 0.129 -0.017 -0.651 0.790 -0.075 0.515 -0.216 -0.865 0.406 0.758 -0.150 -1.050 0.589 -0.270 0.090 0.178 1.153 -0.100 0.159 0.047 0.144 -0.461 -0.054 0.297 

Alignment name: 1rtp.phylip
Number of taxa: 97
Number of sites: 143
Log-likelihood with estimated matrix (alignment): -16066.996
Log-likelihood with compared matrix (alignment): -16063.517
Log-likehood gain (alignment): -3.479 (= (-16066.996) - (-16063.517))
Log-likehood gain (for each site): -1.184 0.612 0.347 -2.062 -2.120 -0.576 -1.983 -0.100 -1.168 -1.662 -0.894 0.137 0.137 -0.237 -1.804 2.215 0.418 1.332 2.435 1.581 2.562 -0.157 -1.957 1.546 -0.790 0.697 -2.227 -1.370 -2.887 -1.900 -0.054 -0.084 0.086 0.149 -0.430 0.026 -0.330 0.086 -0.084 -0.150 -0.408 0.348 0.432 -0.193 -0.038 -0.201 -0.012 -0.179 -0.169 -0.116 -0.925 -2.202 0.670 0.756 -0.959 0.245 0.059 1.079 -0.410 -0.160 -0.334 0.020 -0.185 -0.338 0.292 0.284 0.363 0.480 0.058 0.460 -0.106 0.123 0.095 -0.254 -0.322 0.149 -0.134 -0.669 0.319 0.564 -0.330 -0.082 0.010 0.119 -0.247 -0.477 -1.665 2.231 2.113 1.455 1.610 -1.312 3.636 0.773 -0.118 0.384 0.173 -0.118 0.142 0.351 -0.022 -0.678 0.351 -0.228 -0.403 -1.687 -2.353 0.086 0.170 0.963 -0.735 -1.593 -1.994 -3.842 0.272 -0.966 -0.634 0.060 0.093 0.004 3.235 0.678 2.799 1.072 -0.113 1.803 -0.059 2.628 0.085 -0.055 0.175 0.475 -1.205 4.926 0.286 -0.267 -2.069 -1.281 0.767 0.196 0.885 -0.223 -0.373 

Alignment name: 1rn1.phylip
Number of taxa: 99
Number of sites: 145
Log-likelihood with estimated matrix (alignment): -10321.904
Log-likelihood with compared matrix (alignment): -10407.158
Log-likehood gain (alignment): 85.255 (= (-10321.904) - (-10407.158))
Log-likehood gain (for each site): -0.644 0.235 2.091 0.303 -0.580 -1.878 4.441 0.322 0.463 3.658 3.811 0.049 1.501 0.226 0.926 0.399 1.067 1.115 1.472 0.569 0.473 0.491 0.093 0.389 0.092 1.120 0.275 0.261 0.103 -0.527 1.080 1.049 2.857 -0.426 -1.260 0.720 1.494 1.356 3.633 0.379 2.684 0.978 1.152 0.227 3.677 0.117 0.272 0.272 0.272 0.095 0.356 -0.760 -0.304 0.911 0.902 0.710 3.512 1.432 1.520 -0.266 0.277 -0.467 0.576 -0.017 -0.060 0.424 -0.801 0.938 -0.249 2.076 2.157 1.357 1.610 0.466 3.030 0.752 0.109 -0.225 0.000 0.000 0.000 0.000 0.000 0.272 0.123 0.149 0.123 -0.054 0.137 0.137 0.000 0.000 0.000 0.000 0.000 0.000 0.000 0.000 -0.154 0.270 0.443 0.163 0.191 0.054 0.135 0.217 1.824 0.136 0.287 0.000 0.000 0.000 0.026 -1.177 -2.541 -1.307 -0.160 -0.327 0.748 0.968 1.652 0.817 1.747 2.103 0.796 1.168 1.080 -0.516 1.126 0.690 -0.329 0.111 1.006 -0.624 1.078 -0.141 4.060 0.978 0.090 -0.076 1.915 0.857 -0.483 1.411 1.150 

Alignment name: 1tup.phylip
Number of taxa: 5
Number of sites: 197
Log-likelihood with estimated matrix (alignment): -1568.868
Log-likelihood with compared matrix (alignment): -1563.680
Log-likehood gain (alignment): -5.188 (= (-1568.868) - (-1563.680))
Log-likehood gain (for each site): 0.331 -0.162 -0.275 0.218 0.031 0.323 0.582 0.485 -0.087 -0.002 0.318 0.646 -0.133 0.234 -0.415 -0.293 -0.324 0.125 -0.303 0.024 -0.065 0.163 0.125 0.178 0.041 0.147 0.117 -0.009 0.178 -0.286 0.178 -0.087 0.117 0.232 0.201 -0.375 0.126 0.147 -0.436 -0.200 -0.459 0.099 -0.460 0.041 0.147 0.178 -0.506 0.218 -0.447 0.068 -0.564 0.063 -0.159 0.276 0.188 0.109 0.218 0.218 0.101 0.318 -0.038 -0.117 -0.479 -0.145 0.041 -0.300 0.217 -0.301 -0.087 0.147 0.264 -0.071 0.127 -0.071 -0.228 -0.149 -0.005 -0.159 -0.159 -0.473 -0.145 -0.459 0.218 -0.024 -0.071 0.103 -0.130 -0.396 0.028 0.205 0.189 0.486 0.117 0.563 0.095 -0.049 0.326 0.042 -0.011 0.126 -0.071 -0.375 -0.502 -0.145 -0.159 0.105 0.318 0.099 0.010 -0.228 -0.169 -0.232 -0.087 -0.141 -0.115 0.281 -0.044 -0.093 0.178 0.158 -0.145 -0.188 0.117 -0.159 -0.282 -0.159 0.218 -0.087 0.105 0.442 0.218 0.149 -0.153 0.318 -0.047 -0.002 -0.496 0.178 0.178 -0.511 -0.112 -0.273 0.099 -0.123 -0.155 -0.459 0.172 0.117 0.117 -0.459 -0.146 0.318 0.318 -0.155 0.172 -0.145 -0.145 0.218 -0.420 -0.375 -0.067 -0.420 -0.474 0.178 -0.375 0.105 0.263 0.009 0.112 0.318 -0.005 -0.298 -0.375 0.318 -0.145 -0.082 -0.487 -0.303 0.105 0.153 -0.145 -0.374 -0.459 0.041 -0.459 0.218 0.318 -0.145 0.281 -0.145 -0.495 0.021 0.018 0.105 -0.021 0.000 -0.204 

Alignment name: 1ifc.phylip
Number of taxa: 99
Number of sites: 177
Log-likelihood with estimated matrix (alignment): -24447.530
Log-likelihood with compared matrix (alignment): -24523.542
Log-likehood gain (alignment): 76.012 (= (-24447.530) - (-24523.542))
Log-likehood gain (for each site): -0.062 2.848 0.188 3.492 -1.278 -0.720 -0.037 -0.909 1.511 0.777 1.337 3.168 0.287 0.632 0.996 1.307 -0.183 1.009 -3.125 0.432 -1.108 0.818 -0.597 0.374 -0.939 0.805 -0.572 -0.679 -1.624 0.255 -0.844 -0.942 3.134 -0.157 -0.793 1.335 -2.155 -0.525 1.021 1.885 -0.590 0.317 -0.865 0.559 -0.089 -1.083 0.904 -0.354 0.019 -0.319 3.648 0.086 0.095 0.123 0.095 0.086 0.209 -0.254 -0.113 0.068 3.643 3.011 0.456 1.992 -0.082 -0.144 -0.929 -0.106 1.638 3.149 1.073 0.813 1.962 -1.240 1.068 -0.449 0.362 0.261 -0.011 -0.049 1.220 3.035 -1.456 3.334 -0.915 2.913 1.865 2.042 -1.756 -0.229 0.098 0.802 0.886 -0.051 0.824 0.048 2.853 0.754 -0.206 -0.015 0.236 0.088 3.667 -1.963 0.532 -1.367 -1.653 -0.272 0.914 3.197 2.026 3.848 -0.195 1.112 0.914 -1.449 -0.099 -3.173 0.950 -0.423 0.120 2.140 0.525 0.099 0.849 0.694 2.270 2.792 2.132 -0.610 0.202 -0.441 0.456 1.772 -1.154 0.889 -0.900 -0.692 -0.737 0.556 3.535 0.919 1.342 0.011 2.879 1.651 1.151 0.854 0.272 1.759 1.366 -0.591 -1.555 -0.536 -0.119 -0.438 -3.008 0.721 0.559 -1.628 -0.147 0.116 2.025 -1.219 2.996 0.009 -0.381 -0.666 0.272 -2.166 0.400 -0.474 2.665 0.202 0.539 -0.967 0.441 

Alignment name: 1bta.phylip
Number of taxa: 99
Number of sites: 125
Log-likelihood with estimated matrix (alignment): -14602.857
Log-likelihood with compared matrix (alignment): -14604.460
Log-likehood gain (alignment): 1.603 (= (-14602.857) - (-14604.460))
Log-likehood gain (for each site): 1.005 -2.785 0.993 -1.198 1.346 0.463 -1.283 1.223 4.123 1.194 1.382 0.741 -1.055 -0.709 -0.800 0.401 -3.696 0.040 0.630 1.081 -1.241 2.559 0.347 -1.236 1.697 1.865 -1.049 0.798 0.613 -3.377 -0.164 1.948 -0.251 0.994 0.854 -0.439 0.352 -0.757 0.677 -1.210 -2.458 0.417 -0.174 -0.049 0.960 -1.620 1.086 0.358 0.082 -0.501 -0.319 -0.125 0.078 0.966 0.060 0.521 -0.089 1.663 -0.108 1.247 0.444 -0.277 0.005 0.759 1.891 1.427 0.821 -0.291 -0.443 -0.069 -0.301 -0.369 -0.381 0.280 0.252 -0.024 0.150 0.021 -0.381 0.073 -2.572 3.591 -0.508 -1.452 3.610 -2.771 1.889 -0.722 -3.124 -1.621 -0.605 1.228 0.064 -1.130 0.926 1.667 -0.138 -0.164 0.209 0.026 0.272 0.253 -0.113 0.104 -0.151 0.103 0.039 0.445 0.788 -2.902 -2.334 2.744 0.753 -1.551 -2.730 -1.867 -1.210 -1.060 -1.783 -1.480 -0.119 1.360 1.590 2.223 -1.826 

Alignment name: 1cey.phylip
Number of taxa: 52
Number of sites: 145
Log-likelihood with estimated matrix (alignment): -12444.361
Log-likelihood with compared matrix (alignment): -12424.945
Log-likehood gain (alignment): -19.415 (= (-12444.361) - (-12424.945))
Log-likehood gain (for each site): -0.328 -0.989 -0.859 -0.947 -1.678 0.532 -2.148 -0.033 -0.386 -0.028 1.321 -0.396 0.253 -1.372 -0.874 0.212 -1.437 -1.371 -0.135 0.149 -0.084 -0.379 -0.181 0.429 0.052 -0.054 1.025 1.679 -1.973 0.209 0.272 0.162 0.989 -0.827 0.189 -0.150 0.700 -0.971 2.101 2.285 -0.434 -0.062 0.554 -0.914 0.310 0.082 -0.045 -1.540 0.014 0.149 -0.330 -0.038 -0.079 0.728 -0.353 0.905 0.334 -0.037 0.177 0.170 0.266 -3.163 0.999 -1.629 -2.784 -1.831 -2.465 0.938 -1.335 -0.609 -2.195 1.527 2.415 0.170 0.026 0.311 0.123 -0.084 0.272 2.658 1.011 -1.184 -0.886 -1.176 -1.055 -0.309 -0.817 -1.880 0.027 -0.525 0.254 -1.482 2.951 -0.044 -0.265 0.099 1.384 -0.084 0.272 -0.113 -0.459 1.177 -0.709 -0.660 -1.018 -2.229 0.167 0.140 -0.059 -0.595 -0.659 1.009 0.288 -0.706 0.290 0.992 1.289 0.496 0.103 -1.672 -0.638 -0.197 0.821 -0.238 0.905 -0.411 1.308 2.319 -1.178 -1.353 -1.573 0.782 0.428 -1.639 -0.060 3.095 1.562 0.388 -0.627 -1.405 -0.933 1.460 -0.129 -1.812 -1.812 

Alignment name: 1ycc.phylip
Number of taxa: 66
Number of sites: 179
Log-likelihood with estimated matrix (alignment): -14744.753
Log-likelihood with compared matrix (alignment): -14812.079
Log-likehood gain (alignment): 67.326 (= (-14744.753) - (-14812.079))
Log-likehood gain (for each site): -0.801 1.120 -0.324 -0.726 0.104 1.683 1.865 -0.850 -0.242 1.032 2.445 0.371 1.414 0.004 0.008 0.102 0.149 0.172 -0.340 0.431 0.700 -0.148 -1.140 -1.780 -0.148 0.753 0.149 2.055 0.822 1.507 0.788 1.440 1.556 -0.100 0.795 0.934 0.712 0.886 0.060 0.133 -0.292 0.328 0.168 0.502 -0.091 -0.174 0.294 0.357 0.322 0.004 -0.326 -0.153 0.152 0.149 -0.164 -0.330 0.253 0.209 0.149 -0.113 -0.088 0.081 0.373 0.041 0.216 0.203 -0.132 0.160 -0.020 -0.068 -0.416 0.163 0.650 -0.014 -0.529 0.396 0.127 2.810 0.388 0.670 2.122 0.394 2.006 2.129 -0.953 2.292 1.238 0.667 1.352 1.513 0.677 1.813 -0.516 1.346 -1.471 -0.080 0.364 -0.227 -0.043 -0.630 0.187 0.222 -0.916 1.306 0.126 -0.203 0.169 0.253 0.026 0.168 -0.026 -0.295 0.618 2.304 2.162 -0.405 0.112 1.240 -0.249 -1.082 2.220 2.621 0.649 0.867 3.817 0.680 0.416 0.782 0.232 0.538 0.388 0.606 0.222 0.181 -0.167 0.253 -0.330 0.104 -0.054 0.086 0.123 -0.430 0.209 0.149 0.253 0.272 -0.054 0.104 -0.330 0.095 -0.164 0.095 0.095 0.045 0.030 0.162 -0.123 -0.237 -0.034 2.914 -0.825 -0.726 3.925 1.180 0.209 2.165 -1.159 -0.974 -0.199 2.432 -2.424 -1.832 1.360 -0.558 -2.215 0.854 2.553 -0.174 2.889 

Alignment name: 1ag2.phylip
Number of taxa: 15
Number of sites: 134
Log-likelihood with estimated matrix (alignment): -2613.623
Log-likelihood with compared matrix (alignment): -2605.629
Log-likehood gain (alignment): -7.994 (= (-2613.623) - (-2605.629))
Log-likehood gain (for each site): 0.285 0.065 0.097 -0.094 -0.377 -0.357 0.872 -0.609 0.770 0.144 0.230 0.043 0.057 0.154 0.026 -0.116 -0.116 0.029 -0.129 -0.050 -0.084 0.286 0.038 -0.313 0.282 0.001 -0.028 -0.464 -0.213 -0.200 -0.112 0.472 -0.145 -0.179 0.439 0.126 -0.054 -0.172 0.055 -0.181 0.418 -0.147 -0.306 0.587 -0.531 -0.397 -0.066 0.304 -0.658 0.023 0.315 -0.574 0.362 0.084 0.459 0.095 0.060 0.044 0.032 0.445 0.274 0.019 0.059 0.343 -0.233 0.250 -0.122 0.119 0.106 0.041 0.052 0.041 0.041 -0.070 0.269 -0.263 0.116 0.081 0.272 0.093 -0.806 -0.286 -0.144 -0.610 -0.785 -0.062 0.635 0.212 -0.546 -0.568 -0.607 0.154 -0.302 -0.658 -0.562 0.086 0.201 -0.061 -0.462 -0.237 -0.220 0.196 0.095 0.026 0.026 -0.174 -0.093 0.249 -0.190 -0.225 0.286 -0.502 -0.188 -0.330 -0.030 -0.709 -0.203 0.169 0.142 0.120 1.362 -0.400 0.006 -0.345 -0.110 -0.963 0.036 -0.328 -0.882 -0.600 -0.069 -0.886 -0.365 -0.006 

Alignment name: 1sup.phylip
Number of taxa: 43
Number of sites: 881
Log-likelihood with estimated matrix (alignment): -29127.094
Log-likelihood with compared matrix (alignment): -29212.954
Log-likehood gain (alignment): 85.859 (= (-29127.094) - (-29212.954))
Log-likehood gain (for each site): 1.321 0.184 1.630 -0.581 0.429 -1.427 -1.237 -1.172 -1.876 0.350 0.707 0.780 -0.540 -0.204 1.387 1.982 -0.023 -1.205 0.893 -0.804 0.165 0.095 -0.093 0.349 0.305 1.215 0.646 0.243 1.533 -1.810 0.702 0.777 -0.355 -0.250 1.134 -0.796 0.886 0.457 0.108 1.474 0.490 0.118 0.509 0.229 -0.052 -0.186 -0.179 0.149 0.369 0.179 -0.015 0.297 0.331 0.199 -0.468 0.199 0.331 -0.486 0.139 0.331 -0.182 0.217 -0.410 0.231 -0.468 0.218 0.221 0.191 -0.073 0.340 -0.338 0.218 0.135 0.331 0.175 -0.087 -0.078 -0.368 0.331 -0.486 0.152 0.243 0.272 -0.084 0.253 -0.254 -0.084 0.209 0.123 0.026 -0.330 0.123 0.104 -0.113 -0.379 0.095 0.123 0.104 -0.113 0.123 0.104 0.123 -0.379 -0.028 0.253 0.209 -0.164 -0.054 -0.113 -0.164 0.026 -0.330 0.026 0.104 0.026 -0.430 -0.113 0.123 0.095 0.104 0.104 -0.254 0.253 -0.164 0.026 0.149 0.149 0.272 0.086 0.086 0.095 0.026 0.149 0.123 -0.330 -0.379 0.123 0.104 0.104 -0.330 0.095 0.086 0.095 -0.164 0.104 -0.330 -0.330 0.149 0.086 -0.254 0.104 0.123 0.123 -0.084 0.086 0.253 0.209 0.272 0.209 -0.368 -0.197 0.041 -0.555 -0.197 -0.054 0.129 0.274 0.196 0.291 0.179 0.048 0.087 -0.135 -0.084 -0.278 -0.135 0.235 0.179 0.309 0.199 0.196 0.331 0.447 -0.212 0.038 0.097 -0.305 -0.019 -0.072 -0.577 0.108 0.024 -0.094 0.126 0.111 -0.104 0.341 0.240 0.364 -0.208 0.661 -0.275 0.244 3.025 0.253 1.711 0.041 1.836 1.612 2.332 0.252 0.887 0.585 2.599 2.815 -0.567 0.752 2.254 -0.254 0.026 -0.430 0.123 -0.164 0.253 -0.254 -0.330 0.123 0.086 -0.181 0.026 0.086 -0.164 0.026 0.253 -0.164 0.272 0.209 -0.164 0.026 0.253 -0.164 -0.164 0.137 -0.028 -0.054 0.253 0.272 0.104 -0.181 -0.028 -0.113 -0.164 -0.430 -0.379 0.253 0.137 0.086 -0.254 -0.113 0.272 -0.113 -0.330 0.272 -0.330 0.272 0.149 -0.164 -0.330 0.272 0.137 -0.254 -0.113 0.104 0.137 0.272 0.253 -0.084 0.026 -0.084 -0.330 0.137 0.149 0.123 0.253 0.086 -0.164 -0.164 -0.084 0.137 -0.164 -0.113 -0.164 0.086 -0.025 -0.571 -0.036 0.555 -0.006 -0.384 0.766 0.276 -0.259 -0.142 0.164 0.150 0.027 0.211 -0.147 1.025 -0.295 -0.773 -0.465 -0.863 -0.773 -0.280 -1.644 -0.566 0.216 1.375 0.476 0.059 1.126 -0.023 1.051 0.745 0.047 0.041 1.258 1.243 -0.585 0.913 0.285 -1.051 -0.022 0.578 2.009 -1.659 1.672 -1.992 0.996 -0.088 0.096 0.142 0.343 -0.126 0.358 0.102 -0.140 0.414 -0.097 0.112 0.337 0.016 -0.190 -0.068 -0.240 -0.195 0.175 0.201 0.459 -0.033 -1.633 0.205 0.186 2.074 1.214 0.621 1.005 -0.565 -0.111 1.475 1.246 0.872 0.228 -0.147 1.108 2.125 -2.050 -1.125 -0.448 -0.019 0.253 -0.330 -0.330 0.026 0.086 0.123 0.104 0.123 0.104 -0.181 0.026 -0.379 0.104 -0.113 -1.362 -0.701 -0.332 -0.918 -0.921 -0.112 0.376 1.335 1.435 -1.122 0.361 -0.247 -0.168 0.120 0.675 0.448 0.186 -0.295 -0.031 -0.048 -0.162 -1.162 0.104 -0.181 -0.181 -0.113 0.086 0.123 -0.519 -0.416 -0.545 -0.535 -0.711 0.956 0.343 -0.057 -0.120 -0.423 -0.174 0.206 0.393 1.780 0.601 1.027 -0.612 1.971 1.273 1.642 1.323 -0.252 0.478 0.429 -0.352 0.712 -0.939 0.507 -0.133 0.325 0.026 0.086 0.272 0.086 -0.181 0.209 0.171 -0.479 0.277 0.787 -1.113 -0.971 0.793 0.522 -0.745 0.295 0.105 0.664 0.457 0.367 1.206 -1.019 -1.005 -0.739 -0.410 -0.567 -1.637 -1.651 0.774 0.574 0.329 0.749 -0.585 -0.254 0.026 0.086 -0.330 -0.330 0.026 0.095 0.026 0.137 0.026 0.123 0.149 0.026 -0.379 0.137 -0.164 0.272 0.138 -0.157 1.392 0.788 0.966 0.697 0.638 -0.013 -0.281 0.367 -0.242 -0.098 0.122 -0.345 0.751 0.328 0.738 1.078 -0.522 0.554 0.506 0.700 -1.399 1.942 0.004 -0.462 1.405 0.190 0.052 0.931 -1.402 -1.524 -0.732 -0.084 -0.330 0.086 0.086 -0.379 0.253 -0.084 -0.028 0.253 0.602 0.217 -0.017 -0.197 -0.112 0.210 0.174 -0.938 -1.513 -0.926 -0.817 -1.894 -1.481 0.576 -0.243 0.518 0.074 0.252 -0.321 0.156 0.073 -0.259 0.199 0.195 0.025 0.177 0.002 0.307 0.250 0.053 0.040 -0.174 -0.324 0.219 0.285 -0.073 0.482 -0.059 0.442 0.052 0.094 0.264 0.234 0.111 -0.155 0.050 -0.083 -0.073 -0.190 0.065 -0.013 -0.081 0.205 -0.156 0.258 -0.559 -0.055 0.164 0.399 0.206 0.339 0.088 0.094 0.010 0.205 0.283 0.010 0.050 0.129 0.288 -0.077 -0.022 -0.290 -0.408 0.133 -0.113 0.472 0.032 -0.021 -0.145 -0.108 -0.306 0.202 0.137 0.099 0.349 0.019 -0.295 0.134 -0.180 -0.115 0.605 0.304 -0.106 0.261 -0.038 -0.288 -0.174 0.015 0.090 0.412 0.006 -0.140 0.332 0.120 -0.323 0.108 -0.645 0.048 0.291 0.515 0.745 0.118 -0.078 0.487 0.600 0.437 -0.562 0.775 0.452 0.309 -0.040 0.393 -0.143 0.039 -0.518 0.629 0.292 -0.875 0.338 -0.050 -0.152 -0.061 -0.345 -0.046 0.280 0.365 0.294 -0.450 -0.164 0.253 -0.028 -0.164 0.137 0.026 -0.054 0.209 0.253 0.253 0.086 -0.330 0.272 -0.164 0.188 -0.143 0.041 -0.025 -0.228 -0.006 0.096 0.497 0.321 0.276 0.283 0.579 1.411 0.462 1.747 0.699 -0.678 -1.576 1.321 -0.510 0.629 -0.005 0.583 0.286 0.176 -0.513 0.592 1.205 0.524 -0.020 0.263 0.389 1.042 0.094 -0.875 0.172 0.344 -0.831 -2.137 -1.421 0.735 -0.038 -0.075 -0.108 0.714 -0.459 0.076 -1.541 -0.662 0.572 0.650 -0.638 1.865 0.306 0.998 1.620 1.323 2.080 1.145 -1.003 1.265 -0.462 0.073 0.663 0.996 0.134 0.100 0.196 0.182 0.459 0.311 0.272 -0.164 0.086 0.272 0.272 -0.164 0.272 -0.379 0.209 -0.084 -0.043 0.252 -0.448 -0.163 0.523 0.779 0.174 -0.567 -0.659 0.227 0.501 1.044 1.006 0.771 0.880 0.751 -1.024 -2.669 -0.028 0.831 -0.799 -1.988 -0.710 -1.026 -1.108 -0.158 -0.861 -2.005 0.580 0.321 0.228 1.530 -0.676 1.733 0.697 -0.005 0.440 -0.251 0.881 0.289 1.606 0.037 0.567 1.062 0.200 -0.272 0.334 -0.124 0.045 0.196 -0.090 0.142 0.429 -0.527 -1.734 -0.365 0.734 0.051 -2.118 -0.596 0.469 -0.233 -0.676 0.688 1.544 -0.000 1.200 0.634 0.604 0.178 -0.053 0.390 -0.083 -0.063 0.202 -0.084 0.209 -0.113 0.253 0.363 0.054 -0.216 0.840 0.674 0.397 -0.153 -0.149 0.627 1.091 1.084 0.699 1.610 0.214 0.257 0.082 1.529 -0.764 -0.973 -0.929 0.764 -0.303 0.774 

Alignment name: 2trx.phylip
Number of taxa: 37
Number of sites: 120
Log-likelihood with estimated matrix (alignment): -6668.033
Log-likelihood with compared matrix (alignment): -6690.498
Log-likehood gain (alignment): 22.465 (= (-6668.033) - (-6690.498))
Log-likehood gain (for each site): 1.205 -0.080 -0.432 1.327 -0.087 -0.011 2.668 1.278 0.683 0.137 0.209 -0.256 -0.665 0.134 0.318 -1.164 0.423 1.087 0.279 -0.007 0.222 0.222 -0.023 0.104 0.086 0.123 2.373 0.466 -0.604 -0.217 -0.889 -0.018 -0.879 -0.117 0.140 1.491 0.019 -0.650 0.514 -0.044 -0.650 -0.930 0.047 -0.846 0.586 0.545 0.525 -0.782 0.309 1.045 -0.895 -1.050 1.801 2.203 -0.744 1.757 2.115 -0.049 0.086 0.123 0.416 0.263 1.318 -1.287 1.258 -0.806 -0.019 0.657 -1.315 0.066 -1.219 1.041 1.270 -1.068 0.805 0.446 -0.024 -0.696 0.288 0.577 -0.756 1.842 -1.791 0.307 -0.948 -0.490 0.307 0.409 -1.634 0.118 -0.978 -0.209 0.242 1.569 0.378 1.358 1.226 -0.272 0.506 0.002 -0.093 0.375 -0.389 1.065 -0.082 -0.433 0.313 -0.357 1.316 1.066 -0.289 1.754 -0.638 0.134 0.711 0.115 -1.167 1.193 0.464 -0.317 

Alignment name: 1vqb.phylip
Number of taxa: 7
Number of sites: 94
Log-likelihood with estimated matrix (alignment): -1292.464
Log-likelihood with compared matrix (alignment): -1293.818
Log-likehood gain (alignment): 1.354 (= (-1292.464) - (-1293.818))
Log-likehood gain (for each site): -0.608 0.457 -0.539 -0.008 -0.653 0.159 -0.160 0.211 -0.003 0.100 0.010 0.144 0.251 -0.202 -0.320 0.578 0.173 0.084 -0.120 -0.276 0.223 0.308 0.496 0.228 0.157 0.207 0.188 -0.609 -0.454 0.203 0.106 -0.138 -0.470 0.165 0.008 -0.146 -0.204 0.275 0.550 -0.123 0.177 -0.156 -0.223 0.098 -0.065 0.130 -0.384 0.230 0.023 -0.045 -0.361 0.516 -0.439 0.026 0.209 -0.379 0.362 -0.496 -0.120 0.153 0.810 0.115 -0.342 0.139 -0.141 0.705 -0.055 0.480 0.070 -0.119 0.364 -0.741 0.128 0.291 0.394 0.300 -0.482 0.217 0.128 0.900 -0.113 0.252 -0.299 0.568 0.107 -0.631 0.326 -0.535 0.272 -0.035 -0.217 -0.152 -0.090 -0.765 

Alignment name: 1fkj.phylip
Number of taxa: 99
Number of sites: 243
Log-likelihood with estimated matrix (alignment): -14787.963
Log-likelihood with compared matrix (alignment): -14870.731
Log-likehood gain (alignment): 82.767 (= (-14787.963) - (-14870.731))
Log-likehood gain (for each site): 1.471 3.144 1.352 1.496 -0.379 2.831 0.640 2.717 3.100 0.297 -1.408 -1.555 -0.164 0.253 -0.028 0.253 0.272 -0.084 2.097 -0.242 0.593 -0.471 2.781 -1.178 1.702 -0.107 -0.106 0.261 0.104 0.123 0.060 0.165 0.263 1.396 1.355 3.406 0.152 0.093 0.077 2.442 5.366 3.472 -0.349 0.439 -0.279 0.673 -0.082 0.185 0.111 -0.048 0.064 0.123 0.026 0.000 0.000 0.000 -0.084 0.272 0.174 -0.044 0.266 0.411 -0.131 0.859 1.780 -0.040 -0.183 0.272 -0.330 0.272 0.412 0.809 1.059 2.168 3.632 1.165 -1.297 1.696 -1.828 3.355 -1.613 2.542 0.576 0.204 0.169 -0.086 1.678 0.031 0.251 -0.251 0.640 -0.068 -1.166 1.877 0.000 0.000 0.000 0.000 0.000 0.000 0.000 0.000 0.000 0.000 0.000 0.000 0.000 0.000 0.000 0.000 0.000 0.000 0.000 0.000 0.000 0.000 0.080 -1.606 -1.630 -0.884 -2.235 -2.810 1.866 2.798 -0.179 -0.191 0.314 0.000 0.000 0.000 0.000 0.000 -0.358 0.098 0.227 1.628 0.701 4.891 1.364 0.038 -1.516 1.577 -1.564 -0.808 -0.975 -1.191 2.167 0.825 -0.054 -2.035 0.711 -0.122 0.037 2.490 3.085 -0.084 0.149 0.104 0.137 -0.330 -0.379 -0.330 0.026 -0.164 0.209 -0.330 0.253 0.272 -0.330 0.272 -0.330 0.086 0.104 0.209 0.209 0.104 -0.379 0.272 0.095 0.137 -0.254 0.086 0.086 0.209 -0.084 0.272 0.123 -0.254 0.123 -0.164 -0.379 0.253 1.016 1.887 -0.540 0.809 4.952 2.809 4.604 -0.102 0.016 0.315 -0.492 0.166 0.444 0.986 3.287 3.411 -0.201 0.101 -0.022 0.017 -0.201 -0.131 -0.330 0.000 0.000 0.000 0.000 0.000 0.000 0.000 0.000 0.000 0.000 0.000 -0.113 -0.152 -0.116 0.133 -0.229 -0.312 0.169 -0.075 1.408 -0.762 2.310 -0.836 -3.157 -4.423 1.958 -1.290 0.390 

Alignment name: 1chk.phylip
Number of taxa: 36
Number of sites: 244
Log-likelihood with estimated matrix (alignment): -9459.126
Log-likelihood with compared matrix (alignment): -9512.472
Log-likehood gain (alignment): 53.346 (= (-9459.126) - (-9512.472))
Log-likehood gain (for each site): 0.669 -1.457 -0.369 -1.575 -0.342 0.160 -0.198 -0.156 0.060 0.193 0.524 0.994 -0.341 -0.755 0.495 0.144 -0.130 0.829 0.562 -0.504 0.465 -0.047 -0.889 1.694 0.086 -0.254 0.412 0.658 -0.357 0.427 0.223 0.434 -0.506 0.319 -0.255 -0.495 0.427 -0.155 -0.927 0.070 0.366 0.513 0.430 0.412 -0.081 -0.199 0.049 -0.412 -0.308 -0.478 0.323 -0.191 -0.803 0.104 -0.153 0.069 0.156 0.076 0.808 -0.002 2.045 -0.477 0.949 1.171 -0.575 -0.754 0.521 0.249 -0.490 -0.709 0.015 -0.238 0.375 0.609 0.104 0.104 -0.054 1.204 0.110 0.249 0.339 0.651 0.377 1.088 0.590 -0.160 0.523 0.287 -0.477 0.209 2.400 0.887 1.247 -0.437 2.563 0.785 2.529 0.011 -1.261 1.333 -0.398 -0.112 0.137 2.366 1.292 1.197 0.781 -0.209 -0.334 0.847 -0.081 0.224 -0.432 2.243 0.486 -0.057 0.168 -0.717 0.511 -0.070 -0.561 1.287 0.164 -0.468 0.207 0.514 -0.537 -0.677 0.623 -0.029 0.359 0.608 0.086 0.026 0.123 0.149 -0.113 0.209 0.272 0.209 -0.164 -0.390 -0.768 0.202 -0.441 -0.540 0.203 0.206 -0.003 -0.217 -0.514 -0.164 0.412 -0.742 -0.480 -0.371 0.193 0.101 0.427 1.355 0.661 2.124 1.976 1.358 -0.513 0.269 -0.084 0.104 0.502 -0.802 -0.925 0.801 -0.038 -0.664 0.011 1.537 0.285 -0.189 0.147 1.083 -0.872 0.127 -0.215 1.705 0.416 -0.897 0.246 1.049 0.178 -0.420 1.292 0.034 1.334 0.799 -0.293 -0.475 -0.845 0.027 -0.242 -0.222 0.261 0.674 0.204 1.650 3.491 0.165 -0.777 0.057 -1.974 1.555 -0.045 1.237 0.522 0.801 0.159 1.124 0.834 -0.637 1.003 0.041 -0.303 0.200 0.125 2.293 0.065 -0.398 0.053 -0.222 -0.210 0.682 1.890 -0.406 -0.233 -0.695 -0.465 0.722 -0.167 -0.736 1.728 -0.526 0.727 1.394 0.486 -0.674 

Alignment name: 1dyb.phylip
Number of taxa: 14
Number of sites: 160
Log-likelihood with estimated matrix (alignment): -3855.240
Log-likelihood with compared matrix (alignment): -3868.972
Log-likehood gain (alignment): 13.732 (= (-3855.240) - (-3868.972))
Log-likehood gain (for each site): 0.171 0.544 0.445 -0.710 0.401 -0.288 0.828 -0.241 0.383 0.272 0.043 -0.019 0.260 0.090 0.215 0.003 1.187 -0.273 0.688 0.234 0.289 0.999 -0.006 0.094 -0.570 -0.171 0.297 -0.270 0.038 0.095 -0.164 0.272 -0.113 0.104 -0.182 0.198 0.618 -0.564 0.533 0.449 -0.146 -0.370 0.596 0.201 0.698 0.574 -0.697 0.260 1.014 0.090 0.126 -0.136 -1.290 -0.135 -0.756 0.552 0.149 0.786 0.265 0.769 -0.261 -0.330 -0.568 0.661 0.320 0.009 -0.654 -0.202 0.420 0.306 0.217 -0.089 -0.291 -0.330 0.073 0.113 0.067 0.166 0.463 0.808 -0.596 0.871 0.500 0.776 0.304 0.237 0.786 0.213 -0.404 0.078 -0.009 -0.529 0.085 -0.743 0.083 -0.664 0.872 -0.258 0.587 0.116 -0.469 -0.223 0.235 -0.076 -0.076 0.158 0.166 -0.047 -0.026 0.474 0.454 -0.066 0.721 0.241 -0.061 0.865 -0.639 -0.606 -0.778 0.286 0.129 0.071 -0.165 0.482 0.085 0.320 -0.390 0.308 -0.699 -0.886 0.464 0.632 -0.855 -0.132 0.259 0.632 -1.111 0.281 -0.075 0.624 0.789 -0.113 0.253 -0.430 -0.113 -0.379 -0.113 0.086 -0.213 0.706 -0.054 0.077 0.732 -0.175 0.456 -0.421 -0.398 -0.231 0.682 0.150 

Alignment name: 1mjc.phylip
Number of taxa: 34
Number of sites: 74
Log-likelihood with estimated matrix (alignment): -3154.889
Log-likelihood with compared matrix (alignment): -3167.419
Log-likehood gain (alignment): 12.530 (= (-3154.889) - (-3167.419))
Log-likehood gain (for each site): 0.872 1.368 0.157 1.046 -0.414 -0.310 -0.285 -0.771 0.387 0.918 0.910 0.038 0.246 -0.456 0.409 -0.385 -0.447 -1.247 0.507 0.400 1.011 0.108 1.248 1.573 0.123 -0.478 -0.684 -0.056 -0.111 -0.058 -0.320 0.547 0.371 -0.367 0.171 0.780 0.601 0.363 0.276 -0.012 0.123 0.163 0.171 0.198 -1.229 1.110 -0.452 0.406 0.401 1.130 0.086 0.775 -0.053 1.019 -0.264 -1.307 -0.232 1.225 -0.793 0.121 0.533 -0.119 1.089 -0.374 0.354 0.539 -0.572 0.151 0.287 0.400 -0.470 0.467 -0.281 -0.099 

Alignment name: 1b26.phylip
Number of taxa: 99
Number of sites: 210
Log-likelihood with estimated matrix (alignment): -14772.462
Log-likelihood with compared matrix (alignment): -14763.352
Log-likehood gain (alignment): -9.110 (= (-14772.462) - (-14763.352))
Log-likehood gain (for each site): -0.050 -0.937 -1.200 -0.534 0.285 1.080 -0.926 -1.662 0.979 0.035 0.000 -0.675 -0.931 1.636 1.006 -0.254 0.272 -0.164 -0.113 -0.330 1.494 1.666 2.109 0.051 -0.932 -0.928 -0.348 4.468 -2.140 -1.208 -0.453 -1.177 -0.409 0.305 -1.251 2.215 -1.886 0.039 0.445 -0.330 -0.330 -0.430 -0.430 -0.366 -0.583 0.796 0.668 0.000 0.000 0.000 0.773 -2.279 -0.224 0.084 0.000 0.559 0.130 2.597 1.647 3.420 3.135 -0.298 0.131 0.090 -0.716 -0.228 0.195 0.416 0.379 -0.186 -0.468 -2.884 -0.336 -0.513 0.851 -0.438 -2.227 0.231 -0.659 -4.396 -2.153 0.791 4.565 -1.080 0.203 -2.546 0.000 0.000 0.000 0.000 0.000 0.000 0.000 0.000 0.632 0.632 -1.396 0.604 0.000 0.000 0.000 0.000 0.000 -0.417 -0.681 -3.351 0.931 0.000 0.000 0.000 0.000 -0.490 2.557 -0.181 -0.167 0.000 0.000 3.727 -2.792 0.920 1.075 -4.947 0.966 0.288 0.885 -0.380 -0.216 -2.849 -0.987 -0.952 -0.553 -2.473 -1.470 2.148 -0.181 0.149 0.123 0.000 0.000 0.000 0.000 0.000 0.000 0.000 0.000 0.000 0.000 0.000 0.000 0.000 0.000 0.000 0.000 0.000 0.000 0.000 0.000 -0.113 0.209 0.253 -1.173 0.653 -0.174 -0.959 0.524 0.750 -0.636 0.000 0.000 0.000 0.000 0.000 0.000 0.000 0.000 0.000 0.963 -0.439 -2.897 0.897 0.527 -0.554 -0.219 -0.482 -0.532 0.000 0.000 0.000 0.000 0.000 0.000 0.000 0.805 -1.868 3.014 -0.923 1.266 0.543 0.716 1.034 -0.010 -1.491 -0.749 -2.761 1.204 1.282 1.239 -0.138 0.516 2.321 

Alignment name: 1bvc.phylip
Number of taxa: 73
Number of sites: 124
Log-likelihood with estimated matrix (alignment): -14841.963
Log-likelihood with compared matrix (alignment): -14867.733
Log-likehood gain (alignment): 25.770 (= (-14841.963) - (-14867.733))
Log-likehood gain (for each site): 1.039 -1.513 -0.196 1.588 -1.109 0.857 0.956 1.479 0.046 0.773 0.311 0.149 -2.483 0.500 0.439 0.080 0.515 0.086 0.147 -0.337 0.137 0.534 -1.584 0.715 1.103 -0.553 -0.928 0.481 -0.203 -1.962 -0.472 -1.441 -0.900 -2.298 -0.916 1.713 0.416 -0.525 0.991 0.511 -2.034 0.284 0.733 0.606 -1.144 3.316 -0.192 -0.313 -0.022 -0.339 1.108 -0.560 0.844 1.405 -0.717 0.963 1.700 -0.391 1.495 1.939 2.792 2.061 0.865 -0.940 -0.858 2.342 -0.285 -1.087 0.930 0.993 -0.717 -0.367 0.671 -1.125 -2.563 -0.233 -1.248 -0.465 -1.595 0.739 0.151 -2.528 0.263 0.094 0.539 0.890 1.042 2.431 1.925 1.526 -1.289 1.081 -0.081 0.528 -0.682 1.264 2.073 0.858 -1.370 1.193 2.866 0.399 -0.103 1.103 1.371 0.282 -0.273 0.357 0.054 0.054 -0.589 2.816 1.208 1.014 -1.219 -0.119 2.341 1.749 -1.416 -1.300 1.353 -2.490 -1.621 1.290 

Alignment name: 451c.phylip
Number of taxa: 99
Number of sites: 162
Log-likelihood with estimated matrix (alignment): -14813.208
Log-likelihood with compared matrix (alignment): -14863.748
Log-likehood gain (alignment): 50.540 (= (-14813.208) - (-14863.748))
Log-likehood gain (for each site): 3.053 4.088 1.524 -0.113 2.059 0.317 0.207 1.098 1.272 -3.900 -0.778 1.201 0.182 -0.385 0.223 0.000 0.166 -0.058 0.177 -0.883 -1.029 -0.330 -1.669 -0.254 -0.883 -0.272 -0.200 1.986 0.535 0.397 0.442 1.577 0.712 5.913 0.146 0.133 0.181 0.004 -0.189 -0.607 -0.085 -0.469 0.209 0.095 -0.668 0.311 0.451 0.535 -0.176 -0.010 -0.046 -0.241 -0.286 -0.177 0.760 0.330 -0.650 -0.530 1.332 1.254 2.397 -0.717 -0.001 0.104 0.000 0.272 0.415 -1.076 2.511 0.504 0.571 -0.444 1.833 2.913 -0.649 4.134 0.471 -0.024 0.000 0.000 -0.380 0.802 2.615 0.262 -1.027 0.855 0.128 0.000 0.000 0.000 0.000 0.000 -0.028 1.609 0.070 -1.166 -0.137 -0.379 0.379 1.890 1.231 0.043 -0.363 0.311 -0.330 -0.230 -0.242 0.352 -0.952 0.555 1.391 0.364 -0.057 0.157 0.308 -0.330 -0.379 0.272 0.095 -0.095 1.077 -0.380 0.000 0.353 1.126 0.871 0.320 0.026 0.068 0.272 -0.714 0.159 -0.019 1.080 -1.129 0.000 0.000 0.000 0.000 1.186 2.863 0.324 -0.565 2.173 -0.623 0.086 0.209 0.339 1.687 0.636 3.508 2.640 -0.446 -1.153 0.904 -1.283 2.148 -2.991 -0.419 1.962 -1.766 -2.778 

Alignment name: 1otr.phylip
Number of taxa: 63
Number of sites: 89
Log-likelihood with estimated matrix (alignment): -9047.257
Log-likelihood with compared matrix (alignment): -9056.357
Log-likehood gain (alignment): 9.100 (= (-9047.257) - (-9056.357))
Log-likehood gain (for each site): -1.369 1.551 -1.563 -1.237 -1.730 0.278 0.377 -0.797 3.574 1.570 0.628 0.196 0.289 -0.032 -0.288 0.134 0.337 -0.446 0.646 -0.615 -0.432 -0.355 -1.248 2.420 -0.040 2.521 0.130 2.212 -0.987 -0.022 0.750 -1.496 0.676 -0.194 -0.674 -1.039 -2.192 1.344 -1.432 1.158 0.230 2.690 0.160 -0.145 0.055 0.630 0.162 -0.448 0.559 -1.550 -0.808 -0.414 0.888 -1.252 0.500 -0.760 0.336 0.907 -2.469 -0.710 -2.141 -0.254 0.061 0.360 0.469 0.000 -0.573 2.343 -0.955 0.985 -1.818 -0.357 -0.136 2.529 -0.740 2.000 1.371 3.280 -0.102 0.005 1.838 -1.583 0.154 -1.218 0.857 0.193 -0.145 2.098 -0.587 

Alignment name: 5azu.phylip
Number of taxa: 31
Number of sites: 129
Log-likelihood with estimated matrix (alignment): -4487.013
Log-likelihood with compared matrix (alignment): -4523.426
Log-likehood gain (alignment): 36.413 (= (-4487.013) - (-4523.426))
Log-likehood gain (for each site): 0.069 0.342 -0.281 0.495 0.005 1.748 -0.814 2.163 0.179 0.835 -0.123 -0.086 -0.206 1.458 -0.463 0.641 0.519 -0.486 1.350 -1.388 0.832 -0.864 1.372 0.589 -0.175 -0.695 1.477 -0.119 0.242 0.072 0.061 0.191 0.163 0.484 -0.111 0.701 0.341 0.057 -0.067 0.067 0.045 0.101 0.332 0.640 0.528 -0.169 0.364 -0.000 0.720 -0.727 0.215 1.221 0.275 0.135 0.301 0.600 0.499 0.200 -0.206 0.407 0.599 0.534 0.704 -0.812 0.171 -1.339 0.641 0.756 1.043 0.962 0.140 0.095 -0.322 1.433 0.891 1.606 0.020 0.081 -0.208 -0.159 -0.421 0.050 -0.160 0.302 0.243 -0.584 -0.333 -0.222 0.498 0.438 0.022 0.845 0.830 0.532 0.125 2.450 -0.133 1.543 0.035 -0.017 0.340 0.306 1.234 1.712 0.952 -0.026 0.802 0.230 0.925 0.140 0.252 -0.638 0.133 -0.337 0.205 0.341 -0.169 -0.459 -0.955 -0.364 0.189 0.151 1.290 -0.091 1.328 -0.529 -0.373 -0.133 1.024 

Alignment name: 2hpr.phylip
Number of taxa: 99
Number of sites: 153
Log-likelihood with estimated matrix (alignment): -13727.132
Log-likelihood with compared matrix (alignment): -13760.548
Log-likehood gain (alignment): 33.416 (= (-13727.132) - (-13760.548))
Log-likehood gain (for each site): 2.972 2.785 -0.370 4.244 -0.709 1.048 -2.736 0.585 1.119 1.908 -1.145 0.951 -0.072 -0.596 0.000 0.000 0.076 -0.072 -0.330 0.042 -0.450 -1.079 3.196 -1.966 0.682 2.436 2.142 -2.715 -0.010 1.014 0.000 0.000 -0.863 0.183 3.100 0.240 -3.085 1.720 -1.834 1.602 -0.666 -0.049 -3.008 0.002 0.162 0.108 0.310 2.281 0.253 0.000 1.410 -0.643 0.825 0.000 0.107 0.875 3.074 1.129 0.502 0.000 0.000 0.000 0.000 0.264 0.361 1.303 0.567 1.230 -0.385 0.035 2.122 -0.698 2.125 0.332 0.000 -1.819 -2.229 -0.502 -2.439 -2.107 -2.054 -0.229 0.108 -0.330 0.253 -1.630 1.209 0.000 0.000 0.000 0.146 0.000 2.898 1.272 0.998 -2.227 2.336 -1.346 0.211 0.000 0.000 -3.970 0.000 0.075 0.000 1.406 -0.330 0.272 3.415 -0.169 0.000 2.536 -0.330 0.086 0.026 1.697 1.930 0.276 -0.172 0.240 -0.254 0.209 0.026 0.253 0.026 0.253 0.026 0.209 -0.430 0.026 0.104 -0.113 0.209 0.272 0.149 0.104 0.209 0.209 0.125 -0.092 0.171 -0.184 0.025 -2.615 2.341 1.920 -3.165 2.235 1.802 -0.605 -1.496 2.759 1.259 

Alignment name: 1cyo.phylip
Number of taxa: 85
Number of sites: 152
Log-likelihood with estimated matrix (alignment): -11034.849
Log-likelihood with compared matrix (alignment): -11056.743
Log-likehood gain (alignment): 21.895 (= (-11034.849) - (-11056.743))
Log-likehood gain (for each site): 4.084 1.940 0.315 0.146 -0.966 0.188 0.828 3.313 -0.179 0.548 0.628 0.272 0.209 -0.113 0.209 0.026 0.209 0.209 0.730 -0.206 2.337 3.377 2.600 -0.115 0.440 1.842 -3.417 -0.690 -1.849 -1.853 -0.539 -0.824 3.118 -0.113 -0.435 -1.046 -0.741 1.599 -2.145 1.750 0.272 1.425 -0.887 -1.108 -0.028 -0.113 0.782 -0.101 -1.095 -0.446 -0.062 0.472 -0.564 -0.028 0.174 0.003 0.185 -0.383 0.636 0.835 0.052 0.786 -1.064 -0.858 -1.199 -1.567 -0.215 0.592 0.136 0.253 0.932 -2.534 0.471 -0.413 -0.385 -0.769 -1.102 0.800 0.680 0.667 0.391 0.398 -0.115 0.269 1.024 3.965 1.220 0.585 0.627 0.578 0.223 0.613 0.101 0.671 -0.592 0.399 -0.487 1.063 1.089 -0.709 1.079 0.309 -0.379 0.318 0.100 0.845 0.024 0.060 -0.957 -0.665 -0.494 0.147 0.099 0.344 -0.209 0.922 -0.053 0.349 0.579 0.633 -0.292 1.848 -0.789 -0.183 0.335 -0.404 0.321 0.302 0.279 0.177 -0.157 0.207 0.360 -0.108 -0.127 0.638 0.449 -0.036 -0.177 -0.667 -0.228 -1.586 0.389 1.681 -0.402 -1.842 -2.595 -0.355 0.563 -0.202 -0.952 0.165 

Alignment name: 2rn2.phylip
Number of taxa: 24
Number of sites: 228
Log-likelihood with estimated matrix (alignment): -6707.748
Log-likelihood with compared matrix (alignment): -6712.513
Log-likehood gain (alignment): 4.765 (= (-6707.748) - (-6712.513))
Log-likehood gain (for each site): 0.889 0.780 0.244 0.137 0.292 -0.351 -0.530 -0.046 -1.319 0.331 0.204 -1.037 -0.735 0.363 -0.011 0.074 0.272 0.086 0.327 0.812 0.504 0.472 0.119 -0.113 0.168 1.026 0.320 -0.588 -0.013 -0.125 -0.542 -0.568 0.254 0.414 -0.469 1.163 0.401 0.481 -0.376 -0.330 0.104 0.137 0.272 0.095 0.000 0.026 0.209 0.104 0.182 0.758 0.451 -0.057 0.326 -0.113 0.339 0.220 -0.648 -0.924 0.272 0.400 -0.187 -0.215 0.583 0.110 -0.054 0.286 -0.248 0.607 0.435 -0.383 -0.053 0.142 0.277 -0.057 -1.233 -0.704 0.058 -0.186 -0.547 0.242 -0.300 -1.007 0.024 -0.383 -0.115 0.196 0.123 0.149 0.104 0.149 0.583 -1.153 1.369 0.317 -0.188 -0.330 0.137 0.149 0.195 -0.138 0.653 0.883 -0.480 -0.518 -0.246 -0.331 -0.667 0.557 0.215 0.331 -0.276 -0.103 -0.263 -0.505 -0.402 0.269 -0.759 -0.614 -0.187 0.700 0.272 -0.103 -0.434 0.095 0.890 0.796 -0.120 0.060 0.149 0.272 -0.254 0.123 0.137 0.026 0.272 0.272 0.272 0.253 -0.164 0.026 0.149 -0.379 0.253 -0.330 -0.028 0.086 0.095 -0.330 0.137 0.123 -0.330 -0.113 0.149 -0.113 0.013 0.090 -0.212 -0.634 -0.941 0.593 -0.218 0.606 0.978 -0.325 1.160 -0.388 0.474 1.000 0.118 0.428 0.143 0.657 -0.226 -0.314 -0.215 -0.164 0.257 -0.191 0.783 0.043 -0.226 -0.090 0.527 -0.237 -0.544 0.514 0.555 -1.111 -1.931 0.064 0.295 0.689 0.050 0.630 0.421 -0.573 -0.103 -1.070 -0.303 -0.555 -0.826 0.147 -0.682 -0.425 0.213 0.304 0.312 -0.488 0.657 0.364 0.108 -0.248 0.467 -0.264 0.376 0.219 0.097 2.607 -0.244 0.331 -0.910 0.038 -0.035 0.415 0.124 -0.994 -1.117 -0.647 

Alignment name: 8tim.phylip
Number of taxa: 41
Number of sites: 280
Log-likelihood with estimated matrix (alignment): -18230.262
Log-likelihood with compared matrix (alignment): -18226.439
Log-likehood gain (alignment): -3.823 (= (-18230.262) - (-18226.439))
Log-likehood gain (for each site): 1.236 -1.559 -0.926 -1.188 -1.151 0.328 -0.668 0.380 0.051 -0.959 0.493 -0.254 -0.254 0.073 1.212 0.746 0.770 -1.016 -1.465 -0.311 1.732 -0.601 -1.508 1.095 1.094 -0.673 -1.447 0.722 -0.600 -0.720 0.142 0.958 1.602 -0.137 -0.021 -0.076 -0.492 0.539 -0.061 0.960 0.170 -0.765 0.171 -0.078 0.047 -0.068 0.029 -0.821 -1.715 -1.325 0.314 1.040 -1.680 0.247 -1.363 -0.197 0.699 -0.157 -0.293 -0.659 1.003 -0.748 -0.565 1.056 -0.320 0.042 0.123 0.104 0.026 -0.215 0.260 1.042 1.750 1.020 -0.975 -0.494 -0.813 -0.284 -0.740 -1.056 -0.403 0.312 2.099 0.351 0.704 -1.037 0.339 0.745 0.055 0.764 -0.254 0.346 0.551 -0.271 0.630 0.192 0.127 0.082 -0.294 -0.569 0.138 1.462 -0.983 1.905 -0.346 -3.452 0.775 -0.528 1.006 0.554 -0.184 -0.827 -1.241 0.505 -0.151 0.170 -0.033 -0.133 -0.479 -0.100 0.006 -0.421 1.375 0.123 0.149 0.272 0.062 2.711 2.275 0.735 -0.448 -1.330 -0.136 0.074 0.063 -0.659 -0.115 -0.475 -1.408 0.987 1.817 -0.651 1.341 -0.696 0.379 -0.607 -0.637 -0.379 -0.320 -0.670 -1.252 0.310 -0.175 2.088 1.581 -0.224 1.116 -0.430 0.253 0.149 -0.568 -0.351 0.712 1.572 -0.061 0.788 -0.090 0.728 1.047 -1.827 -0.167 0.893 0.075 -2.374 0.304 1.235 -2.818 -1.321 1.404 0.742 -1.741 3.671 -0.033 1.742 -0.057 0.481 -0.181 -0.338 -0.340 1.318 -0.360 -1.292 -0.892 -0.874 0.088 -0.207 0.156 0.227 0.451 -0.319 -0.020 -0.755 0.505 0.758 -0.198 0.994 0.875 -1.488 0.110 1.526 -0.262 -0.292 -0.629 -2.141 0.124 0.104 0.447 -0.164 1.674 1.276 -0.604 -1.166 1.313 0.152 -1.120 -0.568 0.925 -0.703 -0.346 -0.164 0.272 0.053 1.452 -0.242 -0.003 -0.723 -0.472 0.636 -0.867 -0.011 -0.528 -0.053 -0.099 0.505 0.505 0.461 -0.626 -0.412 0.439 0.826 0.512 -1.150 0.152 0.057 -1.730 -2.133 0.593 -0.742 1.437 -1.060 -0.347 1.470 0.505 -1.751 -0.646 -1.920 0.310 0.397 -0.240 -0.822 0.405 1.421 -1.190 -0.493 0.254 -0.270 -1.011 2.169 -1.173 -0.745 

Alignment name: 1rex.phylip
Number of taxa: 13
Number of sites: 128
Log-likelihood with estimated matrix (alignment): -2386.812
Log-likelihood with compared matrix (alignment): -2395.641
Log-likehood gain (alignment): 8.829 (= (-2386.812) - (-2395.641))
Log-likehood gain (for each site): 0.473 0.110 -0.612 0.340 -0.664 -0.530 0.392 -0.543 -0.185 -0.509 0.627 -0.690 0.189 -0.344 -0.264 0.366 -0.925 0.984 0.873 -0.204 0.307 0.784 0.142 0.038 -0.532 0.226 -0.049 -0.167 -0.474 -0.530 -0.680 -0.533 -0.552 -0.208 -0.007 0.245 1.132 -0.228 0.190 0.318 0.559 -0.338 -0.121 0.313 0.308 0.115 0.273 0.076 0.660 1.025 0.440 0.523 0.072 -0.095 0.404 -0.632 -0.424 0.134 -0.531 0.175 0.646 -0.643 -0.065 -0.185 -0.530 0.218 0.883 1.023 0.432 0.253 -0.184 -0.272 -0.056 0.460 0.415 -0.075 -0.530 1.669 -0.467 0.486 -0.530 0.374 0.493 -0.433 -0.514 0.427 0.350 0.204 -0.707 1.207 -0.005 0.917 -0.493 0.482 -0.530 -0.057 0.364 -0.276 -0.673 -0.419 0.039 0.826 0.661 0.793 0.404 -0.537 0.482 0.315 -0.135 0.586 -0.058 -0.230 0.198 0.123 -0.275 -0.530 0.228 0.714 0.063 0.466 -0.447 0.357 0.323 -0.247 -0.464 0.163 0.641 -0.530 

Alignment name: 1fxa.phylip
Number of taxa: 99
Number of sites: 124
Log-likelihood with estimated matrix (alignment): -13454.206
Log-likelihood with compared matrix (alignment): -13485.674
Log-likehood gain (alignment): 31.468 (= (-13454.206) - (-13485.674))
Log-likehood gain (for each site): -0.232 1.852 2.537 0.290 4.483 2.574 -0.144 -0.183 3.681 -2.798 3.350 1.348 0.156 0.008 2.846 2.525 3.832 1.194 3.037 -1.602 -0.545 0.847 -0.655 0.286 -0.521 0.081 -0.150 0.288 -0.089 -1.798 -0.378 0.435 0.767 -0.248 -0.298 -0.162 0.097 0.316 0.699 -0.138 -1.502 -0.683 1.116 0.716 0.047 -0.566 0.149 -0.402 0.820 -0.319 0.809 -2.233 0.000 0.000 0.000 -0.699 -1.502 -0.648 -1.832 -1.502 -1.409 0.547 0.066 -1.695 1.659 -0.117 1.427 0.695 2.090 -0.411 -0.070 0.253 0.272 0.244 0.457 -0.207 -0.588 2.306 -0.953 0.412 0.131 1.030 1.392 -0.532 -0.278 1.901 3.687 -1.224 1.487 -1.211 1.933 1.376 1.174 2.825 0.254 -0.149 0.605 0.185 0.122 0.233 -0.081 0.272 -0.181 -0.330 0.104 -0.430 -0.164 0.137 0.026 0.231 -0.369 0.336 0.497 1.012 0.387 0.119 -1.424 -2.660 -1.502 -0.561 -4.163 1.638 -1.601 0.895 

Alignment name: 1n0j.phylip
Number of taxa: 24
Number of sites: 93
Log-likelihood with estimated matrix (alignment): -2917.659
Log-likelihood with compared matrix (alignment): -2930.589
Log-likehood gain (alignment): 12.930 (= (-2917.659) - (-2930.589))
Log-likehood gain (for each site): 0.019 -0.200 1.005 -0.410 -0.031 0.735 0.082 1.179 -0.161 1.288 0.685 0.792 1.086 -0.436 0.753 0.250 0.561 -0.101 0.357 1.292 -0.143 0.038 -0.316 0.213 -0.629 -0.027 -0.254 1.630 0.690 -0.027 -0.001 0.325 -0.981 -0.044 -0.345 0.615 0.151 0.314 0.369 1.019 -0.409 0.339 0.051 0.658 0.273 0.220 -0.525 -0.285 0.002 0.491 0.785 0.272 0.253 -0.330 1.409 -0.871 -0.146 0.609 -0.742 0.342 -0.585 -0.284 -0.449 0.115 -0.113 -0.340 0.491 0.235 1.702 0.416 0.365 -0.420 0.647 -0.950 -0.634 0.129 -0.278 0.354 -0.023 -0.203 0.448 0.087 0.017 0.355 -0.027 0.145 -0.730 -0.304 -0.191 0.625 0.119 -0.709 -0.820 

Alignment name: 3mbp.phylip
Number of taxa: 81
Number of sites: 871
Log-likelihood with estimated matrix (alignment): -57665.698
Log-likelihood with compared matrix (alignment): -58056.614
Log-likehood gain (alignment): 390.916 (= (-57665.698) - (-58056.614))
Log-likehood gain (for each site): 3.391 0.103 0.864 2.032 2.255 -2.076 -0.164 2.404 0.253 0.137 -0.164 0.272 5.191 0.274 -0.167 0.209 0.440 -0.088 2.920 -0.113 -0.164 -0.379 -0.164 -0.695 0.131 2.165 4.838 0.003 -0.149 0.123 0.253 0.501 0.194 -0.248 1.818 -0.028 6.258 0.253 -1.594 2.161 0.221 1.622 2.676 3.069 0.272 0.026 2.151 0.255 0.615 2.365 2.869 -0.181 -0.084 3.230 -0.164 0.193 0.282 1.734 2.142 2.301 -1.575 0.623 -0.553 -0.057 -1.146 1.236 -0.393 3.885 -0.330 -0.113 0.936 0.161 -0.672 1.454 2.186 0.643 0.492 -0.956 0.369 0.086 0.026 0.104 1.889 -0.421 0.597 1.520 -0.396 -0.346 0.272 0.549 2.627 3.764 0.137 -0.330 -0.821 0.608 2.133 1.400 0.202 0.887 0.258 0.195 0.140 0.538 0.226 4.385 0.104 0.209 0.209 2.373 -1.755 2.664 0.164 0.027 0.209 0.272 0.104 -0.190 0.583 3.333 -1.400 0.272 0.137 3.824 1.315 0.046 -0.330 0.074 0.167 0.244 1.849 0.267 -0.330 -0.396 2.706 -0.330 1.981 -0.017 3.470 1.779 0.222 -0.522 0.131 -0.178 0.251 0.465 0.089 0.026 0.104 0.095 0.272 0.149 0.137 -0.054 0.026 0.026 0.209 0.026 0.209 -0.330 0.086 0.137 -0.379 0.086 0.209 0.253 -0.379 -0.164 0.123 0.209 0.086 0.026 0.137 0.026 0.339 0.022 0.206 0.154 0.506 0.178 1.384 -0.016 0.253 0.002 4.363 3.983 0.481 0.086 0.170 -0.289 0.148 -0.423 1.646 2.930 0.996 -0.628 0.005 0.111 -0.216 0.049 0.138 0.573 2.966 1.733 -0.051 -0.356 2.457 3.924 3.467 0.093 0.081 0.253 0.149 0.170 0.047 0.546 -0.519 2.033 -2.482 0.239 0.829 1.124 -0.115 0.272 0.145 0.026 -0.830 -0.164 0.801 1.132 0.272 0.222 0.377 0.319 0.007 0.055 -0.008 0.159 -0.103 0.476 0.123 0.154 0.062 -0.452 0.105 0.151 0.205 0.121 0.222 -1.143 -0.704 1.283 1.329 4.101 3.072 0.794 -1.628 0.326 0.158 -0.149 0.272 -0.379 -0.102 0.422 -0.811 4.178 1.391 -0.897 0.224 0.164 0.149 -0.236 0.449 1.299 1.797 1.587 -0.268 0.771 0.205 0.253 -0.113 0.253 0.764 0.844 0.983 0.502 1.720 -0.730 0.026 0.272 0.104 5.809 5.423 -0.160 -0.330 -0.539 0.272 -0.379 0.272 0.104 -0.379 0.272 0.095 0.766 -2.531 0.124 0.026 0.114 2.511 0.086 -0.379 -0.181 0.253 0.253 -0.054 -0.054 2.590 2.168 -0.082 0.061 0.091 -1.454 3.398 0.218 -0.294 0.095 0.209 0.036 0.128 -0.038 6.172 1.184 0.371 1.006 -0.158 0.329 0.323 -0.282 0.333 0.191 0.468 0.419 0.242 0.084 0.698 4.648 0.320 0.123 0.378 0.609 3.812 2.688 1.870 0.730 1.196 0.595 -0.249 0.367 0.160 0.293 0.073 0.133 0.253 -0.379 0.149 0.123 0.026 -0.430 0.253 -0.448 0.189 -0.304 -0.207 0.751 -0.600 0.178 -0.285 0.711 0.797 -1.667 -0.300 1.016 -0.342 0.157 -0.211 0.272 -0.084 -0.430 0.194 -0.051 0.815 -0.002 0.606 2.502 0.002 -0.178 0.049 0.272 0.272 0.243 -0.117 0.001 0.980 0.043 0.104 -0.382 5.106 -0.330 -0.330 0.272 0.521 -0.330 -0.524 0.805 -0.087 3.070 0.741 0.606 0.158 -0.181 0.202 0.491 0.164 0.409 2.358 0.761 0.468 0.123 0.095 -0.129 0.246 -1.074 1.202 -0.164 0.660 -0.028 2.661 1.438 -1.093 0.355 0.535 -0.142 0.236 0.436 0.024 0.137 -0.365 -0.095 0.237 0.022 -0.330 0.187 0.258 -0.174 0.172 -0.421 0.019 0.228 -0.847 0.011 0.266 0.175 1.790 2.287 2.423 1.434 0.585 0.253 0.495 -0.453 2.604 1.921 2.317 -0.049 1.466 0.287 0.290 0.253 0.026 -0.379 0.680 -0.423 0.550 1.869 2.882 2.143 2.941 0.746 0.589 0.357 -0.045 0.020 0.085 -0.228 0.237 0.095 -0.254 -0.379 0.253 0.272 0.123 0.137 0.137 -0.254 0.202 0.161 -0.044 0.567 0.166 0.248 -0.607 2.829 0.264 -0.723 -0.298 0.905 0.259 -1.928 2.720 3.406 0.026 0.075 2.104 -0.252 -0.254 -0.179 0.415 2.174 -0.558 -0.336 -0.388 -0.089 0.167 0.272 -0.086 -0.275 1.829 0.323 0.796 -0.302 -0.379 -0.061 0.414 0.388 0.394 0.336 3.419 0.429 0.396 0.619 -1.050 0.012 0.413 0.205 0.081 0.137 -0.537 0.337 0.204 0.208 0.270 -0.762 -1.005 -0.298 2.539 0.130 3.087 -0.430 -0.361 2.970 -0.217 0.123 -0.529 0.918 0.253 -0.028 -0.655 1.292 0.339 0.368 0.791 0.123 0.378 1.305 -1.354 -0.303 0.102 0.086 0.123 0.253 0.149 0.245 1.309 2.301 2.607 0.180 2.399 -0.322 1.207 0.189 -0.128 -0.510 0.272 -0.120 -0.242 -0.196 -0.961 0.322 -0.204 -0.148 1.934 -0.893 -0.035 0.272 0.272 0.265 1.385 0.263 0.026 0.086 -0.040 0.202 -0.220 -0.102 0.149 -0.330 -0.122 1.341 0.026 0.188 1.912 0.397 0.114 -0.297 0.058 0.220 0.405 -0.000 0.025 -0.330 0.137 0.189 0.154 0.306 0.002 0.579 -0.100 0.060 0.488 2.828 0.861 -0.200 2.809 0.050 0.242 0.447 0.756 0.547 0.240 0.123 -0.330 0.448 0.082 2.122 -0.379 -1.636 0.421 0.104 0.253 -0.181 0.256 2.247 0.149 0.104 0.137 -0.084 0.026 -0.330 -1.604 0.619 -0.181 -0.113 0.137 -0.225 -0.136 0.372 -0.120 0.068 -0.181 0.209 -0.330 0.123 0.193 0.674 0.020 0.054 1.232 0.299 0.810 0.064 -0.292 -0.181 -0.181 0.209 -0.379 -0.084 -0.254 0.127 1.126 1.804 0.757 2.284 1.750 -0.633 0.274 -0.015 -0.098 0.104 0.123 0.209 0.323 -0.018 0.435 0.611 2.973 -0.053 0.104 0.149 0.272 0.123 0.296 0.131 -0.776 0.772 0.227 0.711 0.139 0.209 0.137 -0.065 0.436 0.046 0.555 -1.848 -0.028 -0.517 -0.046 1.039 0.750 0.272 0.234 -0.243 -0.746 0.026 0.086 -0.460 -0.605 -0.886 0.209 -0.028 -3.118 0.379 0.095 0.114 0.464 -0.684 3.334 0.137 0.104 -0.113 -0.181 2.719 -0.317 -1.726 5.246 1.790 1.983 0.272 -0.164 0.086 1.418 0.367 -0.379 -0.054 -0.267 0.909 -1.012 0.725 2.348 -3.442 0.137 -2.842 0.413 0.462 2.059 -1.428 -1.161 -0.388 -1.808 0.355 1.838 3.220 0.425 0.602 -1.945 2.714 1.690 0.149 0.137 0.253 -0.330 0.652 0.159 0.992 -1.548 1.342 0.692 0.253 0.253 0.315 1.806 0.948 1.285 0.880 -0.152 -0.298 -0.087 0.277 -0.214 -0.054 -1.502 -0.695 5.708 3.548 -0.598 -0.147 0.026 0.272 0.828 -0.262 0.071 0.149 0.079 -0.240 3.603 1.873 -0.013 -0.487 0.137 0.136 -0.014 0.220 5.469 0.218 -0.323 -0.254 0.026 0.095 -0.591 -0.015 1.608 1.268 -0.379 0.054 0.474 1.017 0.137 0.248 -0.912 1.231 1.368 

Alignment name: 1mbg.phylip
Number of taxa: 99
Number of sites: 66
Log-likelihood with estimated matrix (alignment): -7485.183
Log-likelihood with compared matrix (alignment): -7474.509
Log-likehood gain (alignment): -10.674 (= (-7485.183) - (-7474.509))
Log-likehood gain (for each site): -3.140 0.058 -0.685 -0.592 -0.940 1.208 0.483 1.551 -0.598 -2.964 -1.366 0.057 -1.028 -1.536 0.977 0.106 0.455 0.975 -0.298 2.623 2.444 -0.296 -0.318 0.440 -0.109 0.253 -0.379 -0.164 0.117 0.197 0.050 -0.042 -0.693 0.501 -0.047 0.698 -1.798 -0.954 -0.596 -2.322 -1.974 2.660 0.387 0.032 -0.121 0.176 0.149 -0.301 -0.336 -0.210 -1.676 2.555 -1.744 -1.643 2.985 0.944 1.312 -1.092 1.139 -0.497 -1.345 -0.200 -0.504 -2.241 -1.364 -0.088 

Alignment name: 1rtb.phylip
Number of taxa: 99
Number of sites: 156
Log-likelihood with estimated matrix (alignment): -15994.551
Log-likelihood with compared matrix (alignment): -16035.444
Log-likehood gain (alignment): 40.894 (= (-15994.551) - (-16035.444))
Log-likehood gain (for each site): 3.104 3.407 0.604 0.891 -0.413 -0.433 0.586 -0.935 0.616 -0.831 -0.969 -0.826 3.157 2.150 -1.369 1.258 1.419 -0.711 -0.136 -0.232 0.579 1.935 1.739 0.214 -0.351 -0.501 1.231 -0.050 2.687 2.294 -0.952 -0.295 1.384 0.358 -0.394 0.676 -0.234 -0.488 1.447 -0.152 -0.176 0.207 0.149 2.201 1.988 -0.656 1.518 1.863 1.976 0.253 0.398 -0.255 -1.618 0.000 -0.706 -0.319 2.325 1.117 1.768 1.288 -0.815 -0.363 1.111 -0.885 -0.656 0.465 0.571 0.825 1.665 0.149 0.086 0.137 -0.201 -2.063 0.437 -0.163 -0.823 0.209 0.967 0.597 0.540 0.505 -0.638 1.245 0.627 -0.059 -0.584 -0.385 -0.226 -0.089 1.986 -0.487 -1.514 1.250 -2.502 -0.477 -1.802 -0.656 -1.086 2.291 0.324 0.562 1.171 -0.936 1.666 -1.300 0.303 -0.209 0.534 1.007 0.116 -0.656 1.286 -0.057 0.041 -0.537 0.137 0.095 0.149 -0.430 -0.113 -0.084 0.104 -0.430 2.132 0.763 0.327 1.295 -0.207 -0.102 -1.319 -0.651 0.634 -1.653 0.890 -0.656 -1.534 0.425 -0.295 0.907 2.267 0.021 -0.126 -0.015 1.255 0.729 -0.311 0.364 -1.142 -0.616 0.772 0.317 0.941 -0.024 -1.411 0.198 

Alignment name: 1ftg.phylip
Number of taxa: 61
Number of sites: 237
Log-likelihood with estimated matrix (alignment): -16844.568
Log-likelihood with compared matrix (alignment): -16857.780
Log-likehood gain (alignment): 13.211 (= (-16844.568) - (-16857.780))
Log-likehood gain (for each site): -1.356 -1.419 0.031 -0.320 1.242 0.293 1.054 0.837 -0.313 -0.381 -0.160 1.362 -1.835 0.234 0.279 -0.032 -0.410 -0.002 -0.191 1.307 -0.929 0.788 1.038 -0.098 0.123 2.970 -1.385 1.044 0.434 0.867 -0.384 -0.474 -0.120 -0.762 -0.024 -0.186 -1.050 1.382 0.128 0.680 0.002 0.265 0.028 -0.037 0.036 -0.157 -0.281 2.576 -0.469 -0.476 -0.596 0.837 0.570 1.505 0.446 -0.639 -1.056 0.250 0.132 -0.422 0.398 1.204 0.513 1.080 0.132 0.463 -1.129 -2.068 1.380 0.781 0.709 0.157 0.874 -0.368 -0.063 -0.805 -0.163 -1.126 -0.076 -0.406 -0.591 -1.739 -1.498 -1.959 -0.072 -0.135 0.670 -0.174 -0.228 0.031 -0.039 0.016 0.100 -0.235 0.515 -0.115 -0.028 -0.327 0.147 -0.003 -0.479 0.286 -0.181 0.176 -0.100 -0.021 0.112 0.135 -0.152 -0.034 0.115 -0.125 -0.081 0.253 -0.330 0.070 0.139 -0.264 0.548 0.203 0.071 0.321 -0.102 -0.439 -0.308 0.016 0.726 -0.202 0.250 0.130 0.203 -0.214 0.296 0.130 0.111 0.375 0.261 0.405 0.274 0.539 0.381 0.569 -1.604 -0.042 0.523 0.961 1.661 -0.396 1.000 2.322 -1.030 0.617 -0.588 -1.122 0.371 -1.875 -0.936 -2.611 1.118 1.264 1.105 1.491 1.183 1.370 0.173 -0.116 -0.296 -0.028 0.326 -0.197 -0.140 0.281 -0.503 -0.590 0.963 0.217 -0.517 -0.498 0.757 -1.825 0.052 1.399 -0.128 -1.154 2.491 1.027 -0.084 0.828 0.132 -0.412 0.401 -1.689 -1.265 -1.415 0.004 -0.162 0.311 -0.047 0.398 0.402 -0.119 -0.065 -0.210 0.256 0.086 0.060 0.624 0.224 0.465 -0.188 0.282 -0.192 0.568 0.921 0.305 -0.342 0.683 1.010 -0.789 0.277 -1.113 0.182 0.685 -0.280 0.317 0.997 1.138 0.819 -0.115 0.319 -0.414 0.096 -0.351 -2.191 -0.532 -0.551 -0.180 

Alignment name: 2abd.phylip
Number of taxa: 99
Number of sites: 222
Log-likelihood with estimated matrix (alignment): -13596.200
Log-likelihood with compared matrix (alignment): -13631.896
Log-likehood gain (alignment): 35.697 (= (-13596.200) - (-13631.896))
Log-likehood gain (for each site): 0.588 2.665 0.305 -0.979 -0.079 0.702 -1.935 -1.129 1.155 -0.631 -1.272 0.149 -0.570 0.205 -0.484 0.703 1.220 0.264 0.344 -0.016 0.420 0.088 1.486 1.121 -0.452 0.810 0.123 0.000 0.000 0.000 0.000 0.221 0.472 2.243 1.676 0.804 -0.217 0.277 0.378 0.000 0.000 0.000 0.000 0.000 0.000 0.000 4.186 0.317 -1.342 0.664 0.000 2.467 0.036 -1.325 -2.382 0.136 -1.461 0.938 -0.785 0.725 0.000 0.000 0.547 -2.054 -1.807 4.239 0.112 1.209 3.031 -0.952 0.149 -0.164 0.253 -0.330 0.026 0.253 0.104 0.086 0.037 0.634 -1.548 0.247 1.246 -0.171 1.217 0.671 -1.339 0.513 -0.288 -0.868 0.765 0.222 -0.749 0.834 -0.430 -0.379 -0.379 0.137 -0.330 0.123 0.272 -0.887 0.940 -0.110 0.426 0.206 0.110 -0.164 0.089 -0.086 0.135 0.000 0.000 0.000 -0.043 0.194 0.070 -0.201 0.004 0.572 -0.342 -0.382 1.071 -0.348 5.693 -0.397 -0.966 0.202 0.401 -0.365 -0.374 0.191 -0.015 0.036 -0.255 -0.341 0.017 -0.045 3.673 -0.469 -0.430 0.272 -0.330 0.209 0.253 -1.180 -0.084 -0.164 0.026 -0.054 0.000 0.000 0.000 0.137 -0.054 0.026 -0.113 -1.796 -0.827 -0.673 -0.835 1.807 0.877 0.028 0.403 -1.631 0.000 0.000 1.162 0.000 0.000 0.000 0.000 0.000 0.000 0.000 0.000 0.000 0.000 2.038 2.270 2.084 0.000 0.061 0.000 0.000 0.000 0.000 0.000 0.000 0.000 0.000 0.000 0.000 0.000 0.000 0.000 0.000 0.000 0.000 0.000 0.000 0.000 0.000 0.000 0.000 -0.630 -1.494 -1.577 6.751 0.607 -0.432 -0.508 -1.535 0.817 1.022 -1.836 -1.206 2.259 0.261 2.183 1.319 

Alignment name: 1rop.phylip
Number of taxa: 5
Number of sites: 57
Log-likelihood with estimated matrix (alignment): -486.269
Log-likelihood with compared matrix (alignment): -482.128
Log-likehood gain (alignment): -4.140 (= (-486.269) - (-482.128))
Log-likehood gain (for each site): -0.116 0.155 0.158 0.108 0.166 0.282 0.143 0.051 -0.377 0.070 -0.141 0.051 -0.089 -0.305 -0.420 -0.131 0.253 0.108 0.171 -0.377 -0.471 -0.377 -0.377 0.029 0.158 -0.377 0.439 0.233 -0.377 0.032 -0.207 0.293 0.133 -0.233 0.051 0.495 -0.257 -0.457 0.112 -0.388 -0.377 -0.066 -0.280 -0.009 0.051 0.005 0.154 -0.377 -0.140 -0.210 -0.052 -0.782 -0.016 0.328 -0.413 -0.377 0.201 

Alignment name: 1iob.phylip
Number of taxa: 14
Number of sites: 126
Log-likelihood with estimated matrix (alignment): -2608.126
Log-likelihood with compared matrix (alignment): -2605.547
Log-likehood gain (alignment): -2.579 (= (-2608.126) - (-2605.547))
Log-likehood gain (for each site): -0.600 1.107 -0.831 0.169 0.272 -0.797 0.078 -0.011 0.556 0.216 -0.101 -0.419 0.076 -0.261 0.317 -0.379 -0.021 -0.413 0.187 0.231 0.302 0.029 0.687 0.201 0.475 -0.503 0.154 0.157 -0.738 -0.440 -0.187 -0.634 -0.082 -0.386 0.104 0.761 0.664 0.090 -0.872 0.112 -0.294 -0.573 0.006 -0.541 0.327 0.713 0.339 0.624 0.926 0.694 -0.289 -0.355 -0.634 -0.317 -0.105 -0.166 0.111 -0.101 -0.145 -0.564 0.325 0.098 0.583 -0.487 1.143 0.645 -0.236 0.216 0.273 0.319 -0.121 -0.410 -0.427 -0.399 -0.313 -0.039 -0.342 -0.053 0.081 0.251 0.481 0.023 0.568 0.218 0.276 -0.364 -0.254 0.162 -0.427 0.247 0.582 -0.224 -0.138 -0.659 0.260 0.701 -0.273 -0.439 -0.672 -0.548 -0.101 0.098 -0.255 -0.101 -0.015 0.113 -0.443 0.129 0.390 -0.336 -0.155 -0.275 -0.156 -0.329 -0.136 -0.175 -0.105 0.330 0.485 -0.292 -0.620 0.576 0.139 -0.472 0.203 -0.632 

Alignment name: 1em7.phylip
Number of taxa: 4
Number of sites: 56
Log-likelihood with estimated matrix (alignment): -390.761
Log-likelihood with compared matrix (alignment): -394.966
Log-likehood gain (alignment): 4.205 (= (-390.761) - (-394.966))
Log-likehood gain (for each site): 0.181 -0.118 -0.135 -0.467 -0.441 -0.426 0.182 0.335 0.364 0.181 -0.289 0.357 0.335 0.064 0.181 0.067 0.181 0.211 0.002 -0.244 0.276 0.002 0.377 0.181 0.002 -0.107 0.276 -0.254 0.323 -0.398 -0.069 -0.123 -0.177 0.275 0.231 0.566 0.152 0.222 -0.220 0.553 0.335 0.383 0.477 -0.548 -0.134 0.395 0.526 -0.439 0.233 -0.034 0.021 -0.150 0.049 -0.045 0.274 0.254 

Alignment name: 1a23.phylip
Number of taxa: 30
Number of sites: 246
Log-likelihood with estimated matrix (alignment): -11001.383
Log-likelihood with compared matrix (alignment): -11017.192
Log-likehood gain (alignment): 15.809 (= (-11001.383) - (-11017.192))
Log-likehood gain (for each site): 0.147 -0.993 -0.225 -0.342 -0.173 -0.736 0.649 -0.338 -0.416 -0.730 0.587 -0.389 -0.971 -0.414 -0.307 -0.372 0.104 -0.339 0.024 -1.082 -0.571 -0.244 -0.406 -0.323 0.612 -0.367 0.332 0.272 0.272 0.272 0.272 -0.054 0.253 0.026 0.272 0.272 -0.113 0.272 0.026 0.667 0.638 -0.356 0.917 0.746 0.602 -0.727 -1.131 -0.789 0.376 -0.535 -0.896 -0.855 -0.880 -0.315 -0.867 -0.579 0.227 0.950 0.317 0.357 0.101 -0.132 0.415 0.794 0.319 1.313 -0.044 -0.085 -0.026 0.158 0.051 0.040 0.236 -0.132 -0.273 0.282 -0.341 -0.338 0.534 0.087 -0.439 -0.909 0.474 0.380 -0.486 1.137 0.520 0.067 -1.319 0.927 -0.231 -0.253 0.021 0.779 -0.344 0.194 1.087 -0.855 0.200 -0.877 0.004 -0.103 0.028 0.481 -0.003 -0.301 -0.219 0.013 0.397 0.080 0.113 -0.079 0.372 1.113 -0.885 -0.018 -0.303 0.299 0.369 -0.522 -0.546 -0.433 -0.480 0.209 -0.623 -0.090 0.086 0.114 0.857 0.478 0.414 0.611 0.740 0.045 1.027 -0.199 1.181 -0.047 0.375 -0.935 0.066 -0.400 0.667 -0.620 -0.987 1.097 -0.346 1.068 0.370 1.469 -0.305 0.929 0.479 0.680 0.265 0.100 0.209 -0.254 -0.402 0.516 0.108 -0.719 -0.308 -1.364 0.940 -0.153 1.197 -0.719 0.183 0.512 0.857 0.961 0.892 0.026 0.095 0.272 -0.556 0.404 0.186 0.200 -0.651 0.204 1.707 -0.379 0.086 0.137 0.665 0.868 0.350 0.559 0.817 0.323 -0.155 -0.581 0.319 -0.283 0.793 -0.084 -0.525 0.662 -0.384 -0.305 -0.011 1.250 -1.104 -0.090 0.900 -0.296 0.217 -0.118 0.133 -0.129 -0.715 0.021 0.249 0.074 1.894 1.654 0.305 0.271 -0.202 0.041 0.320 -0.057 -0.323 -0.038 -0.132 -0.607 -0.026 0.352 0.999 -0.994 -1.105 1.374 -0.395 0.203 1.148 -0.144 -0.328 0.105 -1.063 0.475 0.863 0.142 -0.919 0.578 

Alignment name: 3bls.phylip
Number of taxa: 99
Number of sites: 649
Log-likelihood with estimated matrix (alignment): -66902.066
Log-likelihood with compared matrix (alignment): -67069.003
Log-likehood gain (alignment): 166.938 (= (-66902.066) - (-67069.003))
Log-likehood gain (for each site): -1.894 -1.224 0.851 0.082 0.690 -0.678 0.911 -0.411 2.238 1.439 0.369 -0.436 0.222 -0.173 0.056 0.010 0.558 -0.287 -0.086 -0.402 -0.089 0.162 -0.182 -0.033 -0.090 0.310 0.757 0.465 0.062 -0.072 0.011 -0.131 0.183 -0.007 0.366 -0.117 0.351 -0.437 0.456 -1.360 -0.156 -1.050 -0.970 -1.212 0.000 0.000 0.000 0.000 0.000 0.000 0.000 0.000 0.000 0.000 0.000 0.095 0.356 -0.541 -0.876 0.327 -0.501 4.026 3.759 0.603 1.439 2.306 0.599 0.133 -0.701 0.984 1.254 0.374 0.084 0.044 -0.201 0.177 0.103 -0.241 0.309 0.366 0.291 -0.631 0.629 0.449 0.259 1.167 0.606 0.179 0.123 0.123 -0.084 0.104 0.329 0.219 -0.403 1.317 1.063 0.882 2.250 3.851 0.046 0.735 0.183 0.104 0.285 -0.475 1.572 0.690 4.888 2.783 0.691 -0.201 -0.038 0.038 0.399 -0.159 1.043 -0.491 1.328 -0.541 1.473 -0.797 -0.687 1.946 -2.432 0.218 1.595 -0.870 -1.343 -2.843 -4.277 -2.462 -2.271 -2.756 -1.320 1.610 0.805 0.461 5.622 -1.569 -0.390 3.870 0.123 0.123 0.026 0.123 -0.254 0.104 -0.028 0.086 0.137 0.209 -0.181 0.123 0.253 -0.330 -0.164 0.253 -1.356 -0.113 0.104 -0.164 -0.113 -0.113 0.272 0.026 0.104 -0.320 -3.389 2.766 1.909 3.175 1.756 3.625 -1.034 0.411 0.087 0.123 0.000 0.253 0.863 -0.785 0.137 0.090 0.522 -0.719 0.595 0.538 -0.151 0.601 0.262 0.299 -0.124 0.036 -0.232 0.387 0.057 0.525 -0.722 1.011 0.186 -1.239 0.976 1.582 0.113 0.240 0.872 -0.361 0.090 -0.011 -0.409 -0.330 0.123 0.502 0.078 0.674 0.558 0.554 0.436 0.261 1.789 0.174 0.588 1.085 1.073 2.717 1.802 1.364 3.468 -0.904 3.146 -2.993 -0.844 -1.039 -1.532 -2.670 0.687 0.165 -0.340 -2.928 1.771 -2.327 0.254 1.850 0.931 -0.012 1.193 1.157 1.899 0.382 2.873 0.225 3.356 1.511 1.049 -0.918 1.971 1.394 0.956 0.801 0.324 0.342 0.269 0.030 0.176 0.179 -0.072 0.074 0.026 0.189 0.184 -0.484 0.313 1.046 0.475 1.401 0.167 0.069 0.424 -0.898 0.579 0.358 0.066 -2.936 1.265 1.729 0.432 1.506 3.054 1.284 0.784 3.005 0.009 0.095 -0.379 0.026 -0.084 0.137 0.104 0.104 0.104 -0.181 0.277 -0.528 1.496 2.786 -0.453 -0.898 -1.874 -0.230 0.039 -0.804 1.383 -0.928 -0.646 -0.399 -0.151 -0.188 -1.771 -0.403 -0.189 -1.187 -2.989 -2.626 0.081 -0.169 -0.612 1.938 1.409 -0.645 2.927 -0.337 1.309 2.216 0.137 0.086 0.026 0.026 0.272 -0.719 1.984 0.865 0.299 -3.037 1.382 0.523 -0.579 -0.751 -0.187 0.136 -0.528 -0.430 0.272 -0.181 0.086 0.272 0.137 -0.113 -0.164 -0.054 -0.330 0.253 -0.113 0.104 0.104 -0.254 0.026 0.026 -0.476 0.423 0.298 2.699 -1.352 0.205 0.241 -1.759 -0.000 -1.017 2.082 0.211 3.051 2.411 1.281 2.510 0.537 3.000 1.412 1.818 0.513 1.456 -1.904 1.040 2.927 1.136 0.899 0.311 2.583 1.132 0.132 1.432 0.154 0.366 -1.123 1.338 0.773 0.118 1.587 0.984 1.370 -0.475 0.745 -0.406 0.187 0.299 0.509 -0.115 -0.541 0.170 -0.017 0.090 0.864 -0.003 -0.193 -0.057 0.029 0.512 0.169 -0.116 -0.233 0.181 0.242 0.500 0.137 0.608 -0.241 -0.003 0.040 0.017 -0.126 -0.213 -0.217 -0.456 -0.353 -0.101 0.894 0.508 -0.293 0.469 0.307 0.039 0.908 0.325 -0.416 -0.767 1.536 -0.042 -0.724 2.105 -2.049 1.439 -3.230 -1.066 -2.200 1.114 0.546 -1.448 -0.744 0.302 -1.521 -1.809 -0.165 -0.246 0.176 -0.636 0.437 0.046 0.253 0.272 -0.330 -0.330 -0.330 0.095 0.209 0.095 0.235 0.508 -0.085 -0.678 0.210 1.154 1.143 -0.485 -1.255 -0.040 0.460 1.460 0.856 -0.986 -0.051 -0.482 1.750 0.804 1.572 0.814 0.222 1.036 1.426 1.311 0.514 -0.054 0.313 -0.239 0.126 -0.290 -0.164 0.295 0.206 0.310 -0.148 1.042 -0.989 0.109 -1.404 0.101 0.424 1.524 0.943 0.570 2.581 1.375 -0.748 -0.168 -0.070 1.786 -2.025 0.032 0.525 -0.190 0.434 -0.194 -0.748 1.600 4.051 -2.226 4.036 0.825 -0.115 1.531 0.462 3.931 0.266 0.132 1.593 0.859 -0.995 1.171 0.489 1.287 -0.177 -0.736 0.214 0.214 -0.232 0.269 0.155 0.379 0.270 0.161 0.109 0.389 -0.547 -0.282 0.919 1.078 -0.069 0.034 1.212 1.304 1.260 1.616 0.436 -0.084 -0.212 1.477 1.457 -0.677 0.151 -0.424 -0.330 0.095 0.128 -0.044 -0.634 0.678 0.815 1.879 1.654 -0.203 -3.363 -0.071 -1.786 0.362 -0.299 2.278 0.995 1.483 -0.171 0.008 -0.499 -1.552 0.031 0.209 0.037 1.076 1.855 0.987 1.656 2.589 -1.829 -3.834 -1.530 -2.212 -0.882 -0.181 -0.379 -0.054 -1.470 -2.950 0.445 -1.701 2.681 2.216 1.513 0.667 2.387 1.985 0.626 -1.566 1.752 0.191 -0.845 0.081 -1.676 -0.852 2.136 -1.642 1.718 0.110 -0.079 

Alignment name: 1tpk.phylip
Number of taxa: 23
Number of sites: 85
Log-likelihood with estimated matrix (alignment): -3110.698
Log-likelihood with compared matrix (alignment): -3120.018
Log-likehood gain (alignment): 9.321 (= (-3110.698) - (-3120.018))
Log-likehood gain (for each site): -0.603 0.035 -0.342 0.250 -0.187 0.304 -0.307 0.988 -0.177 0.046 0.304 0.820 0.264 0.302 0.019 0.182 -0.038 -0.019 0.593 -0.584 1.929 -0.603 0.329 -0.258 -0.163 1.356 -0.071 0.077 0.178 0.191 -0.291 -0.727 0.074 0.991 -0.278 -0.109 -0.447 0.875 0.818 -0.519 0.385 0.482 1.052 0.706 1.858 -0.363 -0.146 0.424 0.337 0.370 -0.100 0.163 -0.475 -0.603 -0.286 0.096 0.164 0.448 1.069 0.136 -0.159 -1.452 0.120 0.189 -0.138 -0.603 -0.368 0.269 -0.149 -0.589 0.534 0.688 -0.579 0.270 0.441 -0.260 0.138 0.143 -0.603 0.057 1.089 -0.915 0.955 -0.076 -0.603 

Alignment name: 1bpi.phylip
Number of taxa: 99
Number of sites: 80
Log-likelihood with estimated matrix (alignment): -8885.016
Log-likelihood with compared matrix (alignment): -8928.155
Log-likehood gain (alignment): 43.139 (= (-8885.016) - (-8928.155))
Log-likehood gain (for each site): 1.318 -0.456 2.003 2.261 1.009 1.483 0.014 0.977 2.000 0.673 -0.048 0.975 -0.096 0.241 -0.372 1.838 0.253 0.104 -0.113 3.208 0.086 0.104 0.137 0.209 0.137 -0.113 1.040 1.659 -0.015 -0.033 -0.143 0.606 -0.465 -1.287 0.405 -1.381 2.229 0.143 0.026 0.187 0.327 1.531 1.875 4.511 2.908 2.163 -0.456 -0.909 0.618 -0.712 2.396 -0.452 0.883 0.523 -0.677 2.588 0.813 -0.486 -0.113 -0.379 3.098 0.123 -0.084 -0.054 0.086 0.209 0.350 -1.345 -0.212 1.733 3.108 -0.566 0.439 0.511 -0.456 0.637 1.147 -2.957 -0.456 0.074 
