
# SCORE10
#
    A    R    N    D    C    Q    E    G    H    I    L    K    M    F    P    S    T    W    Y    V    *
A  10  -12  -15  -13   -6  -10   -9   -8  -13  -15  -13  -12   -9  -15  -10   -5   -8  -16  -15   -6  -27 
R -12   13  -11  -18  -12   -5  -14  -13   -6  -16  -13   -3  -11  -19  -14  -10  -11  -12  -14  -15  -27 
N -15  -11   13   -4  -13   -9  -14   -9   -4  -17  -19   -8  -14  -20  -18   -5   -8  -22  -13  -20  -27 
D -13  -18   -4   11  -20  -13   -5  -11  -11  -26  -25  -15  -23  -24  -14   -9  -13  -23  -19  -22  -27 
C  -6  -12  -13  -20   20  -19  -25  -11  -11  -12  -11  -22  -10   -8  -22   -6  -10  -11   -8   -6  -27 
Q -10   -5   -9  -13  -19   13   -5  -16   -4  -20  -11   -5   -8  -21  -14  -10  -10  -15  -16  -16  -27 
E  -9  -14  -14   -5  -25   -5   11  -16  -14  -21  -19   -8  -16  -26  -14  -12  -12  -20  -20  -14  -27 
G  -8  -13   -9  -11  -11  -16  -16   11  -14  -27  -22  -16  -18  -20  -16   -9  -19  -16  -20  -20  -27 
H -13   -6   -4  -11  -11   -4  -14  -14   16  -17  -13  -12  -12  -10  -13  -10  -12  -12   -3  -16  -27 
I -15  -16  -17  -26  -12  -20  -21  -27  -17   13   -3  -16   -4   -7  -20  -21  -10  -17  -14    1  -27 
L -13  -13  -19  -25  -11  -11  -19  -22  -13   -3   11  -16   -2   -4  -14  -17  -14  -10  -13   -6  -27 
K -12   -3   -8  -15  -22   -5   -8  -16  -12  -16  -16   11  -11  -24  -14  -11   -9  -22  -20  -15  -27 
M  -9  -11  -14  -23  -10   -8  -16  -18  -12   -4   -2  -11   17   -7  -20  -14   -8  -10  -12   -7  -27 
F -15  -19  -20  -24   -8  -21  -26  -20  -10   -7   -4  -24   -7   14  -19  -14  -16   -5    0  -10  -27 
P -10  -14  -18  -14  -22  -14  -14  -16  -13  -20  -14  -14  -20  -19   12   -9  -13  -18  -19  -16  -27 
S  -5  -10   -5   -9   -6  -10  -12   -9  -10  -21  -17  -11  -14  -14   -9   11   -3  -14  -13  -18  -27 
T  -8  -11   -8  -13  -10  -10  -12  -19  -12  -10  -14   -9   -8  -16  -13   -3   12  -17  -16   -7  -27 
W -16  -12  -22  -23  -11  -15  -20  -16  -12  -17  -10  -22  -10   -5  -18  -14  -17   19   -5  -15  -27 
Y -15  -14  -13  -19   -8  -16  -20  -20   -3  -14  -13  -20  -12    0  -19  -13  -16   -5   15  -13  -27 
V  -6  -15  -20  -22   -6  -16  -14  -20  -16    1   -6  -15   -7  -10  -16  -18   -7  -15  -13   12  -27 
* -27  -27  -27  -27  -27  -27  -27  -27  -27  -27  -27  -27  -27  -27  -27  -27  -27  -27  -27  -27    1 


# SCORE30
#
    A    R    N    D    C    Q    E    G    H    I    L    K    M    F    P    S    T    W    Y    V    *
A  10   -8  -10   -8   -2   -6   -5   -4   -9   -9   -8   -7   -5  -10   -5   -1   -4  -11  -10   -2  -20 
R  -8   12   -7  -12   -7   -1   -9   -9   -2  -11   -8    1   -7  -14   -9   -6   -7   -7   -9  -10  -20 
N -10   -7   12    0   -8   -5   -8   -4    0  -12  -14   -4   -9  -14  -12   -1   -4  -16   -8  -14  -20 
D  -8  -12    0   11  -14   -8   -1   -7   -6  -20  -19  -10  -16  -18   -9   -5   -8  -17  -14  -16  -20 
C  -2   -7   -8  -14   19  -13  -16   -7   -6   -6   -6  -15   -6   -4  -15   -2   -6   -6   -4   -2  -20 
Q  -6   -1   -5   -8  -13   12   -1  -11   -1  -13   -7   -1   -4  -15   -9   -5   -6  -11  -11  -11  -20 
E  -5   -9   -8   -1  -16   -1   10  -11   -9  -15  -14   -4  -11  -19  -10   -7   -7  -15  -15  -10  -20 
G  -4   -9   -4   -7   -7  -11  -11   11   -9  -20  -16  -11  -13  -15  -11   -5  -12  -11  -15  -14  -20 
H  -9   -2    0   -6   -6   -1   -9   -9   15  -12   -8   -7   -7   -5   -9   -5   -7   -7    1  -11  -20 
I  -9  -11  -12  -20   -6  -13  -15  -20  -12   12    1  -12    0   -3  -14  -14   -5  -11   -9    4  -20 
L  -8   -8  -14  -19   -6   -7  -14  -16   -8    1   10  -11    2    0  -10  -12   -9   -6   -8   -2  -20 
K  -7    1   -4  -10  -15   -1   -4  -11   -7  -12  -11   10   -7  -17   -9   -7   -5  -16  -15  -10  -20 
M  -5   -7   -9  -16   -6   -4  -11  -13   -7    0    2   -7   15   -2  -14   -9   -4   -5   -7   -2  -20 
F -10  -14  -14  -18   -4  -15  -19  -15   -5   -3    0  -17   -2   14  -14  -10  -11   -1    4   -5  -20 
P  -5   -9  -12   -9  -15   -9  -10  -11   -9  -14  -10   -9  -14  -14   12   -5   -8  -13  -14  -11  -20 
S  -1   -6   -1   -5   -2   -5   -7   -5   -5  -14  -12   -7   -9  -10   -5   10    1   -9   -9  -11  -20 
T  -4   -7   -4   -8   -6   -6   -7  -12   -7   -5   -9   -5   -4  -11   -8    1   11  -12  -11   -3  -20 
W -11   -7  -16  -17   -6  -11  -15  -11   -7  -11   -6  -16   -5   -1  -13   -9  -12   19    0  -10  -20 
Y -10   -9   -8  -14   -4  -11  -15  -15    1   -9   -8  -15   -7    4  -14   -9  -11    0   14   -9  -20 
V  -2  -10  -14  -16   -2  -11  -10  -14  -11    4   -2  -10   -2   -5  -11  -11   -3  -10   -9   11  -20 
* -20  -20  -20  -20  -20  -20  -20  -20  -20  -20  -20  -20  -20  -20  -20  -20  -20  -20  -20  -20    1 


# SCORE50
#
    A    R    N    D    C    Q    E    G    H    I    L    K    M    F    P    S    T    W    Y    V    *
A   9   -6   -7   -6   -1   -4   -3   -2   -7   -6   -6   -5   -4   -8   -4    0   -2   -9   -8   -1  -16 
R  -6   11   -5   -9   -6    0   -6   -7    0   -8   -6    2   -5  -11   -7   -4   -5   -6   -7   -8  -16 
N  -7   -5   11    2   -6   -3   -6   -3    1  -10  -11   -2   -8  -11  -10    0   -2  -13   -6  -11  -16 
D  -6   -9    2   10  -11   -5    1   -5   -4  -16  -15   -7  -13  -15   -7   -3   -6  -15  -11  -13  -16 
C  -1   -6   -6  -11   19  -10  -12   -5   -4   -4   -4  -11   -4   -2  -12   -1   -4   -4   -2    0  -16 
Q  -4    0   -3   -5  -10   11    1   -8    1  -10   -5    0   -2  -11   -7   -4   -4   -9   -9   -8  -16 
E  -3   -6   -6    1  -12    1    9   -8   -7  -12  -11   -2   -9  -16   -7   -5   -5  -13  -13   -8  -16 
G  -2   -7   -3   -5   -5   -8   -8   10   -7  -16  -14   -8  -11  -12   -9   -3   -9   -9  -12  -11  -16 
H  -7    0    1   -4   -4    1   -7   -7   14   -9   -6   -5   -6   -3   -7   -4   -5   -5    3   -9  -16 
I  -6   -8  -10  -16   -4  -10  -12  -16   -9   11    3   -9    2   -1  -11  -11   -4   -8   -7    5  -16 
L  -6   -6  -11  -15   -4   -5  -11  -14   -6    3   10   -9    4    1   -8  -10   -7   -4   -5    0  -16 
K  -5    2   -2   -7  -11    0   -2   -8   -5   -9   -9    9   -5  -14   -7   -5   -3  -13  -12   -8  -16 
M  -4   -5   -8  -13   -4   -2   -9  -11   -6    2    4   -5   14   -1  -11   -7   -3   -4   -5   -1  -16 
F  -8  -11  -11  -15   -2  -11  -16  -12   -3   -1    1  -14   -1   13  -12   -8   -9    1    5   -3  -16 
P  -4   -7  -10   -7  -12   -7   -7   -9   -7  -11   -8   -7  -11  -12   12   -3   -6  -11  -12   -9  -16 
S   0   -4    0   -3   -1   -4   -5   -3   -4  -11  -10   -5   -7   -8   -3    9    2   -7   -7   -8  -16 
T  -2   -5   -2   -6   -4   -4   -5   -9   -5   -4   -7   -3   -3   -9   -6    2   10  -10   -9   -2  -16 
W  -9   -6  -13  -15   -4   -9  -13   -9   -5   -8   -4  -13   -4    1  -11   -7  -10   18    2   -8  -16 
Y  -8   -7   -6  -11   -2   -9  -13  -12    3   -7   -5  -12   -5    5  -12   -7   -9    2   13   -7  -16 
V  -1   -8  -11  -13    0   -8   -8  -11   -9    5    0   -8   -1   -3   -9   -8   -2   -8   -7   10  -16 
* -16  -16  -16  -16  -16  -16  -16  -16  -16  -16  -16  -16  -16  -16  -16  -16  -16  -16  -16  -16    1 


# SCORE70
#
    A    R    N    D    C    Q    E    G    H    I    L    K    M    F    P    S    T    W    Y    V    *
A   8   -5   -5   -5    0   -3   -2   -1   -5   -4   -5   -4   -3   -6   -3    1   -1   -7   -7    0  -14 
R  -5   10   -3   -8   -5    1   -5   -6    1   -7   -5    3   -4   -9   -6   -3   -3   -4   -6   -6  -14 
N  -5   -3   10    2   -5   -2   -4   -2    2   -9  -10   -1   -6  -10   -8    1   -1  -11   -5   -9  -14 
D  -5   -8    2    9   -9   -4    2   -3   -3  -14  -13   -5  -11  -13   -6   -2   -5  -13  -10  -11  -14 
C   0   -5   -5   -9   18   -8  -10   -4   -3   -3   -3   -9   -3   -1   -9    0   -2   -3   -1    1  -14 
Q  -3    1   -2   -4   -8   10    2   -7    1   -8   -4    1   -2   -9   -6   -3   -3   -7   -7   -7  -14 
E  -2   -5   -4    2  -10    2    9   -7   -5  -10   -9   -1   -7  -13   -6   -4   -4  -11  -11   -6  -14 
G  -1   -6   -2   -3   -4   -7   -7   10   -6  -13  -12   -7   -9  -11   -7   -2   -7   -8  -11  -10  -14 
H  -5    1    2   -3   -3    1   -5   -6   13   -8   -5   -3   -4   -2   -6   -3   -4   -4    3   -7  -14 
I  -4   -7   -9  -14   -3   -8  -10  -13   -8   10    4   -8    3    0   -9   -8   -2   -6   -5    6  -14 
L  -5   -5  -10  -13   -3   -4   -9  -12   -5    4    9   -7    4    2   -7   -8   -5   -3   -4    1  -14 
K  -4    3   -1   -5   -9    1   -1   -7   -3   -8   -7    9   -4  -12   -6   -3   -2  -11  -10   -7  -14 
M  -3   -4   -6  -11   -3   -2   -7   -9   -4    3    4   -4   13    0   -9   -6   -2   -3   -4    1  -14 
F  -6   -9  -10  -13   -1   -9  -13  -11   -2    0    2  -12    0   12  -10   -7   -7    2    6   -2  -14 
P  -3   -6   -8   -6   -9   -6   -6   -7   -6   -9   -7   -6   -9  -10   11   -2   -5   -9  -10   -7  -14 
S   1   -3    1   -2    0   -3   -4   -2   -3   -8   -8   -3   -6   -7   -2    8    3   -6   -6   -6  -14 
T  -1   -3   -1   -5   -2   -3   -4   -7   -4   -2   -5   -2   -2   -7   -5    3    9   -8   -7   -1  -14 
W  -7   -4  -11  -13   -3   -7  -11   -8   -4   -6   -3  -11   -3    2   -9   -6   -8   18    3   -6  -14 
Y  -7   -6   -5  -10   -1   -7  -11  -11    3   -5   -4  -10   -4    6  -10   -6   -7    3   13   -5  -14 
V   0   -6   -9  -11    1   -7   -6  -10   -7    6    1   -7    1   -2   -7   -6   -1   -6   -5    9  -14 
* -14  -14  -14  -14  -14  -14  -14  -14  -14  -14  -14  -14  -14  -14  -14  -14  -14  -14  -14  -14    1 


# SCORE100
#
    A    R    N    D    C    Q    E    G    H    I    L    K    M    F    P    S    T    W    Y    V    *
A   7   -3   -4   -3    1   -2   -2   -1   -4   -3   -3   -3   -2   -5   -2    1    0   -6   -5    0  -11 
R  -3    9   -2   -6   -4    2   -3   -4    1   -6   -4    3   -3   -7   -5   -2   -2   -3   -4   -5  -11 
N  -4   -2    8    3   -4   -1   -2   -1    2   -7   -8   -1   -5   -8   -6    1    0   -9   -4   -7  -11 
D  -3   -6    3    8   -7   -2    2   -2   -2  -11  -11   -4   -9  -11   -4   -1   -3  -11   -8   -9  -11 
C   1   -4   -4   -7   17   -6   -8   -3   -2   -1   -2   -7   -2    0   -7    1   -1   -2    0    1  -11 
Q  -2    2   -1   -2   -6    8    2   -5    2   -6   -4    2   -1   -7   -4   -2   -2   -6   -6   -5  -11 
E  -2   -3   -2    2   -8    2    8   -5   -3   -8   -8    0   -6  -11   -5   -2   -3   -9   -9   -5  -11 
G  -1   -4   -1   -2   -3   -5   -5    9   -4  -11  -10   -5   -8   -9   -6   -1   -5   -7   -9   -8  -11 
H  -4    1    2   -2   -2    2   -3   -4   12   -6   -4   -2   -3   -1   -5   -2   -3   -2    4   -6  -11 
I  -3   -6   -7  -11   -1   -6   -8  -11   -6    8    4   -6    3    1   -8   -6   -2   -5   -3    6  -11 
L  -3   -4   -8  -11   -2   -4   -8  -10   -4    4    8   -6    5    3   -6   -6   -4   -2   -2    2  -11 
K  -3    3   -1   -4   -7    2    0   -5   -2   -6   -6    8   -3   -9   -5   -2   -1   -9   -8   -5  -11 
M  -2   -3   -5   -9   -2   -1   -6   -8   -3    3    5   -3   11    1   -7   -4   -1   -2   -2    1  -11 
F  -5   -7   -8  -11    0   -7  -11   -9   -1    1    3   -9    1   11   -8   -5   -6    3    7   -1  -11 
P  -2   -5   -6   -4   -7   -4   -5   -6   -5   -8   -6   -5   -7   -8   11   -1   -3   -8   -8   -6  -11 
S   1   -2    1   -1    1   -2   -2   -1   -2   -6   -6   -2   -4   -5   -1    7    3   -5   -5   -4  -11 
T   0   -2    0   -3   -1   -2   -3   -5   -3   -2   -4   -1   -1   -6   -3    3    8   -7   -6    0  -11 
W  -6   -3   -9  -11   -2   -6   -9   -7   -2   -5   -2   -9   -2    3   -8   -5   -7   17    4   -5  -11 
Y  -5   -4   -4   -8    0   -6   -9   -9    4   -3   -2   -8   -2    7   -8   -5   -6    4   12   -4  -11 
V   0   -5   -7   -9    1   -5   -5   -8   -6    6    2   -5    1   -1   -6   -4    0   -5   -4    8  -11 
* -11  -11  -11  -11  -11  -11  -11  -11  -11  -11  -11  -11  -11  -11  -11  -11  -11  -11  -11  -11    1 


# SCORE150
#
   A   R   N   D   C   Q   E   G   H   I   L   K   M   F   P   S   T   W   Y   V   *
A  5  -2  -2  -2   1  -1  -1   0  -3  -1  -2  -2  -1  -3  -1   1   0  -4  -4   1  -8 
R -2   7  -1  -4  -2   2  -2  -3   1  -4  -3   4  -2  -5  -3  -1  -1  -3  -3  -4  -8 
N -2  -1   7   3  -2   0  -1   0   2  -6  -6   0  -4  -6  -4   1   0  -6  -3  -5  -8 
D -2  -4   3   7  -5  -1   3  -1  -1  -8  -8  -2  -6  -8  -3   0  -2  -8  -6  -6  -8 
C  1  -2  -2  -5  15  -4  -5  -2  -1   0  -1  -4  -1   0  -5   1   0  -1   0   1  -8 
Q -1   2   0  -1  -4   6   2  -4   2  -4  -3   2  -1  -5  -3  -1  -1  -5  -4  -4  -8 
E -1  -2  -1   3  -5   2   6  -3  -2  -6  -6   1  -4  -8  -3  -1  -2  -7  -7  -4  -8 
G  0  -3   0  -1  -2  -4  -3   8  -3  -8  -7  -4  -6  -7  -4   0  -4  -5  -7  -6  -8 
H -3   1   2  -1  -1   2  -2  -3  10  -4  -3  -1  -2   0  -3  -1  -2  -1   4  -4  -8 
I -1  -4  -6  -8   0  -4  -6  -8  -4   7   4  -4   3   2  -5  -4  -1  -3  -2   5  -8 
L -2  -3  -6  -8  -1  -3  -6  -7  -3   4   7  -4   4   3  -4  -4  -2   0  -1   3  -8 
K -2   4   0  -2  -4   2   1  -4  -1  -4  -4   6  -2  -7  -3  -1  -1  -6  -6  -4  -8 
M -1  -2  -4  -6  -1  -1  -4  -6  -2   3   4  -2   8   2  -5  -3  -1  -1  -1   2  -8 
F -3  -5  -6  -8   0  -5  -8  -7   0   2   3  -7   2  10  -6  -4  -4   4   7   0  -8 
P -1  -3  -4  -3  -5  -3  -3  -4  -3  -5  -4  -3  -5  -6  10  -1  -2  -6  -6  -4  -8 
S  1  -1   1   0   1  -1  -1   0  -1  -4  -4  -1  -3  -4  -1   5   3  -4  -3  -3  -8 
T  0  -1   0  -2   0  -1  -2  -4  -2  -1  -2  -1  -1  -4  -2   3   6  -5  -4   0  -8 
W -4  -3  -6  -8  -1  -5  -7  -5  -1  -3   0  -6  -1   4  -6  -4  -5  16   4  -3  -8 
Y -4  -3  -3  -6   0  -4  -7  -7   4  -2  -1  -6  -1   7  -6  -3  -4   4  11  -2  -8 
V  1  -4  -5  -6   1  -4  -4  -6  -4   5   3  -4   2   0  -4  -3   0  -3  -2   6  -8 
* -8  -8  -8  -8  -8  -8  -8  -8  -8  -8  -8  -8  -8  -8  -8  -8  -8  -8  -8  -8   1 


# SCORE200
#
   A   R   N   D   C   Q   E   G   H   I   L   K   M   F   P   S   T   W   Y   V   *
A  3  -1  -1  -1   1  -1   0   0  -2  -1  -1  -1  -1  -3   0   1   1  -3  -3   1  -7 
R -1   6   0  -2  -2   2  -1  -2   1  -3  -2   3  -1  -4  -2  -1  -1  -2  -2  -3  -7 
N -1   0   5   3  -2   0   0   0   2  -4  -5   0  -3  -4  -3   1   0  -5  -2  -4  -7 
D -1  -2   3   6  -3   0   3   0   0  -6  -6  -1  -5  -7  -2   0  -1  -7  -5  -5  -7 
C  1  -2  -2  -3  13  -3  -4  -1  -1   1   0  -3   0   1  -4   1   0   0   1   2  -7 
Q -1   2   0   0  -3   5   2  -3   1  -3  -2   2  -1  -4  -2   0   0  -4  -3  -3  -7 
E  0  -1   0   3  -4   2   5  -2  -1  -4  -4   1  -3  -6  -2  -1  -1  -6  -5  -3  -7 
G  0  -2   0   0  -1  -3  -2   8  -2  -6  -6  -3  -5  -6  -3   0  -2  -4  -5  -4  -7 
H -2   1   2   0  -1   1  -1  -2   8  -3  -2   0  -1   1  -2   0  -1   0   4  -3  -7 
I -1  -3  -4  -6   1  -3  -4  -6  -3   6   4  -3   3   2  -4  -3   0  -2  -1   5  -7 
L -1  -2  -5  -6   0  -2  -4  -6  -2   4   6  -3   4   3  -3  -3  -2   0   0   3  -7 
K -1   3   0  -1  -3   2   1  -3   0  -3  -3   5  -2  -5  -2  -1   0  -5  -4  -3  -7 
M -1  -1  -3  -5   0  -1  -3  -5  -1   3   4  -2   6   2  -4  -2   0   0   0   2  -7 
F -3  -4  -4  -7   1  -4  -6  -6   1   2   3  -5   2   8  -5  -3  -3   4   6   1  -7 
P  0  -2  -3  -2  -4  -2  -2  -3  -2  -4  -3  -2  -4  -5   9   0  -1  -5  -5  -3  -7 
S  1  -1   1   0   1   0  -1   0   0  -3  -3  -1  -2  -3   0   3   2  -3  -3  -2  -7 
T  1  -1   0  -1   0   0  -1  -2  -1   0  -2   0   0  -3  -1   2   4  -4  -3   0  -7 
W -3  -2  -5  -7   0  -4  -6  -4   0  -2   0  -5   0   4  -5  -3  -4  15   5  -2  -7 
Y -3  -2  -2  -5   1  -3  -5  -5   4  -1   0  -4   0   6  -5  -3  -3   5  10  -1  -7 
V  1  -3  -4  -5   2  -3  -3  -4  -3   5   3  -3   2   1  -3  -2   0  -2  -1   5  -7 
* -7  -7  -7  -7  -7  -7  -7  -7  -7  -7  -7  -7  -7  -7  -7  -7  -7  -7  -7  -7   1 


# SCORE250
#
   A   R   N   D   C   Q   E   G   H   I   L   K   M   F   P   S   T   W   Y   V   *
A  2  -1  -1  -1   1  -1   0   1  -1   0  -1  -1  -1  -2   0   1   1  -3  -2   0  -5 
R -1   5   0  -1  -1   2   0  -2   1  -2  -2   3  -1  -3  -2   0   0  -2  -2  -2  -5 
N -1   0   4   2  -1   0   0   1   1  -3  -4   0  -2  -3  -2   1   0  -4  -2  -3  -5 
D -1  -1   2   5  -3   0   2   0   0  -5  -5  -1  -4  -5  -2   0  -1  -5  -4  -4  -5 
C  1  -1  -1  -3  11  -2  -3  -1  -1   1   0  -2   0   1  -3   1   0   0   1   1  -5 
Q -1   2   0   0  -2   3   2  -2   1  -2  -2   2  -1  -3  -2   0   0  -3  -2  -2  -5 
E  0   0   0   2  -3   2   4  -2  -1  -3  -4   1  -2  -5  -2   0  -1  -5  -4  -2  -5 
G  1  -2   1   0  -1  -2  -2   7  -1  -5  -5  -2  -4  -5  -2   0  -2  -4  -4  -3  -5 
H -1   1   1   0  -1   1  -1  -1   6  -2  -1   0  -1   1  -2   0  -1   0   3  -2  -5 
I  0  -2  -3  -5   1  -2  -3  -5  -2   5   4  -3   3   2  -3  -2   0  -1   0   4  -5 
L -1  -2  -4  -5   0  -2  -4  -5  -1   4   5  -3   4   3  -3  -2  -1   1   1   3  -5 
K -1   3   0  -1  -2   2   1  -2   0  -3  -3   4  -1  -4  -2   0   0  -4  -3  -2  -5 
M -1  -1  -2  -4   0  -1  -2  -4  -1   3   4  -1   5   2  -3  -2   0   0   0   2  -5 
F -2  -3  -3  -5   1  -3  -5  -5   1   2   3  -4   2   7  -4  -3  -2   4   6   1  -5 
P  0  -2  -2  -2  -3  -2  -2  -2  -2  -3  -3  -2  -3  -4   8   0  -1  -4  -4  -2  -5 
S  1   0   1   0   1   0   0   0   0  -2  -2   0  -2  -3   0   2   2  -3  -2  -1  -5 
T  1   0   0  -1   0   0  -1  -2  -1   0  -1   0   0  -2  -1   2   3  -3  -2   0  -5 
W -3  -2  -4  -5   0  -3  -5  -4   0  -1   1  -4   0   4  -4  -3  -3  14   5  -1  -5 
Y -2  -2  -2  -4   1  -2  -4  -4   3   0   1  -3   0   6  -4  -2  -2   5   8  -1  -5 
V  0  -2  -3  -4   1  -2  -2  -3  -2   4   3  -2   2   1  -2  -1   0  -1  -1   4  -5 
* -5  -5  -5  -5  -5  -5  -5  -5  -5  -5  -5  -5  -5  -5  -5  -5  -5  -5  -5  -5   1 

