1 A -53.8497625727 0
1 C -53.480849319 0
1 D -55.0532993766 0
1 E -57.8675281835 0
1 F -51.4017458468 0
1 G -53.1180700509 0
1 H -52.7595949796 0
1 I -54.0423305047 0
1 K -50.2490679049 0
1 L -58.8045775177 0
1 M -63.3672166389 1
1 N -52.1785482019 0
1 P -53.3185952205 0
1 Q -58.8648603296 0
1 R -57.549529901 0
1 S -53.6023171156 0
1 T -54.1303262162 0
1 V -53.7190909597 0
1 W -54.7328380074 0
1 Y -51.1047520475 0
2 A -64.6095730163 0
2 C -62.6691196398 0
2 D -61.8617145768 0
2 E -63.2734508923 0
2 F -63.5574628509 0
2 G -61.5836489441 0
2 H -64.5259528277 0
2 I -55.8499812372 0
2 K -61.9026710322 0
2 L -58.3825262472 0
2 M -57.5982184137 0
2 N -64.4650118488 0
2 P -52.4016105019 0
2 Q -61.5819822839 1
2 R -62.095429169 0
2 S -65.0348289898 0
2 T -60.2017388976 0
2 V -58.9139740851 0
2 W -63.5530458052 0
2 Y -61.7959539344 0
3 A -57.7426776432 0
3 C -57.9020221874 0
3 D -56.3483386713 0
3 E -60.4230910477 0
3 F -24.2205315422 0
3 G -50.7072018077 0
3 H -54.7938905923 0
3 I -66.4773429577 1
3 K -52.6568581869 0
3 L -65.8775659447 0
3 M -60.1827559953 0
3 N -60.1548708499 0
3 P -26.8724025018 0
3 Q -58.5615175562 0
3 R -55.1996589172 0
3 S -57.6465311836 0
3 T -60.6635928916 0
3 V -64.3348255487 0
3 W 46.2327195524 0
3 Y -14.247172609 0
4 A -57.1608493411 0
4 C -56.4470355721 0
4 D -56.9314606072 0
4 E -56.5636389484 0
4 F -59.9465997981 1
4 G -54.7295622027 0
4 H -57.7800995751 0
4 I -61.742464403 0
4 K -59.3402196304 0
4 L -61.2214759533 0
4 M -57.4842852273 0
4 N -58.3092997546 0
4 P 35.7728884556 0
4 Q -58.1088198798 0
4 R -58.8754617055 0
4 S -57.933297646 0
4 T -58.7818156578 0
4 V -61.4479709858 0
4 W -58.0529055503 0
4 Y -59.6417648893 0
5 A -58.79898746 0
5 C -58.9518183408 0
5 D -51.9594672747 0
5 E -55.1046327237 0
5 F -55.8597842585 0
5 G -46.2315172932 0
5 H -51.7253750344 0
5 I -63.7954191322 0
5 K -35.8946320206 0
5 L -57.0330248075 0
5 M -53.1878340699 0
5 N -54.8890041003 0
5 P 61.7242838212 0
5 Q -60.1184879759 0
5 R -50.5101470339 0
5 S -57.88889982 0
5 T -60.1264509037 0
5 V -63.8610696567 1
5 W -54.6899812044 0
5 Y -43.3700662266 0
6 A -57.9807093278 0
6 C -56.8402964517 0
6 D -54.1844519622 0
6 E -58.2100049434 0
6 F -55.0169333097 0
6 G -53.6574640473 0
6 H -57.2509147714 0
6 I -53.7872506451 0
6 K -58.9079405411 1
6 L -60.3167257105 0
6 M -58.4233596765 0
6 N -56.7303775427 0
6 P 90.6044141269 0
6 Q -57.2898343663 0
6 R -57.8404945424 0
6 S -56.9879794791 0
6 T -56.1741555718 0
6 V -57.6194602816 0
6 W -57.187764666 0
6 Y -52.9247576656 0
7 A -53.866595526 0
7 C -52.9387328497 0
7 D -50.6257788241 0
7 E -53.7122466415 0
7 F -56.4145958526 0
7 G -53.0516072451 0
7 H -54.5765570657 0
7 I -48.9067954392 0
7 K -55.2527206792 0
7 L -55.3033631297 0
7 M -55.5770269277 0
7 N -52.0725520952 0
7 P 147.526838146 0
7 Q -53.5704737068 0
7 R -53.8762666763 0
7 S -56.5597204093 0
7 T -57.524435741 1
7 V -50.7730144663 0
7 W -55.7055000903 0
7 Y -52.8624447421 0
8 A -55.8387357703 0
8 C -52.7496541397 0
8 D -55.9066112878 0
8 E -56.3069039919 0
8 F -53.480038689 0
8 G -52.3186343383 0
8 H -54.6858948809 0
8 I -54.922256237 0
8 K -55.2860622078 0
8 L -56.148053556 1
8 M -54.784277454 0
8 N -54.1597265786 0
8 P 183.67905875 0
8 Q -55.234388124 0
8 R -55.4809340115 0
8 S -55.6393473621 0
8 T -53.5737568963 0
8 V -54.7838288334 0
8 W -54.414789388 0
8 Y -53.6473923187 0
9 A -53.3731637964 0
9 C -51.0430452716 0
9 D -55.389653488 0
9 E -56.9448321138 0
9 F -52.8931374739 0
9 G -52.5157477953 0
9 H -54.8681365477 0
9 I -53.2841384346 0
9 K -55.0548346826 0
9 L -54.6255246146 0
9 M -53.457928523 0
9 N -54.1343456707 0
9 P -43.799656978 0
9 Q -54.5602250249 0
9 R -56.3532638218 0
9 S -54.7873577396 0
9 T -54.4830026692 1
9 V -53.2055209848 0
9 W -53.0989752016 0
9 Y -53.8504776505 0
10 A -41.4353737192 0
10 C -40.4368453373 0
10 D -37.4983249908 0
10 E -32.7159399776 0
10 F 14.9785316802 0
10 G -55.2672866713 1
10 H -31.8471903914 0
10 I -32.3900379004 0
10 K -32.0633908306 0
10 L -33.3381844427 0
10 M -32.6461850618 0
10 N -39.4804525945 0
10 P 13.5694836105 0
10 Q -32.5377783439 0
10 R -28.8780675791 0
10 S -40.5374661105 0
10 T -19.4536282661 0
10 V -27.0705800859 0
10 W -37.4189398834 0
10 Y 13.0505721273 0
11 A -50.9176344895 0
11 C -50.8033379401 0
11 D -51.1947731458 0
11 E -52.922874447 0
11 F -53.2570677464 0
11 G -47.912287242 0
11 H -54.0222821113 0
11 I -53.6899124541 0
11 K -53.7741907783 1
11 L -53.3290133336 0
11 M -51.8952322661 0
11 N -51.8141356713 0
11 P -21.6012684082 0
11 Q -51.4225816803 0
11 R -54.0477814194 0
11 S -53.1591578288 0
11 T -52.1526371492 0
11 V -53.9204554016 0
11 W -51.4591989595 0
11 Y -53.0451742694 0
12 A -55.6464281176 0
12 C -55.1134500082 0
12 D -52.6901061829 0
12 E -56.5033468592 0
12 F -47.4496344097 0
12 G -52.0480950778 0
12 H -50.7320426215 0
12 I -56.1751938586 0
12 K -55.7789752404 0
12 L -56.6788375454 0
12 M -55.5067188697 0
12 N -53.6986752791 0
12 P -48.8663278596 0
12 Q -55.2142050067 0
12 R -56.4583179453 0
12 S -55.8380779339 0
12 T -57.0494156151 1
12 V -56.1098931253 0
12 W -44.1591067878 0
12 Y -41.3083031082 0
13 A -52.0710351489 0
13 C -51.8926156464 0
13 D -53.0758859049 0
13 E -54.6429904166 0
13 F -52.5139959309 0
13 G -48.4960496718 0
13 H -52.5685004438 0
13 I -57.6569559073 1
13 K -50.2423908633 0
13 L -56.584078853 0
13 M -57.3166903536 0
13 N -52.9331283806 0
13 P 46.3871252063 0
13 Q -51.9125899453 0
13 R -50.1743939604 0
13 S -53.266151451 0
13 T -53.9577685687 0
13 V -56.5038853525 0
13 W -49.6814464025 0
13 Y -51.5812171643 0
14 A -59.3032501128 0
14 C -57.3516373449 0
14 D -53.6419072531 0
14 E -57.6374118751 0
14 F -56.6586283404 0
14 G -56.4660871969 0
14 H -58.0483309813 0
14 I -61.7460360634 0
14 K -57.909023196 0
14 L -58.8550597483 0
14 M -59.7413819912 0
14 N -58.2507646422 0
14 P -57.0218923996 0
14 Q -57.1466284457 0
14 R -58.6215408684 0
14 S -58.6132400536 0
14 T -58.8827218576 1
14 V -61.5034757655 0
14 W -59.9443627848 0
14 Y -55.2581307357 0
15 A -53.2763318693 0
15 C -54.2337214045 0
15 D -54.156934122 0
15 E -54.587374384 0
15 F -49.7278410489 0
15 G -49.2044884348 0
15 H -53.6718317927 0
15 I -58.6246183768 0
15 K -43.191819903 0
15 L -58.3055231691 1
15 M -51.4685417281 0
15 N -55.7954256836 0
15 P 16.0190599165 0
15 Q -53.8519827473 0
15 R -3.99564763896 0
15 S -53.0567778009 0
15 T -55.875878469 0
15 V -59.2104018714 0
15 W 15.2392576843 0
15 Y -51.0890187624 0
16 A -59.4785590778 0
16 C -58.3903453987 0
16 D -59.5118162796 0
16 E -61.3757792702 1
16 F -60.7685557908 0
16 G -58.2334934248 0
16 H -60.3260544171 0
16 I -61.9996554123 0
16 K -61.131268305 0
16 L -59.9374102841 0
16 M -59.373779875 0
16 N -60.4711074005 0
16 P -58.4494874199 0
16 Q -59.1137780312 0
16 R -60.9160829668 0
16 S -60.7802436297 0
16 T -60.0634624108 0
16 V -61.9625637259 0
16 W -59.2821799945 0
16 Y -60.5679308031 0
17 A -53.7328298812 0
17 C -54.3271920015 0
17 D -55.1039353553 0
17 E -57.6280695594 0
17 F -46.0364140857 0
17 G -49.4298083663 0
17 H -49.7075699717 0
17 I -64.3791040238 0
17 K -38.0635249818 0
17 L -55.5644088788 0
17 M -50.588120967 0
17 N -59.4052092871 0
17 P 10.0104019676 0
17 Q -58.7789531453 0
17 R -8.76635796538 0
17 S -53.7838798654 0
17 T -55.0460013281 0
17 V -59.8554717051 1
17 W 161.473460752 0
17 Y -29.2143343025 0
18 A -57.2684282834 0
18 C -54.3542110024 0
18 D -57.3372871848 0
18 E -57.8025290218 1
18 F -55.9981739455 0
18 G -56.8129743839 0
18 H -57.4498557941 0
18 I -52.5036833258 0
18 K -57.7023611231 0
18 L -57.9310318286 0
18 M -56.7063487195 0
18 N -57.2748875636 0
18 P -39.6945300239 0
18 Q -57.0414140529 0
18 R -56.1491461843 0
18 S -57.151041416 0
18 T -53.4732152775 0
18 V -51.9850952746 0
18 W -56.0900869073 0
18 Y -55.8825621932 0
19 A -55.9269200264 0
19 C -52.7252466682 0
19 D -56.5503695193 0
19 E -57.7131818883 0
19 F -59.0694933843 0
19 G -54.6234087084 0
19 H -57.178310586 0
19 I -55.6368075584 0
19 K -56.6194146611 0
19 L -56.2459306021 0
19 M -63.5394291727 0
19 N -54.904168053 0
19 P -56.7945433146 0
19 Q -63.0183582223 0
19 R -55.7345452439 0
19 S -57.6271117261 1
19 T -54.0223728132 0
19 V -54.6383319855 0
19 W -55.3218438874 0
19 Y -62.0849007782 0
20 A -58.7885144932 0
20 C -57.9598158448 0
20 D -60.4739894215 0
20 E -60.315417905 0
20 F -59.4149300395 0
20 G -57.602103823 0
20 H -60.8634853287 0
20 I -59.7082113931 0
20 K -60.5219917836 0
20 L -60.7420549426 0
20 M -59.8902119184 0
20 N -61.354227091 0
20 P -38.7297412498 0
20 Q -59.2878523938 0
20 R -60.3707592753 0
20 S -60.3038213972 1
20 T -60.8921149022 0
20 V -59.8229075238 0
20 W -59.2531165747 0
20 Y -59.341763082 0
21 A -57.1954798162 0
21 C -54.5701307452 0
21 D -64.4613300157 1
21 E -28.1628762844 0
21 F 148.707946699 0
21 G -57.7262834698 0
21 H -23.9353363297 0
21 I 16.0577542032 0
21 K -14.5937716145 0
21 L 164.659458239 0
21 M -22.26498319 0
21 N -58.7159641211 0
21 P 252.402091928 0
21 Q -33.3475359102 0
21 R -20.3844594766 0
21 S -60.6625204465 0
21 T -51.0074175878 0
21 V 46.8336246221 0
21 W -33.7905262903 0
21 Y 140.139791989 0
22 A -72.024903376 0
22 C -65.8829904289 0
22 D -65.1634108278 0
22 E -73.2480252508 0
22 F -73.871222621 0
22 G -68.1261971506 0
22 H -72.6437067724 0
22 I -73.031373773 0
22 K -72.6430555714 0
22 L -73.141296941 0
22 M -68.7959877237 0
22 N -70.5960939898 0
22 P -32.8442177976 0
22 Q -71.6826866887 0
22 R -72.3700511741 0
22 S -66.9450539447 0
22 T -71.1862139483 1
22 V -72.8000585872 0
22 W -71.9887970226 0
22 Y -74.3741444319 0
23 A -67.8216887238 0
23 C -67.4409095406 0
23 D -65.3161462982 0
23 E -67.6260271885 0
23 F -55.6130700267 0
23 G -65.018737177 0
23 H -61.4022125178 0
23 I -72.0445497644 1
23 K -55.4888436007 0
23 L -66.8376426458 0
23 M -69.0085298606 0
23 N -69.9564627814 0
23 P 76.6402743659 0
23 Q -69.8075491528 0
23 R -57.7388851416 0
23 S -66.9054755921 0
23 T -69.5212654184 0
23 V -71.2432768976 0
23 W -34.7074263909 0
23 Y -38.2043044856 0
24 A -75.3317467916 0
24 C -69.6901023698 0
24 D -69.955639248 1
24 E -75.6208483149 0
24 F -72.8923266571 0
24 G -73.0627114066 0
24 H -72.6368963451 0
24 I -70.5062459014 0
24 K -74.5899513094 0
24 L -74.0585793341 0
24 M -72.9183040058 0
24 N -70.3796314262 0
24 P 23.3257730434 0
24 Q -72.9148093681 0
24 R -73.8547506297 0
24 S -73.435661057 0
24 T -72.7745304583 0
24 V -70.2959319602 0
24 W -74.0152204593 0
24 Y -72.8624342519 0
25 A -67.6403618803 0
25 C -63.0026783152 0
25 D -66.127212373 0
25 E -66.4342797791 0
25 F -64.1382546216 0
25 G -63.054214863 0
25 H -64.5972305349 0
25 I -62.7280460856 0
25 K -64.7385629025 0
25 L -64.2911522929 0
25 M -65.8092361066 0
25 N -67.1821366327 1
25 P 117.693658609 0
25 Q -65.7764713822 0
25 R -65.5127003739 0
25 S -66.8939998477 0
25 T -65.8765601812 0
25 V -63.9379237884 0
25 W -63.5331604194 0
25 Y -62.9543454578 0
26 A -67.9245680159 0
26 C -70.9391529573 0
26 D -72.9373676403 0
26 E -66.7746631227 0
26 F -59.6475192529 0
26 G -64.3544716607 0
26 H -72.1184565275 0
26 I -75.4147871774 0
26 K -57.6505847573 0
26 L -60.3052007824 0
26 M -73.3425677386 0
26 N -71.8582888019 0
26 P 71.8175751026 0
26 Q -65.7961475579 0
26 R -59.6781805234 0
26 S -66.8745100042 0
26 T -74.5277735309 0
26 V -76.4574665839 1
26 W -51.1916563419 0
26 Y -55.2778734501 0
27 A -67.6339407543 0
27 C -65.7613122216 0
27 D -68.0679493112 0
27 E -73.5432082389 0
27 F -64.0083192236 0
27 G -65.8403026385 0
27 H -71.5805469854 0
27 I -73.3312877242 0
27 K -75.2732962556 1
27 L -69.71539089 0
27 M -75.9864058809 0
27 N -67.4941225694 0
27 P 73.2895752608 0
27 Q -74.0410555319 0
27 R -72.6698439009 0
27 S -66.9505548727 0
27 T -67.8351725977 0
27 V -70.0087605496 0
27 W -69.2260246167 0
27 Y -59.3046152281 0
28 A -69.8783497485 0
28 C -67.5768738815 0
28 D -67.1433346111 0
28 E -68.5133478472 0
28 F -68.398091567 0
28 G -68.5247418986 0
28 H -69.3503832557 0
28 I -71.5550729924 0
28 K -70.5314084466 0
28 L -71.1803827394 0
28 M -68.9955388293 0
28 N -70.0952223376 0
28 P 182.180215629 0
28 Q -70.1870776858 0
28 R -71.4614602091 0
28 S -69.2430727993 1
28 T -70.05146825 0
28 V -70.4660173394 0
28 W -69.349301842 0
28 Y -68.0794250317 0
29 A -67.2747401283 0
29 C -64.2179389135 0
29 D -67.6046837777 0
29 E -67.0055482893 0
29 F -68.034672024 0
29 G -67.0972629848 0
29 H -71.0414705923 0
29 I -54.6359464402 0
29 K -71.1139452887 1
29 L -69.9430895758 0
29 M -74.0785647664 0
29 N -68.1937731806 0
29 P 157.315075931 0
29 Q -68.0159197845 0
29 R -71.4894330729 0
29 S -67.2531703213 0
29 T -63.4763712974 0
29 V -54.1534653024 0
29 W -70.1497125836 0
29 Y -68.1082690845 0
30 A -68.1991197887 0
30 C -66.7674478091 0
30 D -66.465847103 0
30 E -63.3026198968 0
30 F -68.5939899165 0
30 G -60.8348172821 0
30 H -62.9956841797 0
30 I -73.3401953708 1
30 K -55.949189576 0
30 L -47.9505682262 0
30 M -59.1133795921 0
30 N -67.1800217172 0
30 P 142.124045223 0
30 Q -63.4628530849 0
30 R -66.7691742273 0
30 S -67.4121726829 0
30 T -68.1219836042 0
30 V -70.8690679272 0
30 W -48.2967363422 0
30 Y -60.5071454921 0
31 A -58.5983256548 0
31 C -56.0468275238 0
31 D -52.4019108895 0
31 E -57.5053646992 0
31 F -16.9925898094 0
31 G -56.329783711 0
31 H -57.0594620542 0
31 I -48.2293952993 0
31 K -56.4749760904 0
31 L -54.4044250436 0
31 M -55.110723304 0
31 N -54.1809689857 0
31 P 247.447896163 0
31 Q -54.3343666803 1
31 R -56.0562213045 0
31 S -56.486320527 0
31 T -59.1416282624 0
31 V -54.1167540984 0
31 W -55.6173922496 0
31 Y -13.2209719559 0
32 A -61.1392797117 0
32 C -58.8571724361 0
32 D -59.7117000684 1
32 E -61.2042687568 0
32 F -59.7948016615 0
32 G -59.8148408434 0
32 H -60.9628032948 0
32 I -60.8309784891 0
32 K -61.3650077067 0
32 L -61.2015390583 0
32 M -59.78708739 0
32 N -60.5371919984 0
32 P 262.211103176 0
32 Q -60.1724313555 0
32 R -60.7942687725 0
32 S -60.7598549185 0
32 T -60.9554258514 0
32 V -59.3505373237 0
32 W -59.9744886299 0
32 Y -59.6785927066 0
33 A -55.0582958137 0
33 C -53.81337786 0
33 D -56.6392656758 0
33 E -56.7193373586 0
33 F -55.9013235732 0
33 G -53.0081683929 0
33 H -56.3159816764 0
33 I -60.3252562595 0
33 K -57.60779622 1
33 L -58.5023372673 0
33 M -56.9502763911 0
33 N -56.6796820627 0
33 P 138.530510471 0
33 Q -55.471831096 0
33 R -57.9974878334 0
33 S -55.9614129965 0
33 T -58.2616484519 0
33 V -58.8801559832 0
33 W -54.8603406483 0
33 Y -55.9954510649 0
34 A -52.6400276585 0
34 C -53.3141887357 0
34 D -56.8929309967 0
34 E -59.3651780738 1
34 F -39.825916917 0
34 G -50.3979192454 0
34 H -42.4757005471 0
34 I -45.2321116456 0
34 K -53.1546849501 0
34 L -58.2947807709 0
34 M -56.5735352949 0
34 N -49.9191744558 0
34 P 175.485452803 0
34 Q -53.7478414439 0
34 R -55.4423544858 0
34 S -55.1767238392 0
34 T -53.0295912775 0
34 V -45.0685185343 0
34 W -37.1082421321 0
34 Y -37.959280399 0
35 A -50.4275937181 0
35 C -49.5540872949 0
35 D -51.8311486581 0
35 E -49.5707851449 0
35 F -50.7804788227 0
35 G -57.1053401546 1
35 H -52.6706090791 0
35 I -16.2439393096 0
35 K -54.321541796 0
35 L -51.7758744816 0
35 M -43.7374801787 0
35 N -53.6186205518 0
35 P 6.56678789296 0
35 Q -51.7152476524 0
35 R -52.5379979755 0
35 S -49.821642407 0
35 T -44.6455155544 0
35 V -14.7538073797 0
35 W -48.9797215146 0
35 Y -50.5554059042 0
36 A -46.0230184297 0
36 C -34.148714154 0
36 D -52.0135062943 0
36 E -47.1931434448 0
36 F -50.6029980817 0
36 G -47.7346957102 0
36 H -50.4548541335 0
36 I -39.9246398919 1
36 K -46.9415362057 0
36 L -46.9518334846 0
36 M -50.9071878664 0
36 N -54.2519923929 0
36 P -5.48900637464 0
36 Q -46.6236280757 0
36 R -47.5215170479 0
36 S -48.7517828593 0
36 T -36.8772843041 0
36 V -39.7057799491 0
36 W -54.4625929946 0
36 Y -50.3666095508 0
37 A -51.9732254596 0
37 C -48.5995414726 0
37 D -52.6307892205 0
37 E -52.9031259624 0
37 F -49.8460181021 0
37 G -48.3057639383 0
37 H -51.4348252155 0
37 I -48.6009745318 0
37 K -52.0200190977 0
37 L -51.7911318831 0
37 M -50.4040279248 0
37 N -51.0586234705 0
37 P -54.1077978496 1
37 Q -50.7621369241 0
37 R -51.086523983 0
37 S -52.2543840331 0
37 T -45.963338303 0
37 V -49.8682849245 0
37 W -50.8194717125 0
37 Y -50.0720402252 0
38 A -66.5225125618 0
38 C -64.4015944315 0
38 D -63.817978868 0
38 E -67.4975184866 0
38 F -63.689448419 0
38 G -66.0864934716 0
38 H -67.2670834561 0
38 I -66.8067826251 0
38 K -72.913322939 0
38 L -61.8727815054 0
38 M -69.0196348357 0
38 N -66.5373188954 0
38 P -69.5094021325 1
38 Q -66.799790643 0
38 R -68.5604689125 0
38 S -67.0787525613 0
38 T -69.3011473547 0
38 V -67.1102073047 0
38 W -65.6843023748 0
38 Y -63.849536782 0
39 A -51.3636288898 0
39 C -49.1412490852 0
39 D -53.6326552624 1
39 E -53.5172131493 0
39 F -50.2286139438 0
39 G -50.194379459 0
39 H -51.854444677 0
39 I -50.9007927939 0
39 K -52.281184027 0
39 L -52.2629430899 0
39 M -51.1414023492 0
39 N -51.9219977775 0
39 P -14.9394137614 0
39 Q -51.7164070307 0
39 R -51.8684073049 0
39 S -52.5953173225 0
39 T -52.0385375862 0
39 V -51.1235919475 0
39 W -50.6973894082 0
39 Y -50.4586442408 0
40 A -59.3389166195 0
40 C -57.0072533911 0
40 D -62.2902303016 0
40 E -60.9740201576 0
40 F -56.5556738856 0
40 G -55.0994285091 0
40 H -59.9060858834 0
40 I -60.0700559544 0
40 K -58.6447002893 0
40 L -61.909148963 0
40 M -59.8797389403 0
40 N -60.5763255083 0
40 P 57.8504756307 0
40 Q -59.5171128065 1
40 R -59.3843124985 0
40 S -59.1267752478 0
40 T -57.7117367144 0
40 V -59.9187063554 0
40 W -59.3526996277 0
40 Y -56.4662833673 0
41 A -74.1454286948 0
41 C -66.7031507837 0
41 D -66.0721812727 0
41 E -67.5842275955 0
41 F -3.78630788561 0
41 G -70.4631682819 0
41 H -25.9810998396 0
41 I -72.7632015116 0
41 K -60.6770875697 0
41 L -56.9785320413 0
41 M -44.356884196 0
41 N -66.3393507887 0
41 P 42.7017138641 0
41 Q -75.2006841882 1
41 R -50.3294272224 0
41 S -72.3564078188 0
41 T -68.7830144113 0
41 V -68.9751825495 0
41 W -17.2962035459 0
41 Y 36.8112214121 0
42 A -60.3932853908 0
42 C -59.2812701364 0
42 D -60.0557524615 0
42 E -61.2152090792 0
42 F -60.843588612 0
42 G -56.3196518729 0
42 H -62.4117657133 0
42 I -62.9147857821 0
42 K -60.6710434388 0
42 L -63.9316074124 0
42 M -61.8674552356 0
42 N -60.7615791903 0
42 P 214.56192674 0
42 Q -60.124960534 0
42 R -62.2920687771 1
42 S -59.7763184879 0
42 T -58.7033968095 0
42 V -63.3366504955 0
42 W -60.4898508222 0
42 Y -60.5862119697 0
43 A -59.1279171939 0
43 C -57.026814185 0
43 D -65.0879960511 0
43 E -63.8823837692 0
43 F -57.5133536006 0
43 G -54.7359231048 0
43 H -59.3679415306 0
43 I -66.3970693011 0
43 K -53.0605601106 0
43 L -68.3370636657 1
43 M -63.3421490759 0
43 N -61.2623688279 0
43 P -44.5897968856 0
43 Q -63.6578694718 0
43 R -56.9110622649 0
43 S -59.0267205789 0
43 T -57.6522568034 0
43 V -66.070109254 0
43 W -44.678806009 0
43 Y -56.2431290981 0
44 A -59.6976530999 0
44 C -61.3177875235 0
44 D -60.0611684684 0
44 E -63.1449826882 0
44 F -58.351432061 0
44 G -56.6858294627 0
44 H -61.3711587045 0
44 I -67.4801660733 1
44 K -62.8933507773 0
44 L -64.5094603613 0
44 M -61.7776746841 0
44 N -62.6162680298 0
44 P 201.323278234 0
44 Q -60.9718810505 0
44 R -62.2122781994 0
44 S -60.9773277029 0
44 T -62.7637706763 0
44 V -65.4153698347 0
44 W -58.2160776254 0
44 Y -57.5629575027 0
45 A -57.3612223729 0
45 C -56.3278051534 0
45 D -57.5915754982 0
45 E -57.254940277 0
45 F -67.6157434852 1
45 G -53.5866702766 0
45 H -65.9555663336 0
45 I -47.2294887045 0
45 K -54.6806548224 0
45 L -58.9361302154 0
45 M -58.6207897377 0
45 N -56.9965628516 0
45 P -3.23605421382 0
45 Q -56.8769059276 0
45 R -63.8678934314 0
45 S -57.4624176738 0
45 T -55.2884186909 0
45 V -54.8363604554 0
45 W -71.3638584684 0
45 Y -70.6080007856 0
46 A -56.0521242692 1
46 C -54.6803051745 0
46 D -57.0726115598 0
46 E -54.8237440451 0
46 F -51.1889616909 0
46 G -55.8772572301 0
46 H -55.23105379 0
46 I -29.1389458062 0
46 K -55.5489559549 0
46 L -57.2119982112 0
46 M -54.7335729086 0
46 N -59.4137968164 0
46 P 30.0539283002 0
46 Q -55.1880903586 0
46 R -60.4872430764 0
46 S -56.4488900093 0
46 T -48.9835135626 0
46 V -40.9253097305 0
46 W -59.3175469377 0
46 Y -50.4069531845 0
47 A -50.6176137098 0
47 C -48.3277506244 0
47 D -51.8538892148 0
47 E -51.822032034 0
47 F -51.751774493 0
47 G -57.6454292863 1
47 H -53.301928235 0
47 I -25.2981883618 0
47 K -52.6691740386 0
47 L -51.5806027431 0
47 M -50.4852550188 0
47 N -53.3077914281 0
47 P 26.57584705 0
47 Q -51.1711705202 0
47 R -51.4980768523 0
47 S -50.0410313199 0
47 T -46.2218340136 0
47 V -25.0841120953 0
47 W -50.3156358683 0
47 Y -50.9321591366 0
48 A -61.3982179118 0
48 C -60.8994889131 0
48 D -60.1181445542 0
48 E -62.6041468942 0
48 F -61.0788203483 0
48 G -59.1191071266 0
48 H -64.8832410209 0
48 I -62.4769418784 0
48 K -62.0828974377 1
48 L -58.7475653972 0
48 M -62.9362103043 0
48 N -60.5700198125 0
48 P 68.5232106771 0
48 Q -61.7358436684 0
48 R -63.2162717874 0
48 S -61.8307322824 0
48 T -63.16545912 0
48 V -62.2001464803 0
48 W -60.3610815474 0
48 Y -61.2680864331 0
49 A -64.8490901335 0
49 C -65.0446643825 0
49 D -63.2395783794 0
49 E -69.4710321511 0
49 F -53.5972357403 0
49 G -60.2585994078 0
49 H -66.331901854 0
49 I -72.0623822656 0
49 K -68.2806986308 0
49 L -63.7938341562 0
49 M -66.4972186656 0
49 N -62.9912509515 0
49 P -67.0445678626 0
49 Q -66.8843564022 1
49 R -69.5801024788 0
49 S -64.8706162393 0
49 T -70.7796007729 0
49 V -72.8568177529 0
49 W -49.3160423727 0
49 Y -55.8984314636 0
50 A -65.7557982484 0
50 C -65.5229854854 0
50 D -64.7202600522 0
50 E -61.4786128958 0
50 F -48.7975515932 0
50 G -60.87618356 0
50 H -56.2051305622 0
50 I -63.5675734047 0
50 K -59.7818670121 0
50 L -73.4897439277 1
50 M -67.5879696409 0
50 N -64.3509697562 0
50 P 48.0143828095 0
50 Q -66.2102896994 0
50 R -50.8161111411 0
50 S -64.8601908278 0
50 T -64.7608869275 0
50 V -66.9226753659 0
50 W -39.5309431259 0
50 Y -38.7118935328 0
51 A -62.5371918923 0
51 C -60.1858196728 0
51 D -63.2933910198 0
51 E -64.0957402071 1
51 F -63.7702651843 0
51 G -61.4641496083 0
51 H -65.4688211903 0
51 I -60.8040826743 0
51 K -62.4778635344 0
51 L -65.6528833077 0
51 M -62.0168154002 0
51 N -61.0320382113 0
51 P -55.6837832634 0
51 Q -62.3247337882 0
51 R -61.1039075943 0
51 S -62.5833779747 0
51 T -60.8150571282 0
51 V -60.752686363 0
51 W -65.2547112121 0
51 Y -64.0969396549 0
52 A -59.9435547961 0
52 C -56.4155792684 0
52 D -58.8116221217 1
52 E -59.9864457884 0
52 F -56.9387820226 0
52 G -61.0375047834 0
52 H -59.6268223434 0
52 I -56.0195163514 0
52 K -58.3797285461 0
52 L -54.003999746 0
52 M -56.9412721132 0
52 N -58.3720112988 0
52 P -62.132438748 0
52 Q -58.3446422665 0
52 R -59.1163470284 0
52 S -61.6367730725 0
52 T -57.1851230153 0
52 V -56.4501218249 0
52 W -57.2675395828 0
52 Y -57.3272088436 0
53 A -51.1977509224 0
53 C -50.7320670426 0
53 D -52.4803406624 0
53 E -51.382636287 0
53 F -52.2928901268 0
53 G -56.4540541633 1
53 H -53.5147334059 0
53 I -26.8893647756 0
53 K -64.4822115978 0
53 L -61.7964576391 0
53 M -51.427399452 0
53 N -54.3181552954 0
53 P 40.1418133752 0
53 Q -52.0275692879 0
53 R -51.8190709281 0
53 S -50.4077151611 0
53 T -43.452957153 0
53 V -22.2917467944 0
53 W -50.9006722958 0
53 Y -51.6646797642 0
54 A -60.5549233036 0
54 C -59.5445934917 0
54 D -50.5498894303 0
54 E -57.0828418524 0
54 F -51.7932695706 0
54 G -57.4456160219 0
54 H -56.6361949137 0
54 I -60.6358688422 0
54 K -62.3188193961 0
54 L -52.5398881226 0
54 M -59.914610475 0
54 N -56.8836922156 0
54 P 49.7276807337 0
54 Q -59.2373323269 0
54 R -64.2582228526 1
54 S -59.2937934703 0
54 T -59.1569137239 0
54 V -62.3631988757 0
54 W -56.3269317402 0
54 Y -51.7377609927 0
55 A -64.2914403654 0
55 C -63.1346172237 0
55 D -59.831537363 0
55 E -64.2011885077 0
55 F -60.3523413957 0
55 G -63.7767106525 0
55 H -64.5692890321 0
55 I -55.5744967583 0
55 K -64.6638482756 0
55 L -62.8355455267 0
55 M -63.2963533727 0
55 N -61.6373528203 0
55 P -62.1815742053 0
55 Q -63.9526266468 0
55 R -64.295298835 0
55 S -63.6448620893 0
55 T -64.4555370672 1
55 V -62.8455785204 0
55 W -62.2206416837 0
55 Y -60.1892551077 0
56 A -59.6557020749 0
56 C -58.7883144805 0
56 D -59.6093471385 0
56 E -58.5199403192 0
56 F -71.6559952982 0
56 G -56.9221989266 0
56 H -63.5029403499 0
56 I -45.2582172811 0
56 K -55.1528847373 0
56 L -65.8363142291 1
56 M -64.3730725552 0
56 N -61.6364298291 0
56 P -57.0579311438 0
56 Q -63.6799308904 0
56 R -49.0624226817 0
56 S -58.6644669151 0
56 T -57.6845654787 0
56 V -54.7229147641 0
56 W -60.2269398399 0
56 Y -68.0102294242 0
57 A -58.5571727192 0
57 C -55.6997650626 0
57 D -59.1051439574 0
57 E -60.1877275514 0
57 F -55.2351631317 0
57 G -56.8911836696 0
57 H -57.8731484205 0
57 I -56.4636728616 0
57 K -59.4873129535 0
57 L -59.0444342257 0
57 M -58.1889114216 0
57 N -58.8506629407 0
57 P -45.1928405376 0
57 Q -58.2894555636 0
57 R -58.7379732708 0
57 S -59.4556605656 1
57 T -59.0324609778 0
57 V -56.265233469 0
57 W -57.9885061674 0
57 Y -55.3348328082 0
58 A -57.316695305 0
58 C -53.7342382631 0
58 D -58.8272776575 1
58 E -57.6866925617 0
58 F -54.8369705694 0
58 G -55.9113014268 0
58 H -58.1320568969 0
58 I -53.5080127317 0
58 K -57.5825385539 0
58 L -55.1942516663 0
58 M -56.6236735003 0
58 N -55.6280270036 0
58 P 65.4863092175 0
58 Q -56.1808691157 0
58 R -56.6923045728 0
58 S -56.9762057973 0
58 T -55.9039301181 0
58 V -41.5194661018 0
58 W -55.8031795497 0
58 Y -55.9596039256 0
59 A -52.8533335592 0
59 C -51.4905816458 0
59 D -56.6777112304 0
59 E -56.5969814664 0
59 F -64.6618877874 0
59 G -51.3302569597 0
59 H -59.0898142756 0
59 I -51.8283204399 0
59 K -58.7915249932 0
59 L -54.0410340855 0
59 M -55.3918452873 0
59 N -57.1284312847 0
59 P -27.8514936906 0
59 Q -55.3105579328 0
59 R -57.5776070922 0
59 S -52.8145193785 0
59 T -50.7389390383 0
59 V -51.3840997065 0
59 W -64.4780229297 0
59 Y -66.6316981927 1
60 A -59.9076759969 0
60 C -58.8433078097 0
60 D -62.4289544889 0
60 E -61.5290772924 0
60 F -59.8236621751 0
60 G -60.6585404282 0
60 H -61.8117962251 0
60 I -35.9747181566 0
60 K -62.9569039151 0
60 L -60.6260948098 0
60 M -59.4119131201 0
60 N -62.9143569666 1
60 P 53.79687334 0
60 Q -60.6840612496 0
60 R -62.0451758285 0
60 S -60.215484048 0
60 T -55.4810093253 0
60 V -47.8312144046 0
60 W -58.4550726539 0
60 Y -59.9011691585 0
61 A -54.749059231 0
61 C -54.6160179112 0
61 D -53.9181583122 0
61 E -54.0353778629 0
61 F -38.9450985655 0
61 G -51.9756247499 0
61 H -49.8460829455 0
61 I -62.7311528127 1
61 K -43.9148133895 0
61 L -56.5933870986 0
61 M -59.3995474427 0
61 N -55.097014328 0
61 P 88.2194865613 0
61 Q -55.2464548044 0
61 R -49.4215558938 0
61 S -54.4181530575 0
61 T -55.9319827598 0
61 V -59.5373164865 0
61 W 30.8707504134 0
61 Y -28.6563051125 0
62 A -61.3331998739 0
62 C -60.1787838943 0
62 D -66.5878680473 0
62 E -63.1385982029 0
62 F -60.1663764574 0
62 G -63.5786962845 0
62 H -62.1715124492 0
62 I -59.953427887 0
62 K -62.7695578107 0
62 L -62.6409161487 0
62 M -62.7234897145 0
62 N -63.4604913141 0
62 P -62.7272318895 0
62 Q -62.9476723545 1
62 R -62.0914268473 0
62 S -63.6596193932 0
62 T -63.8266775434 0
62 V -60.9528165425 0
62 W -59.5647484682 0
62 Y -60.2889949872 0
63 A -59.0680359471 0
63 C -57.725226806 0
63 D -58.0188078018 0
63 E -60.3340289412 0
63 F -55.9127409796 0
63 G -57.5224907893 0
63 H -58.9038118628 0
63 I -57.6845457855 0
63 K -59.5949537801 1
63 L -51.3568940668 0
63 M -58.6170751426 0
63 N -57.6270754398 0
63 P -59.5732173831 0
63 Q -58.4361510064 0
63 R -58.7193760986 0
63 S -59.524052551 0
63 T -59.0210881331 0
63 V -58.0906751793 0
63 W -58.0789615257 0
63 Y -54.8975415438 0
64 A -59.1995366076 0
64 C -59.2530006742 0
64 D -63.0678060209 0
64 E -62.2247463259 1
64 F -51.0525817573 0
64 G -61.475294039 0
64 H -60.5470485436 0
64 I -42.1589605027 0
64 K -62.7530061629 0
64 L -58.7280210973 0
64 M -59.7243779512 0
64 N -63.9618720743 0
64 P 8.95172641554 0
64 Q -60.8650727142 0
64 R -60.0917349442 0
64 S -60.8560981275 0
64 T -53.4963277487 0
64 V -40.7675828835 0
64 W -56.866549823 0
64 Y -56.75507326 0
65 A -66.1770711158 0
65 C -58.4190101679 0
65 D -58.2583281206 0
65 E -62.1094462124 0
65 F 313.624162318 0
65 G -61.2267362528 0
65 H 194.05169401 0
65 I -45.5995542845 0
65 K -32.8252853471 0
65 L 93.4153304933 0
65 M -48.0800202467 0
65 N -54.7623569547 0
65 P -42.3473765634 0
65 Q -56.2077025779 0
65 R -46.6183310719 0
65 S -62.5301343559 1
65 T -47.6860022931 0
65 V -43.3640350322 0
65 W 700.887431176 0
65 Y 16.7438745661 0
66 A -54.2294317029 0
66 C -55.030051765 0
66 D -55.447201002 0
66 E -56.1497706763 0
66 F -58.0528843129 0
66 G -50.8695677111 0
66 H -56.8392739243 0
66 I -59.5792897326 0
66 K -55.7818704743 0
66 L -55.6290011206 0
66 M -55.9382431863 0
66 N -55.8383929539 0
66 P -51.7212693917 0
66 Q -55.4001255583 0
66 R -58.8757727983 0
66 S -55.1759660386 0
66 T -57.3771193256 1
66 V -59.3913805666 0
66 W -53.5355336131 0
66 Y -57.964338199 0
67 A -52.4482378625 0
67 C -53.322084134 0
67 D -50.4472368501 0
67 E -55.6017594471 0
67 F -54.1525839459 0
67 G -45.5651393665 0
67 H -56.0958994322 0
67 I -56.0944236473 0
67 K -51.0485524073 0
67 L -60.7099781481 1
67 M -59.1170244968 0
67 N -52.9764603801 0
67 P 81.9693925052 0
67 Q -55.0363037934 0
67 R -53.6865680628 0
67 S -51.2950067542 0
67 T -52.3148208605 0
67 V -55.4691230694 0
67 W -57.8211895104 0
67 Y -41.233350625 0
68 A -59.6839075495 0
68 C -58.9524744098 0
68 D -58.5872705014 0
68 E -60.665489061 0
68 F -61.5771784028 0
68 G -57.7338478685 0
68 H -60.605058991 1
68 I -62.7405821294 0
68 K -61.2933143597 0
68 L -62.96346784 0
68 M -62.7138633925 0
68 N -60.399108707 0
68 P 15.2959000808 0
68 Q -59.2232227463 0
68 R -61.8718809591 0
68 S -59.5424754091 0
68 T -61.0378032191 0
68 V -62.0999345903 0
68 W -60.7529944595 0
68 Y -61.9419313945 0
69 A -57.7947556472 0
69 C -51.7197441741 0
69 D -55.4848962671 0
69 E -50.1329576287 0
69 F 4.47913893738 0
69 G -51.0016971971 0
69 H -47.3215716199 0
69 I -6.91927272791 0
69 K -51.1130657087 0
69 L -58.0818531611 1
69 M -57.9735043998 0
69 N -53.9044137417 0
69 P 60.6772839891 0
69 Q -53.3452678876 0
69 R -53.286911835 0
69 S -56.7481581951 0
69 T -53.7151328031 0
69 V -56.6129075381 0
69 W -41.3463931666 0
69 Y 8.55206598642 0
70 A -58.5475996591 0
70 C -56.8310397854 0
70 D -55.8154557566 0
70 E -59.0560613283 0
70 F -53.496487095 0
70 G -52.8927352331 0
70 H -55.8437304089 0
70 I -61.5458818898 0
70 K -57.1412792755 0
70 L -55.568462377 0
70 M -55.9052230621 0
70 N -57.4089649206 0
70 P 37.352534078 0
70 Q -57.4018721402 0
70 R -56.7430804856 0
70 S -57.1257864919 0
70 T -57.2165848149 0
70 V -60.5374520842 1
70 W -54.0031265241 0
70 Y -55.3762056071 0
71 A -53.2014554556 0
71 C -52.6442074525 0
71 D -53.9098054773 0
71 E -55.7469885682 0
71 F -51.3098214836 0
71 G -36.3789215008 0
71 H -54.9221810075 0
71 I -56.2519028589 0
71 K -55.4119765632 0
71 L -57.8094170436 1
71 M -55.8344671916 0
71 N -55.350819508 0
71 P -39.6479289066 0
71 Q -53.4127125204 0
71 R -55.5450575157 0
71 S -54.1306443711 0
71 T -53.8353700378 0
71 V -56.0067916949 0
71 W -55.9328044447 0
71 Y -50.1242412749 0
72 A -55.8197638624 0
72 C -51.480161033 0
72 D -55.0904088895 0
72 E -57.8143092736 0
72 F -52.9445065202 0
72 G -54.0188553014 0
72 H -55.2153289034 0
72 I -46.2554322188 0
72 K -54.4806025325 0
72 L -55.5904752396 0
72 M -52.6355065018 0
72 N -54.8107519677 0
72 P 338.64006691 0
72 Q -56.5090398034 0
72 R -55.29646727 1
72 S -54.0980208459 0
72 T -54.2819003116 0
72 V -50.5737497364 0
72 W -52.8578014589 0
72 Y -52.7760723461 0
73 A -55.918168035 0
73 C -53.2944144514 0
73 D -55.5368333019 0
73 E -56.4753770141 0
73 F -55.4752576495 0
73 G -53.1353517877 0
73 H -55.4577627289 0
73 I -55.0678410405 0
73 K -56.123124993 0
73 L -56.6151575479 1
73 M -55.073004015 0
73 N -54.9829535442 0
73 P -38.1035652807 0
73 Q -54.0183445875 0
73 R -55.5290155049 0
73 S -55.6749451245 0
73 T -54.3902606325 0
73 V -54.5742664767 0
73 W -55.148412031 0
73 Y -55.0442408317 0
74 A -61.3073021518 0
74 C -51.0328878716 0
74 D -63.678968007 0
74 E -53.8921115045 0
74 F -52.1084483042 0
74 G -66.3265413895 0
74 H -53.9057702384 0
74 I -40.1784489654 0
74 K -62.5167049145 0
74 L -52.9338446943 0
74 M -52.8281323998 0
74 N -64.1635716038 0
74 P 8.64134080838 0
74 Q -60.1952007021 0
74 R -52.9461762418 1
74 S -64.2870230802 0
74 T -50.8091544327 0
74 V -38.2759527335 0
74 W -52.5921128163 0
74 Y -52.1793296642 0
75 A -48.1195158548 0
75 C -38.6947256614 0
75 D -50.9863023562 0
75 E -40.1170914421 0
75 F -36.0086472088 0
75 G -53.6325989484 1
75 H -40.4777402313 0
75 I -30.7754614714 0
75 K -47.2349977688 0
75 L 57.7806175022 0
75 M -41.3795342892 0
75 N -48.1503701507 0
75 P 63.2688885951 0
75 Q -49.329829657 0
75 R -39.4212187707 0
75 S -51.7178033746 0
75 T -36.9546260228 0
75 V -32.0301809423 0
75 W -36.7593966627 0
75 Y -35.350996021 0
76 A -51.4394573027 0
76 C -50.3711741526 0
76 D -52.8410858107 0
76 E -53.4752534031 0
76 F -50.1984481713 0
76 G -52.2822395376 1
76 H -52.1163393214 0
76 I -52.6174604164 0
76 K -53.2667813595 0
76 L -52.1709135297 0
76 M -51.8556083733 0
76 N -52.3046201209 0
76 P -52.95134621 0
76 Q -51.6793192663 0
76 R -52.5462829335 0
76 S -52.6158508142 0
76 T -52.2691222193 0
76 V -52.4937410358 0
76 W -50.7749119833 0
76 Y -50.0228495073 0
