1 A -150.063198338 0
1 C -148.327936781 0
1 D -152.279718854 0
1 E -151.158993774 0
1 F -148.909560306 0
1 G -150.997490943 1
1 H -151.414702743 0
1 I -145.984260678 0
1 K -151.405422416 0
1 L -150.455113239 0
1 M -149.419901259 0
1 N -150.707036171 0
1 P -154.247761385 0
1 Q -148.712103707 0
1 R -150.461059597 0
1 S -152.094218619 0
1 T -149.234076269 0
1 V -145.632948038 0
1 W -148.756260466 0
1 Y -148.608104579 0
2 A -153.413918227 0
2 C -152.785833393 0
2 D -155.222837815 0
2 E -157.113002745 0
2 F -155.834426874 0
2 G -152.82153994 0
2 H -155.428654293 0
2 I -150.773316999 0
2 K -159.827150511 0
2 L -157.17526805 0
2 M -151.971688716 0
2 N -154.952094776 1
2 P -150.787519106 0
2 Q -156.490114654 0
2 R -159.936827992 0
2 S -155.912254895 0
2 T -157.88803255 0
2 V -151.954322548 0
2 W -155.039666521 0
2 Y -155.803795293 0
3 A -150.137681758 0
3 C -149.266168265 0
3 D -154.671001478 0
3 E -153.288734417 0
3 F -152.238638142 0
3 G -151.784883692 0
3 H -153.39171444 0
3 I -146.342103592 0
3 K -153.54026591 0
3 L -151.52775543 0
3 M -150.128996318 0
3 N -154.234170018 0
3 P -128.168526742 0
3 Q -150.24002722 0
3 R -152.462367404 0
3 S -152.167326481 1
3 T -150.797364966 0
3 V -145.496594251 0
3 W -150.274076449 0
3 Y -151.554502285 0
4 A -157.064914043 0
4 C -154.68704348 0
4 D -158.393298031 1
4 E -159.001328324 0
4 F -155.378945175 0
4 G -155.109246253 0
4 H -157.218006643 0
4 I -158.207372965 0
4 K -157.028796353 0
4 L -155.573702215 0
4 M -156.944171402 0
4 N -156.82516089 0
4 P -45.6781332723 0
4 Q -156.744938407 0
4 R -158.544328064 0
4 S -157.830044453 0
4 T -158.300326871 0
4 V -157.180181231 0
4 W -154.35904501 0
4 Y -155.795314621 0
5 A -157.625552389 1
5 C -157.625552389 1
5 D -157.616411867 1
5 E -157.616411867 1
5 F -157.625552389 1
5 G -157.616411867 1
5 H -157.625552389 1
5 I -157.625552389 1
5 K -157.625552389 1
5 L -157.625552389 1
5 M -157.616411867 1
5 N -157.616411867 1
5 P -157.616411867 1
5 Q -157.625552389 1
5 R -157.625552389 1
5 S -157.625552389 1
5 T -157.616411867 1
5 V -157.616411867 1
5 W -157.625552389 1
5 Y -157.625552389 1
6 A -145.721793966 0
6 C -145.114895935 0
6 D -140.946294212 0
6 E -138.017550185 0
6 F -153.318981214 0
6 G -141.636804396 0
6 H -148.788993468 0
6 I -138.815260111 0
6 K -143.796439981 0
6 L -139.995456165 0
6 M -71.6795427284 0
6 N -143.786599965 0
6 P -108.162975733 0
6 Q -142.004321992 0
6 R -144.813489045 0
6 S -145.092845104 0
6 T -121.447991534 0
6 V -142.104851721 0
6 W -129.365335055 0
6 Y -152.44739834 1
7 A -146.577990733 0
7 C -146.174944831 0
7 D -147.537009372 0
7 E -149.031684707 0
7 F -149.353348576 1
7 G -145.553667271 0
7 H -148.434743196 0
7 I -147.26285309 0
7 K -149.0130023 0
7 L -146.676898107 0
7 M -147.243817556 0
7 N -147.841403393 0
7 P -144.104922815 0
7 Q -147.125145841 0
7 R -148.035699409 0
7 S -148.01044486 0
7 T -148.594519607 0
7 V -147.539007165 0
7 W -149.813629849 0
7 Y -149.446850898 0
8 A -144.06674173 0
8 C -132.830678896 0
8 D -146.371448429 0
8 E -136.851736264 0
8 F -134.149464922 0
8 G -149.448569337 1
8 H -136.335720467 0
8 I -124.340730557 0
8 K -146.214564282 0
8 L -135.687862889 0
8 M -134.874161553 0
8 N -146.273079064 0
8 P -67.1730187362 0
8 Q -143.332864699 0
8 R -135.634646808 0
8 S -146.579086202 0
8 T -131.854012088 0
8 V -122.31709717 0
8 W -134.344566562 0
8 Y -134.10829045 0
9 A -146.25618311 0
9 C -145.092240236 0
9 D -149.333956188 0
9 E -146.539208325 0
9 F -144.556560027 0
9 G -145.416054506 0
9 H -149.154574847 0
9 I -147.245389483 0
9 K -148.221849294 0
9 L -145.594235376 0
9 M -145.885281163 0
9 N -150.095454111 1
9 P -141.542590208 0
9 Q -146.322487599 0
9 R -147.963864394 0
9 S -147.446315692 0
9 T -148.12313228 0
9 V -146.969494351 0
9 W -145.410783449 0
9 Y -144.171208888 0
10 A -139.533017168 0
10 C -121.386907277 0
10 D -98.2517884591 0
10 E -58.2133705128 0
10 F 20.6078893162 0
10 G -150.692141397 1
10 H -41.7989982438 0
10 I 46.4892126611 0
10 K -56.6195111689 0
10 L 4.79097919762 0
10 M 120.393694608 0
10 N -108.431406682 0
10 P -42.7027943053 0
10 Q -41.0675530348 0
10 R 41.2300161081 0
10 S -132.256771746 0
10 T -81.8231379874 0
10 V -38.8712929663 0
10 W 983.317085901 0
10 Y 17.1323501079 0
11 A -148.676823381 0
11 C -145.477970075 0
11 D -148.408941515 0
11 E -148.452189543 0
11 F -145.820572519 0
11 G -147.463008686 0
11 H -149.024844914 0
11 I -146.729722482 0
11 K -148.827846389 0
11 L -143.194318395 0
11 M -146.602815859 0
11 N -147.027963927 0
11 P -127.306122142 0
11 Q -146.394223021 0
11 R -148.986551489 0
11 S -149.558036524 1
11 T -146.582259147 0
11 V -147.006533764 0
11 W -146.249979676 0
11 Y -142.970310678 0
12 A -148.763774159 1
12 C -147.081504079 0
12 D -150.20042946 0
12 E -150.651490671 0
12 F -148.015752307 0
12 G -148.99543952 0
12 H -149.378229822 0
12 I -148.583752773 0
12 K -150.443265752 0
12 L -150.263094178 0
12 M -149.001851463 0
12 N -150.15134437 0
12 P -128.946098426 0
12 Q -149.043029956 0
12 R -149.754633497 0
12 S -151.048656232 0
12 T -150.832386469 0
12 V -148.337163022 0
12 W -148.02063544 0
12 Y -148.077719624 0
13 A -145.168760539 0
13 C -146.037244627 0
13 D -150.171389319 0
13 E -146.887458457 0
13 F -154.358147637 0
13 G -142.560626427 0
13 H -152.747619558 0
13 I -139.988394278 0
13 K -142.900869824 0
13 L -150.06218644 0
13 M -148.939148178 0
13 N -148.544244253 0
13 P 120.011103067 0
13 Q -146.408484285 0
13 R -141.011445092 0
13 S -145.549555738 0
13 T -146.248538347 0
13 V -130.604529806 0
13 W -137.112288211 0
13 Y -152.512400462 1
14 A -139.956682725 0
14 C -138.553578497 0
14 D -141.437115455 0
14 E -140.128016848 0
14 F -141.878979741 0
14 G -138.736248937 0
14 H -142.508835491 0
14 I -140.46814838 0
14 K -142.007482538 0
14 L -142.099387112 0
14 M -140.82746961 0
14 N -142.570536535 0
14 P -73.3385637846 0
14 Q -141.538466134 0
14 R -149.773580223 1
14 S -140.663438227 0
14 T -141.60260308 0
14 V -140.591648024 0
14 W -137.48344893 0
14 Y -141.860506012 0
15 A -146.922785628 0
15 C -142.078845099 0
15 D -135.678346165 0
15 E -144.317484568 0
15 F -139.531472932 0
15 G -153.194704186 1
15 H -139.25403962 0
15 I -124.411377028 0
15 K -137.829272937 0
15 L -138.114538472 0
15 M -142.808415104 0
15 N -145.422771504 0
15 P -106.431489822 0
15 Q -143.131874116 0
15 R -136.952699964 0
15 S -144.056317503 0
15 T -143.138705872 0
15 V -130.58785216 0
15 W -144.309863824 0
15 Y -140.535636288 0
16 A -147.743473102 0
16 C -147.479476056 0
16 D -151.044657869 0
16 E -149.512786131 0
16 F -146.926658808 0
16 G -146.618958964 0
16 H -149.940241812 0
16 I -148.761376988 0
16 K -149.902168441 0
16 L -147.445885736 0
16 M -147.800613349 0
16 N -149.961937519 0
16 P -148.170054135 0
16 Q -148.574309921 0
16 R -149.379073227 0
16 S -149.459866074 0
16 T -150.970859378 1
16 V -148.821676201 0
16 W -149.461843137 0
16 Y -149.320264464 0
17 A -149.625419675 0
17 C -149.818073478 0
17 D -149.581181285 0
17 E -154.655892609 0
17 F -149.322958273 0
17 G -146.644040339 0
17 H -153.623164821 1
17 I -155.626711047 0
17 K -151.924255406 0
17 L -152.85064129 0
17 M -152.505620837 0
17 N -152.066299949 0
17 P -141.350773937 0
17 Q -154.668243638 0
17 R -152.436522682 0
17 S -150.051423848 0
17 T -153.24913147 0
17 V -152.282336342 0
17 W -153.046635294 0
17 Y -134.446237577 0
18 A -149.492528704 0
18 C -146.946502675 0
18 D -150.354537036 0
18 E -147.826992502 0
18 F -150.091852225 0
18 G -146.162312242 0
18 H -151.325757663 0
18 I -137.390527613 0
18 K -148.666309491 0
18 L -148.323946109 0
18 M -147.030257512 0
18 N -150.947310685 0
18 P -118.101457642 0
18 Q -147.985059201 0
18 R -149.302008016 0
18 S -149.865575542 1
18 T -142.711976746 0
18 V -146.349494577 0
18 W -147.626769602 0
18 Y -149.418580203 0
19 A -152.15636619 0
19 C -150.672638979 0
19 D -149.996545015 0
19 E -153.611168098 0
19 F -154.658611588 0
19 G -151.035636155 0
19 H -153.374651031 0
19 I -153.261094118 0
19 K -153.747677956 0
19 L -155.015906692 1
19 M -153.698574463 0
19 N -151.643110158 0
19 P -130.347712402 0
19 Q -152.288880093 0
19 R -154.640661914 0
19 S -151.476654236 0
19 T -152.304710107 0
19 V -151.992621379 0
19 W -153.946675586 0
19 Y -154.777517728 0
20 A -150.973618493 0
20 C -150.201260469 0
20 D -139.74027806 0
20 E -128.588075297 0
20 F -70.9679384362 0
20 G -149.870341664 0
20 H -39.0646270425 0
20 I -82.8761048471 0
20 K 80.4254647288 0
20 L -145.275462987 0
20 M -77.5419074799 0
20 N -147.298033125 0
20 P -29.7401935165 0
20 Q -116.485982219 0
20 R -97.9915016418 0
20 S -150.949369809 0
20 T -155.189828383 1
20 V -152.242960708 0
20 W 115.100421206 0
20 Y -44.6037738826 0
21 A -152.167453731 0
21 C -150.654599656 0
21 D -154.164866786 0
21 E -155.056526861 1
21 F -149.31934817 0
21 G -151.131282617 0
21 H -150.864145043 0
21 I -151.693498473 0
21 K -151.539104752 0
21 L -153.455973308 0
21 M -151.013869429 0
21 N -152.620769005 0
21 P 35.9925265572 0
21 Q -151.362259033 0
21 R -153.173068328 0
21 S -151.842704914 0
21 T -151.204491041 0
21 V -150.365495126 0
21 W -150.30580466 0
21 Y -149.242577248 0
22 A -154.893926651 0
22 C -151.096736508 0
22 D -153.348497875 0
22 E -154.306879059 0
22 F -148.177094788 0
22 G -154.749509986 0
22 H -150.291439311 0
22 I -145.702592891 0
22 K -153.833087007 0
22 L -151.458829284 0
22 M -152.185440179 0
22 N -152.895058496 0
22 P -137.875937964 0
22 Q -152.031694895 0
22 R -151.835721064 0
22 S -155.892754792 1
22 T -151.917037175 0
22 V -146.129904154 0
22 W -149.82759008 0
22 Y -147.019084887 0
23 A -140.616598981 0
23 C -138.463316179 0
23 D -144.046871406 0
23 E -143.483829116 0
23 F -142.078825489 0
23 G -151.542299342 1
23 H -145.228448674 0
23 I -120.584494004 0
23 K -146.784158371 0
23 L -142.423763002 0
23 M -137.050140342 0
23 N -145.933622893 0
23 P -64.7897508206 0
23 Q -142.437238844 0
23 R -145.556229847 0
23 S -142.060978672 0
23 T -133.254579082 0
23 V -119.367231619 0
23 W -140.487973231 0
23 Y -143.487484057 0
24 A -155.516380984 1
24 C -152.649963896 0
24 D -149.580161292 0
24 E -151.513037135 0
24 F -138.079049026 0
24 G -149.618297693 0
24 H -149.128987092 0
24 I -149.88633076 0
24 K -149.575459338 0
24 L -141.107867498 0
24 M -152.714997168 0
24 N -151.818184115 0
24 P -65.115183937 0
24 Q -151.067499821 0
24 R -154.397432859 0
24 S -154.403293007 0
24 T -154.312765472 0
24 V -152.301338287 0
24 W -140.098643514 0
24 Y -140.157418719 0
25 A -152.45978721 0
25 C -151.201759546 0
25 D -151.864598288 0
25 E -153.969278469 0
25 F -153.002507397 0
25 G -151.395494966 0
25 H -153.152526814 0
25 I -150.723322045 0
25 K -153.726869142 0
25 L -152.558724224 0
25 M -152.509675179 0
25 N -152.392160834 0
25 P -154.057305941 0
25 Q -151.776973922 0
25 R -153.047986892 0
25 S -153.18865226 1
25 T -153.334509227 0
25 V -151.442559948 0
25 W -153.593682349 0
25 Y -152.470572237 0
26 A -150.98158464 1
26 C -150.98158464 1
26 D -150.98158464 1
26 E -150.98158464 1
26 F -150.98158464 1
26 G -150.98158464 1
26 H -150.98158464 1
26 I -150.98158464 1
26 K -150.98158464 1
26 L -150.98158464 1
26 M -150.98158464 1
26 N -150.98158464 1
26 P -150.98158464 1
26 Q -150.98158464 1
26 R -150.98158464 1
26 S -150.98158464 1
26 T -150.98158464 1
26 V -150.98158464 1
26 W -150.98158464 1
26 Y -150.98158464 1
27 A -146.955303258 0
27 C -146.765333937 0
27 D -146.336409265 0
27 E -149.790047783 0
27 F -121.966677069 0
27 G -140.066707146 0
27 H -125.92221229 0
27 I -146.295000567 0
27 K -145.552117242 0
27 L -154.83597071 1
27 M -148.532410579 0
27 N -148.477363978 0
27 P 30.821888973 0
27 Q -149.327348643 0
27 R -147.113403248 0
27 S -146.879249975 0
27 T -146.505437058 0
27 V -147.68990016 0
27 W -134.457005953 0
27 Y -100.885232995 0
28 A -146.448461424 0
28 C -142.901734819 0
28 D -143.381040501 0
28 E -146.43891123 0
28 F -144.807085923 0
28 G -143.908990367 0
28 H -145.711147194 0
28 I -143.54196326 0
28 K -145.063882775 0
28 L -144.979505652 0
28 M -143.87831084 0
28 N -143.842732682 0
28 P -149.676948004 1
28 Q -144.021706497 0
28 R -145.694174179 0
28 S -145.38809775 0
28 T -143.59417217 0
28 V -140.080132618 0
28 W -145.477900604 0
28 Y -144.722930788 0
29 A -142.347787329 0
29 C -140.192045073 0
29 D -140.013868496 0
29 E -140.666540668 0
29 F -145.424125416 0
29 G -138.282790415 0
29 H -144.826373562 0
29 I -113.794866293 0
29 K -139.579530853 0
29 L -143.145613822 0
29 M -144.295046878 0
29 N -141.118425945 0
29 P -13.2555447566 0
29 Q -140.834670303 0
29 R -141.090913773 0
29 S -140.178544857 0
29 T -137.924622858 0
29 V -106.851839553 0
29 W -153.87639624 1
29 Y -142.987304287 0
30 A -153.67410889 0
30 C -152.420379604 0
30 D -155.413408794 0
30 E -141.590914525 0
30 F -76.8056671736 0
30 G -152.169371527 0
30 H -150.954119167 0
30 I -152.14900939 0
30 K -150.047034473 0
30 L -101.05843117 0
30 M -151.759074499 0
30 N -155.811367896 1
30 P -117.412809773 0
30 Q -131.687910422 0
30 R -150.711932048 0
30 S -154.591271819 0
30 T -141.846016163 0
30 V -150.241448608 0
30 W -90.5864322662 0
30 Y -34.4486544062 0
31 A -155.254038629 0
31 C -150.903192161 0
31 D -154.503617542 0
31 E -151.775498494 0
31 F -26.5971662585 0
31 G -151.675930062 0
31 H -152.808367206 0
31 I -147.352248016 0
31 K -147.73039886 0
31 L -152.855566139 0
31 M -150.182017359 0
31 N -153.895450858 0
31 P 44.0246035015 0
31 Q -147.038905899 0
31 R -148.926875619 0
31 S -155.955391893 1
31 T -143.646186481 0
31 V -126.79422885 0
31 W -13.817942079 0
31 Y -91.3284791125 0
32 A -152.135564307 0
32 C -149.567156193 0
32 D -152.954056111 0
32 E -154.371357765 0
32 F -152.15243709 0
32 G -151.031971296 0
32 H -154.387676802 0
32 I -150.626305976 0
32 K -153.2592531 0
32 L -153.011685676 0
32 M -152.172290496 1
32 N -152.306284505 0
32 P -152.213509684 0
32 Q -151.937826145 0
32 R -152.286799719 0
32 S -154.332695188 0
32 T -152.429865522 0
32 V -150.805671026 0
32 W -153.751167283 0
32 Y -152.020976809 0
33 A -154.954042023 0
33 C -151.520643357 0
33 D -155.190034852 0
33 E -155.224033165 0
33 F -151.661867166 0
33 G -148.425126567 0
33 H -153.472007895 0
33 I -155.950383977 1
33 K -160.677981949 0
33 L -156.953122934 0
33 M -154.967420858 0
33 N -154.037036937 0
33 P -108.813784578 0
33 Q -154.41698066 0
33 R -156.236563672 0
33 S -154.104533453 0
33 T -153.959773388 0
33 V -154.565525974 0
33 W -156.203623794 0
33 Y -152.312615416 0
34 A -148.59654806 0
34 C -149.823680484 0
34 D -149.285935429 0
34 E -147.647580203 0
34 F -131.471047628 0
34 G -145.72326411 0
34 H -147.006031353 0
34 I -104.601579583 0
34 K -131.733903749 0
34 L -158.790198507 1
34 M -143.911420602 0
34 N -152.570969824 0
34 P -99.0601619738 0
34 Q -150.452199657 0
34 R -100.452795416 0
34 S -148.677810523 0
34 T -150.164064482 0
34 V -110.520828919 0
34 W -36.9302232704 0
34 Y 171.860894479 0
35 A -153.946190735 0
35 C -153.785874551 0
35 D -155.065835102 0
35 E -155.742827449 0
35 F -153.674317592 0
35 G -152.670485402 0
35 H -154.925048215 0
35 I -158.287845026 1
35 K -155.424823295 0
35 L -158.85393648 0
35 M -157.50952288 0
35 N -157.145646074 0
35 P -22.80782382 0
35 Q -158.242591663 0
35 R -156.211504091 0
35 S -155.100077357 0
35 T -154.566237744 0
35 V -155.574964545 0
35 W -153.504344127 0
35 Y -153.566020614 0
36 A -140.434835947 0
36 C -133.778779699 0
36 D -136.177792016 0
36 E -137.567705416 0
36 F -137.843383984 0
36 G -152.388152132 1
36 H -140.544817524 0
36 I -130.953427623 0
36 K -140.822863885 0
36 L -138.046124127 0
36 M -136.418314742 0
36 N -142.630167691 0
36 P -24.3036098367 0
36 Q -138.120477304 0
36 R -141.33316814 0
36 S -143.666665346 0
36 T -139.486471859 0
36 V -129.687728781 0
36 W -134.725598291 0
36 Y -135.892243497 0
37 A -151.533014323 0
37 C -151.694254083 0
37 D -150.731839542 0
37 E -153.411387487 0
37 F -148.821709457 0
37 G -148.770117495 0
37 H -151.505693754 0
37 I -150.009745355 0
37 K -153.171556184 1
37 L -150.162824388 0
37 M -151.593995547 0
37 N -151.132147605 0
37 P 84.1538062135 0
37 Q -152.829032057 0
37 R -152.302896786 0
37 S -150.794492172 0
37 T -149.512478782 0
37 V -151.129810307 0
37 W -152.270807932 0
37 Y -149.566198471 0
38 A -149.976640289 0
38 C -147.786060903 0
38 D -151.351591321 0
38 E -152.885172515 0
38 F -148.434693818 0
38 G -148.125128209 0
38 H -149.964981767 0
38 I -152.592770594 0
38 K -152.103582792 0
38 L -152.085975054 0
38 M -149.724533541 0
38 N -150.156421319 0
38 P -146.751607817 0
38 Q -150.642303643 0
38 R -151.143474396 0
38 S -150.434221175 0
38 T -151.743130512 0
38 V -152.428803457 1
38 W -148.37566321 0
38 Y -148.358908077 0
39 A -148.596664952 0
39 C -146.754776798 0
39 D -148.351758449 0
39 E -149.277701286 0
39 F -144.776594758 0
39 G -144.111209645 0
39 H -147.104596395 0
39 I -147.946332771 0
39 K -146.367700171 0
39 L -148.687421815 0
39 M -149.71259818 0
39 N -150.487518498 0
39 P -135.443629537 0
39 Q -150.164632072 0
39 R -148.346952538 0
39 S -147.087494243 0
39 T -146.444803514 0
39 V -147.295071526 0
39 W -150.310465345 0
39 Y -153.078774316 1
40 A -150.23890798 0
40 C -149.931952863 0
40 D -149.233596326 0
40 E -149.289054385 0
40 F -121.722823086 0
40 G -148.886794093 0
40 H -145.688291913 0
40 I -153.96059508 0
40 K -149.194363116 0
40 L -140.18480454 0
40 M -149.28609226 0
40 N -150.640592216 0
40 P -6.48581798662 0
40 Q -150.82554555 0
40 R -147.90871482 0
40 S -152.324526873 0
40 T -156.04157669 1
40 V -155.431130685 0
40 W -144.212467937 0
40 Y -120.833088599 0
41 A -151.769122723 1
41 C -146.802589555 0
41 D -143.93621649 0
41 E -144.851915197 0
41 F -75.4297964879 0
41 G -147.535298872 0
41 H -147.991787885 0
41 I -133.206488048 0
41 K -137.670774237 0
41 L -56.6494607495 0
41 M -140.576459248 0
41 N -144.813606619 0
41 P 132.325734939 0
41 Q -146.359565267 0
41 R -146.639919569 0
41 S -150.075156656 0
41 T -145.266055205 0
41 V -132.60644776 0
41 W -21.6992654701 0
41 Y -78.5743247885 0
42 A -150.006880116 0
42 C -148.451415836 0
42 D -153.786630907 0
42 E -156.601999833 0
42 F -155.57756851 0
42 G -150.099405788 0
42 H -156.179351055 0
42 I -141.789017376 0
42 K -155.630198836 0
42 L -152.81370097 0
42 M -154.785912716 0
42 N -152.954148435 0
42 P -133.532281966 0
42 Q -152.035760329 1
42 R -155.280196584 0
42 S -151.528541665 0
42 T -152.197756486 0
42 V -142.233836664 0
42 W -156.464120263 0
42 Y -155.559274227 0
43 A -150.298510889 0
43 C -148.449199363 0
43 D -150.198708457 0
43 E -147.940339705 0
43 F -150.29538449 0
43 G -145.215634644 0
43 H -154.588703892 0
43 I -134.920124333 0
43 K -145.970377843 0
43 L -140.489502642 0
43 M -147.759959453 0
43 N -152.722302523 1
43 P 101.350116674 0
43 Q -149.044092699 0
43 R -144.839637035 0
43 S -149.31148232 0
43 T -146.920718764 0
43 V -132.137312332 0
43 W -147.856910785 0
43 Y -149.825486627 0
44 A -149.544680204 0
44 C -147.368352011 0
44 D -150.496507323 0
44 E -151.832899647 0
44 F -148.451771849 0
44 G -149.1891495 0
44 H -150.970838851 0
44 I -148.604991266 0
44 K -150.966922964 0
44 L -149.301638323 0
44 M -148.93685555 0
44 N -149.303654172 0
44 P -151.673394034 1
44 Q -150.197304606 0
44 R -150.058069367 0
44 S -151.053021833 0
44 T -149.083503075 0
44 V -148.419270295 0
44 W -148.677755582 0
44 Y -148.935516235 0
45 A -149.601899546 0
45 C -147.541293816 0
45 D -151.208791281 0
45 E -150.266419408 0
45 F -150.366438587 0
45 G -148.311263236 0
45 H -151.5786411 0
45 I -135.233789405 0
45 K -150.883262354 0
45 L -151.257647684 0
45 M -150.08975517 0
45 N -151.490862979 0
45 P -124.453248036 0
45 Q -149.720323638 0
45 R -150.695078091 0
45 S -149.487630698 1
45 T -149.229437332 0
45 V -134.173164755 0
45 W -149.590099984 0
45 Y -150.207942077 0
46 A -152.943866357 1
46 C -147.621615484 0
46 D -140.63278523 0
46 E 18.2733875642 0
46 F -147.425036172 0
46 G -149.625890334 0
46 H -150.268800109 0
46 I -105.696987844 0
46 K -146.734745333 0
46 L -5.82661083481 0
46 M 52.2330049567 0
46 N -147.048046897 0
46 P 28.0753235965 0
46 Q -140.183688412 0
46 R -14.2665195134 0
46 S -150.452018288 0
46 T -137.121799983 0
46 V -100.892210849 0
46 W -149.182442951 0
46 Y -147.90423905 0
47 A -150.416273733 0
47 C -147.138218219 0
47 D -151.729494991 0
47 E -151.956835565 0
47 F -148.414189036 0
47 G -149.297376239 0
47 H -149.812947959 0
47 I -149.575179995 0
47 K -151.334842117 0
47 L -150.377894096 0
47 M -149.370566229 0
47 N -150.119068178 0
47 P -142.208895358 0
47 Q -149.41365527 1
47 R -150.956877704 0
47 S -150.854286385 0
47 T -150.024773413 0
47 V -149.715901229 0
47 W -151.899058487 0
47 Y -150.154114156 0
48 A -149.401763591 1
48 C -146.699666563 0
48 D -151.56027676 0
48 E -151.126246662 0
48 F -149.102943735 0
48 G -148.012683662 0
48 H -150.541007026 0
48 I -148.988326024 0
48 K -150.713582544 0
48 L -150.787826435 0
48 M -149.069528779 0
48 N -150.048849717 0
48 P -52.3511250971 0
48 Q -148.919695592 0
48 R -150.373514307 0
48 S -149.840336407 0
48 T -148.704778229 0
48 V -149.037936744 0
48 W -149.224449453 0
48 Y -149.253573277 0
49 A -143.971026095 0
49 C -142.968048735 0
49 D -144.769722047 0
49 E -145.434858461 0
49 F -144.637499853 0
49 G -141.061013645 0
49 H -145.163090142 0
49 I -135.071119905 0
49 K -145.335789656 0
49 L -150.064377356 1
49 M -146.17091465 0
49 N -144.994704145 0
49 P 36.9699203439 0
49 Q -146.125548898 0
49 R -143.549463113 0
49 S -143.022447051 0
49 T -141.012398553 0
49 V -113.747353034 0
49 W -142.733888446 0
49 Y -144.836120979 0
50 A -136.447096996 0
50 C -125.744449436 0
50 D -131.328353289 0
50 E -130.625210699 0
50 F -130.419293113 0
50 G -149.356010483 1
50 H -127.527986349 0
50 I -99.9696801882 0
50 K -121.554489016 0
50 L -97.6821451819 0
50 M -114.217178766 0
50 N -127.683375043 0
50 P -47.4049092755 0
50 Q -131.149701316 0
50 R -124.199314321 0
50 S -129.151270203 0
50 T -109.325893266 0
50 V -95.7840631605 0
50 W -131.02555672 0
50 Y -127.890728985 0
51 A -140.430384602 0
51 C -140.746266818 0
51 D -140.119231211 0
51 E -139.597846163 0
51 F -118.419625526 0
51 G -133.386904703 0
51 H -134.439441393 0
51 I -140.352352911 0
51 K -124.464879261 0
51 L -150.642140428 1
51 M -145.270652076 0
51 N -143.559891452 0
51 P -43.4015219101 0
51 Q -140.432448452 0
51 R -118.517731599 0
51 S -138.251581825 0
51 T -142.016563804 0
51 V -137.561829718 0
51 W 119.660793686 0
51 Y -94.2365196082 0
52 A -143.470300098 0
52 C -143.165505803 0
52 D -147.10783974 0
52 E -145.875830341 0
52 F -142.07846036 0
52 G -149.427416989 1
52 H -145.810385979 0
52 I -125.216307827 0
52 K -146.734680649 0
52 L -146.515967245 0
52 M -143.592546653 0
52 N -148.601832992 0
52 P -44.4369788137 0
52 Q -144.086878994 0
52 R -146.324887128 0
52 S -148.447185429 0
52 T -142.289148517 0
52 V -122.989627827 0
52 W -138.250258762 0
52 Y -140.676942678 0
53 A -148.626896944 0
53 C -146.111399491 0
53 D -149.305383096 0
53 E -149.47115681 0
53 F -149.158806798 0
53 G -146.787755203 0
53 H -148.53809002 0
53 I -145.929054391 0
53 K -149.388473306 1
53 L -147.223407211 0
53 M -147.681875394 0
53 N -149.877837811 0
53 P -150.082716873 0
53 Q -147.533374398 0
53 R -148.760884341 0
53 S -148.408223396 0
53 T -147.876692397 0
53 V -146.802449484 0
53 W -150.552933849 0
53 Y -148.506957213 0
54 A -143.668582228 0
54 C -143.959823661 0
54 D -146.103689334 0
54 E -142.411735621 0
54 F -78.7109212875 0
54 G -142.074936886 0
54 H -149.542034507 1
54 I -137.191699306 0
54 K -140.285705136 0
54 L -141.86040593 0
54 M -142.74755008 0
54 N -147.190732051 0
54 P -2.77684488008 0
54 Q -140.102701807 0
54 R -142.672372261 0
54 S -144.405504498 0
54 T -143.046282182 0
54 V -142.112549734 0
54 W -128.651576114 0
54 Y -140.753840748 0
55 A -146.543908858 0
55 C -144.679817389 0
55 D -147.069108736 0
55 E -144.159293185 0
55 F -140.310965822 0
55 G -143.050745956 0
55 H -146.075862392 0
55 I -61.9394932441 0
55 K -144.135678258 0
55 L -144.569594612 0
55 M -143.984468579 0
55 N -150.493662464 1
55 P -138.345238179 0
55 Q -144.506243068 0
55 R -145.431245382 0
55 S -146.14335979 0
55 T -137.592726766 0
55 V -67.450668008 0
55 W -136.027766398 0
55 Y -140.79594211 0
56 A -150.709389878 0
56 C -148.460166928 0
56 D -147.52139314 0
56 E -146.149338697 0
56 F -150.942018384 0
56 G -146.499502541 0
56 H -150.507849987 0
56 I -76.9209356459 0
56 K -138.722310161 0
56 L -121.356987214 0
56 M -140.300826435 0
56 N -149.822626889 0
56 P -114.382584554 0
56 Q -144.088660792 0
56 R -146.259731116 0
56 S -148.558829216 0
56 T -145.882719816 0
56 V -77.4649622263 0
56 W -149.106130452 0
56 Y -151.969703 1
57 A -153.505989316 1
57 C -153.505989316 1
57 D -153.505989316 1
57 E -153.505989316 1
57 F -153.505989316 1
57 G -153.505989316 1
57 H -153.505989316 1
57 I -153.505989316 1
57 K -153.505989316 1
57 L -153.505989316 1
57 M -153.505989316 1
57 N -153.505989316 1
57 P -153.505989316 1
57 Q -153.505989316 1
57 R -153.505989316 1
57 S -153.505989316 1
57 T -153.505989316 1
57 V -153.505989316 1
57 W -153.505989316 1
57 Y -153.505989316 1
58 A -142.45433017 0
58 C -142.716886687 0
58 D -134.938072805 0
58 E -136.522089264 0
58 F -88.6549094626 0
58 G -138.743890836 0
58 H -136.82824646 0
58 I -133.619631943 0
58 K -136.033302548 0
58 L -134.86460136 0
58 M -143.287163104 0
58 N -140.802195507 0
58 P -75.7430697011 0
58 Q -140.130571352 0
58 R -150.819263946 1
58 S -141.762234009 0
58 T -143.525208476 0
58 V -142.376041834 0
58 W -49.5602856865 0
58 Y -95.3525463608 0
59 A -143.973594191 0
59 C -143.7475441 0
59 D -138.957177719 0
59 E -118.54786377 0
59 F 1022.48847464 0
59 G -128.948607982 0
59 H 204.493607409 0
59 I -29.3180706863 0
59 K -66.3621916711 0
59 L -64.2904985485 0
59 M -118.651844429 0
59 N -149.803405032 1
59 P -88.0520286142 0
59 Q -121.08985867 0
59 R 30.2763697931 0
59 S -141.520397826 0
59 T -134.311433283 0
59 V -76.7343253543 0
59 W 956.356083987 0
59 Y 1301.702359 0
60 A -143.669710503 0
60 C -140.616008914 0
60 D -136.367034139 0
60 E -136.519881673 0
60 F -96.3907540505 0
60 G -141.177794089 0
60 H -105.823449419 0
60 I -112.275607418 0
60 K -95.477684653 0
60 L -116.108997286 0
60 M -137.793016758 0
60 N -136.683075285 0
60 P -148.943497756 1
60 Q -131.753219438 0
60 R -21.1906840905 0
60 S -143.15992226 0
60 T -137.074604792 0
60 V -137.430027716 0
60 W -76.4722248436 0
60 Y -91.6725813036 0
61 A -143.189143724 0
61 C -142.498175264 0
61 D -148.861497487 1
61 E -140.889863353 0
61 F -139.64082437 0
61 G -141.875667101 0
61 H -125.417557172 0
61 I -138.88894269 0
61 K -140.259889874 0
61 L -134.975185078 0
61 M -142.828595009 0
61 N -148.567396178 0
61 P -112.236150251 0
61 Q -141.259253212 0
61 R -141.424286293 0
61 S -143.905797251 0
61 T -117.972208328 0
61 V -133.571977498 0
61 W -118.125404217 0
61 Y -137.723554393 0
62 A -143.569308973 0
62 C -142.508690979 0
62 D -145.205104271 0
62 E -144.889711352 0
62 F -143.834324304 0
62 G -148.643541734 1
62 H -146.327230267 0
62 I -107.309365158 0
62 K -146.563898544 0
62 L -144.795918108 0
62 M -144.056887454 0
62 N -146.854768409 0
62 P -88.250587491 0
62 Q -144.233801195 0
62 R -145.526730196 0
62 S -142.804089477 0
62 T -136.77728411 0
62 V -115.679087445 0
62 W -143.226332452 0
62 Y -143.413792068 0
63 A -148.093636402 0
63 C -145.538320387 0
63 D -153.811043403 1
63 E -145.368897438 0
63 F -138.33848926 0
63 G -148.962235881 0
63 H -143.050130479 0
63 I -128.583683552 0
63 K -145.4658685 0
63 L -141.555481437 0
63 M -146.603741976 0
63 N -147.37853833 0
63 P -76.8690813596 0
63 Q -148.12372597 0
63 R -146.565408406 0
63 S -147.668154008 0
63 T -146.492134712 0
63 V -138.148003411 0
63 W -144.224710981 0
63 Y -142.784641043 0
64 A -154.742025086 1
64 C -148.79104024 0
64 D -154.198790924 0
64 E -152.567201197 0
64 F -152.049791255 0
64 G -150.572134343 0
64 H -153.82483676 0
64 I -153.121393161 0
64 K -154.895126259 0
64 L -152.568637094 0
64 M -154.550617808 0
64 N -153.706539479 0
64 P -141.861772641 0
64 Q -151.114554073 0
64 R -152.039450767 0
64 S -154.104096381 0
64 T -151.123887242 0
64 V -153.324626476 0
64 W -152.278238643 0
64 Y -152.276673265 0
65 A -152.763660158 0
65 C -150.22353548 0
65 D -138.103344575 0
65 E -147.987933916 0
65 F -92.0828477398 0
65 G -152.002600386 0
65 H -143.02264416 0
65 I -143.373969472 0
65 K -153.92248433 1
65 L -147.605699541 0
65 M -151.369231031 0
65 N -141.960431746 0
65 P -108.835028334 0
65 Q -148.79276753 0
65 R -151.054574236 0
65 S -152.681279018 0
65 T -146.815352196 0
65 V -145.887777783 0
65 W -103.692313245 0
65 Y -85.9291459841 0
66 A -151.446734683 0
66 C -149.597167184 0
66 D -144.777561936 0
66 E -143.764988412 0
66 F 116.814931538 0
66 G -146.32591464 0
66 H -83.4243601734 0
66 I -68.417238244 0
66 K -4.9015864241 0
66 L -95.3284272948 0
66 M -135.250652534 0
66 N -148.61905157 0
66 P -156.392726713 1
66 Q -125.077495305 0
66 R 149.926514384 0
66 S -149.372193394 0
66 T -148.742399046 0
66 V -150.2772679 0
66 W 491.651076666 0
66 Y 199.245443621 0
67 A -145.59739734 0
67 C -142.402085923 0
67 D -138.244798613 0
67 E -139.624127959 0
67 F -148.800589141 0
67 G -142.80249792 0
67 H -147.787721642 0
67 I -136.307151342 0
67 K -150.849728231 0
67 L -145.162644926 0
67 M -145.458116514 0
67 N -146.094158304 0
67 P -72.517150646 0
67 Q -141.572623503 0
67 R -144.678644708 0
67 S -144.839775523 0
67 T -140.861316697 0
67 V -128.945975709 0
67 W -154.871447115 1
67 Y -149.153474176 0
68 A -155.531516456 1
68 C -155.531516456 1
68 D -155.531516456 1
68 E -155.531516456 1
68 F -155.531516456 1
68 G -154.961222735 1
68 H -154.961222735 1
68 I -155.531516456 1
68 K -155.531516456 1
68 L -154.961222735 1
68 M -154.961222735 1
68 N -154.961222735 1
68 P -154.961222735 1
68 Q -155.531516456 1
68 R -154.961222735 1
68 S -155.531516456 1
68 T -155.531516456 1
68 V -155.531516456 1
68 W -154.961222735 1
68 Y -154.961222735 1
69 A -149.761990289 0
69 C -153.420395995 0
69 D -153.218783075 0
69 E -153.470079267 0
69 F -160.541161243 0
69 G -146.033379525 0
69 H -159.579005948 1
69 I -149.555193465 0
69 K -151.945615247 0
69 L -152.595020027 0
69 M -153.370192882 0
69 N -155.623804436 0
69 P -150.306768436 0
69 Q -151.762394123 0
69 R -152.900020095 0
69 S -153.330711367 0
69 T -153.837910913 0
69 V -152.102332157 0
69 W -162.865264536 0
69 Y -159.585738086 0
70 A -151.42334639 0
70 C -151.733950947 0
70 D -144.812785609 0
70 E -149.380644155 0
70 F -34.4197412059 0
70 G -147.364275283 0
70 H -116.247781607 0
70 I -153.626275371 0
70 K -115.437551055 0
70 L -134.100394076 0
70 M -124.000295057 0
70 N -147.58245034 0
70 P -70.7833383784 0
70 Q -149.266187033 0
70 R -103.076170602 0
70 S -151.668105989 0
70 T -154.006869005 0
70 V -158.414435183 1
70 W 77.38068555 0
70 Y -46.0596711458 0
71 A -150.904450114 0
71 C -152.453481673 0
71 D -152.36749477 0
71 E -153.786203989 0
71 F -134.334508686 0
71 G -146.791144684 0
71 H -145.035261789 0
71 I -153.157767189 0
71 K -150.267988612 0
71 L -157.421585753 1
71 M -149.716466082 0
71 N -153.68504498 0
71 P -143.937919142 0
71 Q -151.120630491 0
71 R -153.696760513 0
71 S -152.569709117 0
71 T -153.640857694 0
71 V -153.073318272 0
71 W -120.81159554 0
71 Y -103.73363119 0
72 A -155.07441239 0
72 C -156.168994067 0
72 D -157.40020086 0
72 E -157.374735526 0
72 F -156.436307614 0
72 G -148.833194869 0
72 H -156.613719057 0
72 I -160.325115054 0
72 K -158.620731888 1
72 L -158.473313547 0
72 M -156.383050046 0
72 N -158.392902368 0
72 P -82.8243801424 0
72 Q -156.075076665 0
72 R -158.401621163 0
72 S -156.702783824 0
72 T -157.421124013 0
72 V -160.272459322 0
72 W -156.2542467 0
72 Y -156.164899567 0
73 A -153.711864758 0
73 C -151.500035511 0
73 D -157.350538871 0
73 E -154.976086698 0
73 F -153.32892848 0
73 G -153.583644188 0
73 H -155.279165275 0
73 I -128.507848378 0
73 K -155.760248091 0
73 L -153.578537928 0
73 M -152.942100346 0
73 N -156.674828556 1
73 P -100.442561711 0
73 Q -153.769143587 0
73 R -154.836438069 0
73 S -154.100673081 0
73 T -149.27945986 0
73 V -140.915717273 0
73 W -152.099508213 0
73 Y -153.051877894 0
74 A -154.969625067 0
74 C -152.622702152 0
74 D -158.20835171 0
74 E -156.502038531 0
74 F -155.97422006 0
74 G -158.855736362 0
74 H -157.54302624 0
74 I -133.200439016 0
74 K -157.455470912 0
74 L -156.328956847 0
74 M -155.315977187 0
74 N -158.550732528 0
74 P -90.2530007087 0
74 Q -155.80490207 0
74 R -156.691944621 1
74 S -156.101362789 0
74 T -152.119414195 0
74 V -133.060826657 0
74 W -155.001019179 0
74 Y -155.294784723 0
75 A -154.800393244 0
75 C -153.858450602 0
75 D -153.863890865 0
75 E -155.457516619 0
75 F -156.001994743 0
75 G -153.380773221 0
75 H -156.172361197 0
75 I -156.51253907 0
75 K -156.03046601 0
75 L -156.150476974 0
75 M -155.321857502 0
75 N -155.505182809 0
75 P 221.80816703 0
75 Q -155.029035956 0
75 R -156.399772687 1
75 S -155.360625023 0
75 T -155.783493172 0
75 V -156.78471576 0
75 W -154.630195159 0
75 Y -155.692088339 0
76 A -153.657090954 0
76 C -154.75483127 0
76 D -154.678905543 0
76 E -153.098694354 0
76 F -149.176911586 0
76 G -149.993613591 0
76 H -154.185225454 0
76 I -153.239707611 0
76 K -150.719479007 0
76 L -161.728058598 1
76 M -154.146183298 0
76 N -155.205901717 0
76 P -152.555957145 0
76 Q -153.651048817 0
76 R -152.58163055 0
76 S -155.221218605 0
76 T -156.648364845 0
76 V -157.822837692 0
76 W -145.155371249 0
76 Y -145.220373795 0
77 A -151.323723251 0
77 C -152.58084215 0
77 D -153.614346158 0
77 E -146.656828989 0
77 F -138.958654904 0
77 G -152.985265814 0
77 H -144.931040735 0
77 I -145.717718352 0
77 K -142.351468777 0
77 L -147.250097104 0
77 M -149.414791618 0
77 N -149.232906506 0
77 P -59.8374914139 0
77 Q -142.074918961 0
77 R -148.67693798 0
77 S -154.73715199 0
77 T -157.554801566 1
77 V -153.686247444 0
77 W -146.905930994 0
77 Y -138.882223659 0
78 A -150.869505286 0
78 C -147.453345524 0
78 D -147.958819191 0
78 E -148.536750482 0
78 F -151.509276208 0
78 G -147.415078693 0
78 H -151.291844915 0
78 I -153.036407099 0
78 K -153.126605905 0
78 L -149.677761943 0
78 M -154.130823061 0
78 N -148.864344369 0
78 P -126.595649237 0
78 Q -149.196703318 0
78 R -151.700307694 0
78 S -151.115642129 0
78 T -153.853195547 0
78 V -152.969394872 0
78 W -154.868075761 1
78 Y -151.409143236 0
79 A -151.593134707 0
79 C -148.955960725 0
79 D -155.931238314 0
79 E -156.727185527 1
79 F -143.170853357 0
79 G -147.867202354 0
79 H -148.599466318 0
79 I -146.700372321 0
79 K -147.973537525 0
79 L -149.595640321 0
79 M -151.981972903 0
79 N -148.595634895 0
79 P -102.303502447 0
79 Q -154.777776315 0
79 R -147.358457315 0
79 S -151.319942863 0
79 T -150.199205062 0
79 V -148.698099466 0
79 W -143.858648418 0
79 Y -142.996057543 0
80 A -156.437108768 0
80 C -155.562803673 0
80 D -155.563961785 0
80 E -157.002922626 0
80 F -159.955827732 0
80 G -153.525089565 0
80 H -159.306028143 0
80 I -151.184329916 0
80 K -153.564517372 0
80 L -155.76118653 0
80 M -156.684407349 0
80 N -157.034311103 0
80 P -156.064225959 0
80 Q -155.284539777 0
80 R -154.335986449 0
80 S -156.131295264 0
80 T -154.648683361 0
80 V -154.653561523 0
80 W -156.280076919 0
80 Y -157.756367202 1
81 A -158.858339882 1
81 C -159.191024926 1
81 D -158.858339882 1
81 E -158.858339882 1
81 F -159.191024926 1
81 G -159.191024926 1
81 H -159.191024926 1
81 I -158.858339882 1
81 K -158.858339882 1
81 L -159.191024926 1
81 M -159.191024926 1
81 N -158.858339882 1
81 P -158.858339882 1
81 Q -158.858339882 1
81 R -159.191024926 1
81 S -158.858339882 1
81 T -159.191024926 1
81 V -159.191024926 1
81 W -158.858339882 1
81 Y -158.858339882 1
82 A -161.465226238 0
82 C -157.075186299 0
82 D -161.631994763 1
82 E -158.519246845 0
82 F -160.708549856 0
82 G -158.955872332 0
82 H -161.587248034 0
82 I -149.405732232 0
82 K -160.217028559 0
82 L -160.736623457 0
82 M -159.664732661 0
82 N -161.751521648 0
82 P 45.3604755639 0
82 Q -158.014756832 0
82 R -160.428952845 0
82 S -158.592785744 0
82 T -153.664784041 0
82 V -97.6156951688 0
82 W -158.941665247 0
82 Y -160.255602124 0
83 A -146.123262755 0
83 C -149.05370043 0
83 D -144.711872145 0
83 E -139.88007289 0
83 F -72.424157409 0
83 G -138.255511972 0
83 H -128.370017433 0
83 I -153.910258183 0
83 K -93.0958104587 0
83 L -142.023536369 0
83 M -111.107967767 0
83 N -143.639749766 0
83 P 23.9099282496 0
83 Q -139.515408091 0
83 R -110.932774225 0
83 S -148.318296056 0
83 T -152.026510611 0
83 V -157.53639514 1
83 W -62.7944936159 0
83 Y -61.3493305042 0
84 A -153.566593377 0
84 C -148.64592916 0
84 D -155.388649936 0
84 E -153.267009203 0
84 F -148.277263714 0
84 G -152.700898502 0
84 H -66.566759768 0
84 I -152.315552529 0
84 K -149.573721085 0
84 L -151.257414112 0
84 M -152.419190677 0
84 N -151.641578652 0
84 P -157.333585744 1
84 Q -151.857501114 0
84 R -151.197304119 0
84 S -154.24619605 0
84 T -152.788531254 0
84 V -151.538762669 0
84 W -150.919065826 0
84 Y -148.223752798 0
85 A -164.476496608 0
85 C -163.719834581 0
85 D -162.778794485 0
85 E -163.773938448 0
85 F -144.715910724 0
85 G -161.26986056 0
85 H -163.004618943 0
85 I -140.492549987 0
85 K -163.258893507 0
85 L -149.898430858 0
85 M -162.618109182 0
85 N -164.711971686 0
85 P -124.276590749 0
85 Q -162.785782183 0
85 R -161.976883242 0
85 S -164.548476798 1
85 T -157.398749185 0
85 V -138.235172316 0
85 W -121.094095921 0
85 Y -143.752296492 0
86 A -148.001576499 1
86 C -148.001576499 1
86 D -148.001576499 1
86 E -148.001576499 1
86 F -148.001576499 1
86 G -148.001576499 1
86 H -148.001576499 1
86 I -148.001576499 1
86 K -148.001576499 1
86 L -148.001576499 1
86 M -148.001576499 1
86 N -148.001576499 1
86 P -148.001576499 1
86 Q -148.001576499 1
86 R -148.001576499 1
86 S -148.001576499 1
86 T -148.001576499 1
86 V -148.001576499 1
86 W -148.001576499 1
86 Y -148.001576499 1
87 A -164.435762803 0
87 C -162.815137851 0
87 D -167.747397311 0
87 E -166.642666452 0
87 F -165.724722155 0
87 G -164.45666186 0
87 H -167.333973598 0
87 I -159.222205794 0
87 K -166.327184664 0
87 L -166.738976589 0
87 M -165.239737855 0
87 N -166.807937032 0
87 P -138.531953377 0
87 Q -165.269932536 0
87 R -165.85275502 0
87 S -165.650660947 1
87 T -167.038819152 0
87 V -159.909376051 0
87 W -164.562181264 0
87 Y -166.20928291 0
88 A -148.461617478 0
88 C -147.205509363 0
88 D -148.054192288 0
88 E -149.053332849 0
88 F -146.971165352 0
88 G -149.072801948 0
88 H -149.1961514 0
88 I -148.68711162 0
88 K -150.088971625 0
88 L -149.433363629 0
88 M -148.680085921 0
88 N -149.2047573 0
88 P -120.426397331 0
88 Q -148.989754802 0
88 R -150.367780418 0
88 S -148.123622485 0
88 T -147.643953227 1
88 V -149.171277706 0
88 W -147.962502457 0
88 Y -146.989693893 0
