1 A -293.99352649 0
1 C -291.556772822 0
1 D -298.605701983 0
1 E -295.157095926 0
1 F -293.203545211 0
1 G -295.00756981 1
1 H -294.496384613 0
1 I -292.906233633 0
1 K -295.061704409 0
1 L -293.446762485 0
1 M -292.449969302 0
1 N -296.283972745 0
1 P -296.811163585 0
1 Q -292.089348885 0
1 R -293.770702878 0
1 S -296.416721064 0
1 T -293.071522245 0
1 V -292.005781677 0
1 W -295.143888653 0
1 Y -293.229476516 0
2 A -291.559969993 0
2 C -293.208670767 0
2 D -285.557671322 0
2 E -289.826671376 0
2 F -280.667989568 0
2 G -283.2936841 0
2 H -280.716209204 0
2 I -283.057790691 0
2 K -195.428567364 0
2 L -277.931592445 0
2 M -237.458980332 0
2 N -292.249314145 0
2 P -285.056511268 0
2 Q -288.03170003 0
2 R -278.178265572 0
2 S -290.827255383 0
2 T -296.785366311 0
2 V -298.85747353 1
2 W -87.7333272358 0
2 Y -276.695741657 0
3 A -297.845686659 0
3 C -296.118906352 0
3 D -297.996012212 0
3 E -299.396356911 0
3 F -298.432296687 0
3 G -295.946698518 0
3 H -298.597816893 0
3 I -300.479359437 0
3 K -299.285652636 0
3 L -299.968643166 0
3 M -297.95099263 0
3 N -298.190686889 0
3 P -169.263357287 0
3 Q -297.651274253 1
3 R -298.597909487 0
3 S -298.568768281 0
3 T -299.000427951 0
3 V -299.960954199 0
3 W -297.907376906 0
3 Y -298.287491645 0
4 A -290.030605316 0
4 C -295.509730044 0
4 D -290.300340492 0
4 E -289.222370302 0
4 F -282.159864252 0
4 G -286.230539663 0
4 H -285.832748267 0
4 I -295.554385021 0
4 K -290.405933779 0
4 L -295.810774818 0
4 M -293.488264358 0
4 N -292.208067717 0
4 P -281.543760496 0
4 Q -290.130760878 0
4 R -290.138285397 0
4 S -291.968846335 0
4 T -293.752143816 0
4 V -299.590437373 1
4 W -273.170189702 0
4 Y -278.146395053 0
5 A -296.710489233 0
5 C -295.633747612 0
5 D -298.347041592 0
5 E -298.927321584 1
5 F -297.643003729 0
5 G -292.283901414 0
5 H -299.297153009 0
5 I -301.008176455 0
5 K -298.705819663 0
5 L -300.390417886 0
5 M -298.282985735 0
5 N -299.312119269 0
5 P -216.252270658 0
5 Q -297.528695751 0
5 R -298.44162365 0
5 S -298.899424517 0
5 T -297.924902389 0
5 V -300.40254784 0
5 W -297.72153985 0
5 Y -297.523432351 0
6 A -294.698842693 0
6 C -294.881119881 0
6 D -295.082713835 0
6 E -293.280546724 0
6 F -287.032925771 0
6 G -292.755866437 0
6 H -293.137371153 0
6 I -295.74192264 0
6 K -293.365941098 0
6 L -295.928231459 0
6 M -291.293109312 0
6 N -295.072410559 0
6 P -295.242532144 0
6 Q -292.149076344 0
6 R -293.164250186 0
6 S -295.321728515 0
6 T -298.413622601 1
6 V -296.077969303 0
6 W -292.341800137 0
6 Y -284.20067732 0
7 A -293.159745866 0
7 C -291.882419824 0
7 D -294.755162204 0
7 E -294.575779885 0
7 F -293.406936617 0
7 G -291.034988379 0
7 H -293.95056593 0
7 I -298.731877304 1
7 K -293.93527202 0
7 L -297.464991216 0
7 M -295.437262987 0
7 N -293.464799104 0
7 P -72.0270920155 0
7 Q -293.996163751 0
7 R -293.544387089 0
7 S -293.063611732 0
7 T -293.97052287 0
7 V -297.18168122 0
7 W -291.661439 0
7 Y -293.890804176 0
8 A -293.716681944 0
8 C -289.912637286 0
8 D -293.517968472 0
8 E -297.012494921 0
8 F -293.865734846 0
8 G -287.198740513 0
8 H -294.316730309 0
8 I -297.748104869 0
8 K -295.106186259 0
8 L -296.797724766 0
8 M -294.515246724 0
8 N -294.527550913 0
8 P -219.613270748 0
8 Q -295.445079335 0
8 R -297.0096382 0
8 S -294.461010222 1
8 T -294.240188438 0
8 V -296.27159225 0
8 W -285.029710726 0
8 Y -294.128589603 0
9 A -292.443942099 0
9 C -290.622452072 0
9 D -293.379133989 0
9 E -293.705277835 0
9 F -292.106473834 0
9 G -291.909905172 0
9 H -293.585101121 0
9 I -290.188257943 0
9 K -293.211063745 0
9 L -291.339800338 0
9 M -291.940666626 0
9 N -292.924149567 0
9 P -295.177854206 1
9 Q -291.68379888 0
9 R -292.634724098 0
9 S -293.819495907 0
9 T -292.969017309 0
9 V -290.72066961 0
9 W -293.024739346 0
9 Y -291.883817923 0
10 A -260.738308433 0
10 C 369.044828112 0
10 D -227.779365816 0
10 E -159.769008796 0
10 F 20.7560650687 0
10 G -298.355597886 1
10 H 115.232442345 0
10 I 405.430232383 0
10 K -121.5761809 0
10 L 585.656011905 0
10 M -97.2990456475 0
10 N -81.5595923401 0
10 P -252.37725604 0
10 Q 52.8868708619 0
10 R -76.6997939771 0
10 S -222.627620433 0
10 T -125.495561292 0
10 V 266.229086232 0
10 W -112.077505231 0
10 Y 31.3903689288 0
11 A -286.351259783 0
11 C -285.953687867 0
11 D -297.110608167 1
11 E -288.154254277 0
11 F -285.110398148 0
11 G -286.128193324 0
11 H -286.839422124 0
11 I -284.408502492 0
11 K -287.567007672 0
11 L -287.387900772 0
11 M -287.43830356 0
11 N -291.390359981 0
11 P -116.260602358 0
11 Q -286.18219281 0
11 R -286.908318283 0
11 S -287.95616609 0
11 T -286.85029408 0
11 V -286.310723956 0
11 W -285.343692745 0
11 Y -285.367939715 0
12 A -292.174699094 0
12 C -290.166958653 0
12 D -293.981380307 0
12 E -292.436858578 0
12 F -292.324411525 0
12 G -296.799094503 1
12 H -294.03210051 0
12 I -263.30853764 0
12 K -294.047206592 0
12 L -293.061305325 0
12 M -291.747027463 0
12 N -293.225676724 0
12 P -134.199378647 0
12 Q -292.30927675 0
12 R -293.207864124 0
12 S -291.707289457 0
12 T -286.034529483 0
12 V -262.598651065 0
12 W -291.345466496 0
12 Y -289.941666501 0
13 A -293.211895384 0
13 C -291.439095131 0
13 D -290.547130566 0
13 E -294.256809892 0
13 F -291.922245967 0
13 G -290.00401701 0
13 H -294.857373421 0
13 I -293.259579633 0
13 K -295.38633965 0
13 L -292.196361063 0
13 M -291.024439828 0
13 N -293.793548778 0
13 P -71.0298193735 0
13 Q -292.872461507 0
13 R -295.236124373 1
13 S -293.151629176 0
13 T -293.861639709 0
13 V -294.287270867 0
13 W -290.176101587 0
13 Y -292.252839053 0
14 A -293.666433993 0
14 C -293.156745774 0
14 D -296.968141822 0
14 E -294.86477416 0
14 F -295.099336395 0
14 G -289.2299687 0
14 H -292.406421896 0
14 I -295.577095548 0
14 K -293.777012923 0
14 L -294.471628059 0
14 M -293.331452397 0
14 N -296.739895887 0
14 P -269.673528402 0
14 Q -294.202013761 0
14 R -296.26423515 0
14 S -294.949557408 0
14 T -297.109683322 1
14 V -295.933665027 0
14 W -297.404901945 0
14 Y -292.496579882 0
15 A -290.801020522 0
15 C -287.771496277 0
15 D -289.142989468 0
15 E -293.062994904 0
15 F -299.737384195 1
15 G -287.884079602 0
15 H -294.685336168 0
15 I -293.32049753 0
15 K -294.173949566 0
15 L -295.814112854 0
15 M -292.731070622 0
15 N -291.420971014 0
15 P -271.688140729 0
15 Q -292.17804142 0
15 R -294.166372298 0
15 S -291.395850956 0
15 T -293.40984196 0
15 V -294.100612921 0
15 W -288.329493638 0
15 Y -298.693366383 0
16 A -296.904351968 0
16 C -293.133023855 0
16 D -283.957755953 0
16 E -248.673108225 0
16 F -231.942366232 0
16 G -292.94668716 0
16 H -281.855705814 0
16 I -277.289627634 0
16 K -242.595308232 0
16 L -171.35823813 0
16 M -269.790075187 0
16 N -247.102142761 0
16 P -300.108138431 1
16 Q -282.131599234 0
16 R -179.598705216 0
16 S -295.431710846 0
16 T -281.80795734 0
16 V -277.958115233 0
16 W -267.107097183 0
16 Y -198.077266505 0
17 A -298.020122325 0
17 C -297.081073056 0
17 D -298.231490046 0
17 E -298.98742869 0
17 F -297.924750205 0
17 G -296.569217859 0
17 H -298.941376533 0
17 I -296.364107304 0
17 K -299.755345906 1
17 L -299.416116673 0
17 M -298.649286548 0
17 N -297.870895552 0
17 P -274.75149223 0
17 Q -298.759774863 0
17 R -303.11314131 0
17 S -297.990882071 0
17 T -298.042314821 0
17 V -296.73947977 0
17 W -297.360009553 0
17 Y -302.223966328 0
18 A -298.983171729 0
18 C -297.688910464 0
18 D -299.310577045 0
18 E -300.588354971 0
18 F -295.861117804 0
18 G -297.32589059 0
18 H -299.163061737 0
18 I -298.799252608 0
18 K -300.151863497 0
18 L -299.052924034 0
18 M -298.665734497 0
18 N -299.067001708 0
18 P -301.242266506 0
18 Q -298.403399148 0
18 R -303.983256238 1
18 S -299.476360787 0
18 T -298.423847471 0
18 V -299.078634337 0
18 W -299.069341864 0
18 Y -300.325194911 0
19 A -288.763052582 0
19 C -282.241322066 0
19 D -288.766381624 0
19 E -286.56917927 0
19 F -288.957566032 0
19 G -300.041209913 1
19 H -290.621071333 0
19 I -276.849530436 0
19 K -290.749255888 0
19 L -287.919506772 0
19 M -286.132460235 0
19 N -291.472192728 0
19 P -180.908941793 0
19 Q -286.745512977 0
19 R -289.355976342 0
19 S -292.156165322 0
19 T -283.816827194 0
19 V -277.440375795 0
19 W -288.943042176 0
19 Y -289.371530556 0
20 A -297.145874001 0
20 C -296.009515402 0
20 D -296.184758755 0
20 E -298.999194497 0
20 F -295.829474615 0
20 G -295.273261714 0
20 H -297.385220206 0
20 I -284.014097544 0
20 K -297.752284714 0
20 L -299.625724114 0
20 M -297.889270719 0
20 N -295.543711255 0
20 P -82.0921627073 0
20 Q -300.185954042 1
20 R -298.977065049 0
20 S -296.589871458 0
20 T -296.640736637 0
20 V -287.971233785 0
20 W -296.811666076 0
20 Y -296.307659627 0
21 A -292.833229201 0
21 C -292.476031606 0
21 D -289.781323778 0
21 E -292.086022545 0
21 F -293.024246545 0
21 G -289.498611619 0
21 H -288.364702289 0
21 I -297.928294834 0
21 K -293.673876183 0
21 L -291.919592109 0
21 M -292.544691327 0
21 N -292.669220866 0
21 P -177.297910782 0
21 Q -291.342498527 0
21 R -293.380884496 0
21 S -292.730410737 0
21 T -296.051352712 1
21 V -297.560896826 0
21 W -294.897615143 0
21 Y -292.583499535 0
22 A -299.132715353 0
22 C -300.205471962 1
22 D -298.518694029 0
22 E -292.306626141 0
22 F -264.94815732 0
22 G -293.565064678 0
22 H -281.567580574 0
22 I -298.922284172 0
22 K -284.475418817 0
22 L -304.082987041 0
22 M -265.69261965 0
22 N -300.979919688 0
22 P -197.566452699 0
22 Q -299.021863877 0
22 R -242.638444416 0
22 S -298.214560936 0
22 T -295.960275477 0
22 V -299.332615432 0
22 W -124.466247258 0
22 Y -255.66051433 0
23 A -292.01800136 0
23 C -291.446681542 0
23 D -291.376915989 0
23 E -292.875351381 0
23 F -235.097428845 0
23 G -285.267574935 0
23 H -247.945193981 0
23 I -296.828436874 0
23 K -291.470132234 0
23 L -287.276993429 0
23 M -289.069547221 0
23 N -291.440220712 0
23 P -122.267976739 0
23 Q -292.346877357 0
23 R -289.691939864 0
23 S -292.067801917 0
23 T -293.448029782 0
23 V -298.31963255 1
23 W -215.990162073 0
23 Y -224.192513066 0
24 A -292.426543362 0
24 C -293.517829838 0
24 D -288.610539008 0
24 E -292.049389785 0
24 F -220.281813074 0
24 G -287.991885797 0
24 H -280.422091354 0
24 I -293.034877616 0
24 K -273.63938998 0
24 L -278.468472144 0
24 M -280.313548514 0
24 N -290.497915197 0
24 P -249.503251764 0
24 Q -293.240442335 0
24 R -277.65204023 0
24 S -292.036065379 0
24 T -295.31488429 0
24 V -299.318806684 1
24 W -264.595344509 0
24 Y -213.92629539 0
25 A -292.825183297 0
25 C -291.435376824 0
25 D -293.412072105 0
25 E -293.336394443 0
25 F -293.059069311 0
25 G -288.979395763 0
25 H -296.935302176 1
25 I -288.942472439 0
25 K -293.725448923 0
25 L -297.370019505 0
25 M -292.376605154 0
25 N -294.954272738 0
25 P -264.888180379 0
25 Q -294.505114859 0
25 R -293.181356685 0
25 S -291.804702139 0
25 T -290.891145578 0
25 V -290.841685685 0
25 W -292.01524112 0
25 Y -291.936758856 0
26 A -288.896741493 0
26 C -286.346173905 0
26 D -285.872046921 0
26 E -286.419344553 0
26 F -294.107151681 0
26 G -283.657977998 0
26 H -290.640418614 0
26 I -273.08992501 0
26 K -286.099521208 0
26 L -273.11528448 0
26 M -289.908787156 0
26 N -287.131085503 0
26 P -260.586914707 0
26 Q -286.524825591 0
26 R -287.390165998 0
26 S -288.2662022 0
26 T -287.945651704 0
26 V -288.133568885 0
26 W -291.525226533 0
26 Y -296.469396596 1
27 A -292.032427149 0
27 C -292.196428356 0
27 D -292.599070968 0
27 E -293.536864902 0
27 F -261.464795633 0
27 G -287.90640534 0
27 H -285.113305018 0
27 I -298.015682761 0
27 K -293.451623299 0
27 L -293.06035424 0
27 M -293.565092053 0
27 N -291.624894029 0
27 P -247.509784987 0
27 Q -293.047502182 0
27 R -293.65852316 0
27 S -291.43694172 0
27 T -293.933522848 1
27 V -297.30623561 0
27 W -278.471260372 0
27 Y -249.892871985 0
28 A -300.322480661 0
28 C -293.648364943 0
28 D -291.805671561 0
28 E -289.388573137 0
28 F -280.685402833 0
28 G -298.927894226 1
28 H -285.932823852 0
28 I -291.436508061 0
28 K -289.709793313 0
28 L -281.310681147 0
28 M -288.782640103 0
28 N -292.986322764 0
28 P -205.886773263 0
28 Q -289.060560374 0
28 R -290.347400954 0
28 S -292.271553097 0
28 T -284.826703727 0
28 V -281.514055175 0
28 W -287.92337153 0
28 Y -275.459684982 0
29 A -300.752847007 0
29 C -299.779235314 0
29 D -296.598575393 0
29 E -301.891160337 0
29 F -259.718800295 0
29 G -296.604734496 0
29 H -287.282714917 0
29 I -299.807956205 0
29 K -303.024171426 0
29 L -300.392717829 0
29 M -305.77380032 1
29 N -298.239911672 0
29 P -233.782733896 0
29 Q -303.054164701 0
29 R -304.894710119 0
29 S -298.873317272 0
29 T -300.431969224 0
29 V -296.686196207 0
29 W -272.967708046 0
29 Y -252.959862101 0
30 A -298.138589734 0
30 C -296.961398798 0
30 D -298.560763037 0
30 E -298.032040781 0
30 F -294.170430949 0
30 G -298.733477882 0
30 H -299.729014526 0
30 I -293.542770841 0
30 K -294.638682142 0
30 L -302.639775129 1
30 M -299.033058455 0
30 N -299.981512921 0
30 P -136.365279441 0
30 Q -298.25543421 0
30 R -295.313562573 0
30 S -298.856389488 0
30 T -298.19556872 0
30 V -293.05374972 0
30 W -278.092745092 0
30 Y -294.601505367 0
31 A -300.281352175 0
31 C -297.416177044 0
31 D -300.942279014 0
31 E -302.269401899 1
31 F -299.576400127 0
31 G -299.415773841 0
31 H -302.517333974 0
31 I -299.981778873 0
31 K -301.331085431 0
31 L -299.887511512 0
31 M -302.699538589 0
31 N -299.679200204 0
31 P -300.692477152 0
31 Q -300.136797547 0
31 R -300.240474331 0
31 S -302.115174898 0
31 T -301.781723315 0
31 V -300.119549638 0
31 W -301.451041251 0
31 Y -299.584501254 0
32 A -296.793600483 0
32 C -295.567897343 0
32 D -302.355007922 1
32 E -297.397836378 0
32 F -297.010660978 0
32 G -297.010669629 0
32 H -297.994272035 0
32 I -294.446106141 0
32 K -298.51390508 0
32 L -298.453248554 0
32 M -297.259668008 0
32 N -300.90382053 0
32 P -281.042238692 0
32 Q -295.409135438 0
32 R -297.852365526 0
32 S -298.82660097 0
32 T -298.782095092 0
32 V -296.697058606 0
32 W -296.706356173 0
32 Y -296.947003601 0
33 A -295.201176559 0
33 C -290.974203459 0
33 D -295.691632004 0
33 E -298.977957109 0
33 F -295.734246496 0
33 G -303.46848239 1
33 H -297.050369923 0
33 I -277.177745187 0
33 K -297.229133928 0
33 L -296.343326337 0
33 M -293.76480043 0
33 N -297.413093138 0
33 P -242.859390953 0
33 Q -298.589704331 0
33 R -296.771169828 0
33 S -296.747812248 0
33 T -285.817644686 0
33 V -277.196267916 0
33 W -296.817791271 0
33 Y -295.332573581 0
34 A -301.151289702 0
34 C -299.833217956 0
34 D -300.244484306 0
34 E -301.350607884 0
34 F -301.036215092 0
34 G -299.722001411 0
34 H -301.98726105 0
34 I -301.748446705 0
34 K -302.461304646 1
34 L -302.169695516 0
34 M -301.129072741 0
34 N -300.950113247 0
34 P -281.151437304 0
34 Q -301.615966349 0
34 R -301.896381078 0
34 S -301.680670936 0
34 T -301.998299865 0
34 V -301.901721885 0
34 W -300.812299536 0
34 Y -301.123684925 0
35 A -294.196719748 0
35 C -294.172748325 0
35 D -291.623695014 0
35 E -296.060346236 0
35 F -283.943487638 0
35 G -292.492305231 0
35 H -288.938213283 0
35 I -298.666208064 0
35 K -299.303398449 1
35 L -293.9857232 0
35 M -295.082685294 0
35 N -293.158550304 0
35 P -295.71863999 0
35 Q -296.642937067 0
35 R -296.299467228 0
35 S -295.023480588 0
35 T -296.444958187 0
35 V -298.44577509 0
35 W -293.093884773 0
35 Y -282.364906955 0
36 A -287.79367161 0
36 C -288.117892991 0
36 D -287.253437016 0
36 E -289.353495604 0
36 F -298.96617249 1
36 G -283.135517173 0
36 H -292.438559614 0
36 I -294.213659722 0
36 K -290.057072801 0
36 L -289.76250279 0
36 M -289.724817516 0
36 N -289.394835304 0
36 P -165.339425526 0
36 Q -290.3908445 0
36 R -290.680194454 0
36 S -289.960094342 0
36 T -292.991201785 0
36 V -293.461088146 0
36 W -293.358794915 0
36 Y -294.339760556 0
37 A -287.310839443 0
37 C -283.735941975 0
37 D -293.453348158 1
37 E -287.504478148 0
37 F -262.521578053 0
37 G -284.473900231 0
37 H -284.942956955 0
37 I -287.095285773 0
37 K -277.461961998 0
37 L -282.102204823 0
37 M -284.667219021 0
37 N -287.863848744 0
37 P -220.423053199 0
37 Q -284.588371422 0
37 R -284.623958277 0
37 S -287.57416447 0
37 T -288.418403012 0
37 V -286.361822139 0
37 W -285.491105245 0
37 Y -259.207611828 0
38 A -294.354975553 0
38 C -289.475538753 0
38 D -285.923917889 0
38 E -280.524485811 0
38 F -177.071698073 0
38 G -290.260389642 0
38 H -216.81233735 0
38 I -276.448432493 0
38 K -275.192647548 0
38 L -242.487268812 0
38 M -279.158606244 0
38 N -287.982784623 0
38 P -269.813117802 0
38 Q -281.577653093 0
38 R -279.695705323 0
38 S -294.758151779 1
38 T -281.135137528 0
38 V -276.425177846 0
38 W -169.701599296 0
38 Y -144.67891569 0
39 A -295.099475727 0
39 C -258.860223408 0
39 D -233.177628232 0
39 E -286.618263959 0
39 F -270.941377054 0
39 G -291.207233779 0
39 H -262.67763937 0
39 I -187.951362373 0
39 K -190.980341217 0
39 L -286.30932684 0
39 M -212.30309113 0
39 N -243.279125516 0
39 P -202.745174708 0
39 Q -284.241165194 0
39 R -203.844709829 0
39 S -296.773744866 1
39 T -251.055439297 0
39 V -251.965517373 0
39 W -280.848683785 0
39 Y -271.097683001 0
40 A -293.309128116 0
40 C -290.883039674 0
40 D -290.398026969 0
40 E -297.167114753 0
40 F -291.217548953 0
40 G -291.654848327 0
40 H -292.072928126 0
40 I -294.233512479 0
40 K -292.622224461 0
40 L -293.246419007 0
40 M -296.029274563 0
40 N -291.155339892 0
40 P -264.446672754 0
40 Q -294.979642012 0
40 R -297.686567593 1
40 S -292.632386087 0
40 T -292.758533184 0
40 V -293.530962188 0
40 W -292.996143232 0
40 Y -291.131047106 0
41 A -289.432530782 0
41 C -286.32553015 0
41 D -293.691663453 1
41 E -289.609287049 0
41 F -285.307874041 0
41 G -286.935582583 0
41 H -287.192933959 0
41 I -284.204541196 0
41 K -287.60194172 0
41 L -287.368477711 0
41 M -288.332603249 0
41 N -286.90682752 0
41 P -228.724725989 0
41 Q -287.024181347 0
41 R -288.190649471 0
41 S -289.285099654 0
41 T -285.679714633 0
41 V -285.234953762 0
41 W -285.686157995 0
41 Y -285.465996363 0
42 A -289.72336186 0
42 C -288.430275944 0
42 D -289.819328683 0
42 E -290.652894321 0
42 F -289.236882637 0
42 G -289.197638306 0
42 H -291.14246932 0
42 I -285.504598008 0
42 K -291.905687845 0
42 L -291.559049035 0
42 M -290.634427966 0
42 N -290.915990143 0
42 P -183.784165626 0
42 Q -290.552601875 0
42 R -294.562487444 1
42 S -290.216148052 0
42 T -289.014398134 0
42 V -286.342756516 0
42 W -288.47325053 0
42 Y -289.059306492 0
43 A -291.649214164 0
43 C -290.094900298 0
43 D -293.467641501 0
43 E -292.898545057 0
43 F -291.400626633 0
43 G -292.43758191 0
43 H -293.484735304 0
43 I -264.039618851 0
43 K -293.9436493 0
43 L -292.106322612 0
43 M -290.86460234 0
43 N -294.699054648 1
43 P -211.97717427 0
43 Q -291.917532326 0
43 R -293.34435304 0
43 S -291.926813949 0
43 T -287.167096424 0
43 V -278.87374422 0
43 W -290.233109004 0
43 Y -291.473848224 0
44 A -293.563351686 0
44 C -290.443740677 0
44 D -295.048710499 0
44 E -294.921327283 0
44 F -294.185030551 0
44 G -285.51716906 0
44 H -295.22502962 0
44 I -294.363820801 0
44 K -294.725800746 1
44 L -293.909201515 0
44 M -292.464060849 0
44 N -296.396452784 0
44 P 20.0448997196 0
44 Q -294.502043214 0
44 R -296.205110284 0
44 S -295.199094618 0
44 T -294.379775053 0
44 V -294.249210464 0
44 W -289.085695305 0
44 Y -293.813578303 0
45 A -293.809212461 0
45 C -289.916997487 0
45 D -290.352809552 0
45 E -293.636713524 0
45 F -287.897407425 0
45 G -290.278638997 0
45 H -286.702832609 0
45 I -283.886483247 0
45 K -286.948705748 0
45 L -284.220591919 0
45 M -284.533122723 0
45 N -290.010142377 0
45 P -294.463281172 1
45 Q -291.377659423 0
45 R -290.66506108 0
45 S -292.941876947 0
45 T -292.950520722 0
45 V -292.52546629 0
45 W -287.433611153 0
45 Y -288.131747848 0
46 A -288.612203169 0
46 C -287.934390421 0
46 D -289.004938237 0
46 E -290.404649838 0
46 F -295.340303336 1
46 G -285.489114579 0
46 H -292.700744062 0
46 I -284.098367367 0
46 K -291.79646434 0
46 L -292.620313983 0
46 M -293.159116072 0
46 N -289.252600053 0
46 P -226.025027542 0
46 Q -290.072438612 0
46 R -290.727672735 0
46 S -289.654918371 0
46 T -290.251716039 0
46 V -284.40507125 0
46 W -291.587738636 0
46 Y -294.12000467 0
47 A -289.425161467 0
47 C -289.631454726 0
47 D -287.251795827 0
47 E -294.313170009 0
47 F -288.426840805 0
47 G -286.379514936 0
47 H -291.117114598 0
47 I -291.554104306 0
47 K -296.843897728 1
47 L -292.855720833 0
47 M -293.143254273 0
47 N -289.987064885 0
47 P -280.754891673 0
47 Q -292.209380816 0
47 R -291.944647282 0
47 S -289.759533689 0
47 T -292.094290254 0
47 V -291.791567178 0
47 W -288.15741624 0
47 Y -288.869385748 0
48 A -286.196845157 0
48 C -286.024249435 0
48 D -283.071059873 0
48 E -281.391967312 0
48 F -298.115095521 1
48 G -283.055487122 0
48 H -292.004313972 0
48 I -282.915595496 0
48 K -272.116097427 0
48 L -232.76389555 0
48 M -289.778321949 0
48 N -285.445202778 0
48 P -256.148671044 0
48 Q -282.953649438 0
48 R -271.148905287 0
48 S -286.598700438 0
48 T -286.042162829 0
48 V -280.927976722 0
48 W -295.748954094 0
48 Y -291.955615015 0
49 A -297.707993581 0
49 C -296.796863774 0
49 D -295.15709806 0
49 E -298.880370655 0
49 F -293.369723201 0
49 G -294.34506374 0
49 H -294.418726149 0
49 I -299.670720323 0
49 K -296.982942798 0
49 L -298.123334834 0
49 M -298.647583308 1
49 N -295.396986449 0
49 P -276.569284699 0
49 Q -298.352549833 0
49 R -297.909858887 0
49 S -296.54848637 0
49 T -298.066581299 0
49 V -300.523125229 0
49 W -295.528545662 0
49 Y -291.376668226 0
50 A -293.310356143 0
50 C -292.444581463 0
50 D -293.060938818 0
50 E -292.63931825 0
50 F -294.454069564 0
50 G -292.046733094 0
50 H -300.877542109 0
50 I -293.579190774 0
50 K -291.305637141 0
50 L -299.583982105 1
50 M -295.564725493 0
50 N -294.037154556 0
50 P -290.929031376 0
50 Q -293.321852052 0
50 R -296.618553509 0
50 S -293.738450001 0
50 T -290.572660724 0
50 V -292.393033067 0
50 W -292.366439824 0
50 Y -275.953852713 0
51 A -290.312867626 0
51 C -284.27673573 0
51 D -290.192202415 0
51 E -174.937803283 0
51 F -51.5364730021 0
51 G -298.952550551 1
51 H -215.669425907 0
51 I -241.628102914 0
51 K -284.652142963 0
51 L -239.232950052 0
51 M -285.116987838 0
51 N -291.188297092 0
51 P -243.7322148 0
51 Q -97.8478686978 0
51 R -286.685702752 0
51 S -287.861064104 0
51 T -273.35110731 0
51 V -252.825175507 0
51 W -157.955175916 0
51 Y -58.5865816931 0
52 A -295.012472569 0
52 C -294.511204883 0
52 D -295.034607737 0
52 E -295.760768502 0
52 F -299.495471056 0
52 G -294.646518335 0
52 H -298.699562511 0
52 I -289.07555274 0
52 K -297.686462038 1
52 L -298.027931543 0
52 M -296.397655101 0
52 N -297.105311231 0
52 P -239.842211538 0
52 Q -297.100361862 0
52 R -297.604019376 0
52 S -295.545595323 0
52 T -296.110428255 0
52 V -272.388328496 0
52 W -295.68358496 0
52 Y -298.720208198 0
53 A -293.937053396 0
53 C -292.505783451 0
53 D -301.398797482 0
53 E -295.647648833 0
53 F -298.705964356 0
53 G -295.28416564 0
53 H -300.597069124 0
53 I -266.589091462 0
53 K -296.493983911 0
53 L -298.861037961 0
53 M -298.367670413 0
53 N -301.861642741 0
53 P -258.733314004 0
53 Q -294.359560762 1
53 R -295.678799745 0
53 S -295.006137135 0
53 T -289.194482869 0
53 V -280.729029393 0
53 W -298.27657101 0
53 Y -298.255824399 0
54 A -290.712453708 0
54 C -289.005660272 0
54 D -290.381017079 0
54 E -294.644385632 1
54 F -288.979501223 0
54 G -289.289936229 0
54 H -288.499018356 0
54 I -290.11042865 0
54 K -291.685805694 0
54 L -293.538109479 0
54 M -292.021476802 0
54 N -289.968067278 0
54 P -263.759589485 0
54 Q -293.96983714 0
54 R -289.925230477 0
54 S -294.801760231 0
54 T -294.906072123 0
54 V -289.325836576 0
54 W -290.082659553 0
54 Y -286.83299599 0
55 A -292.285986894 0
55 C -292.960421827 0
55 D -289.511185745 0
55 E -290.205858864 0
55 F -68.1333296425 0
55 G -289.655526236 0
55 H -276.75670716 0
55 I -299.816129674 0
55 K -289.19552499 0
55 L -286.61860392 0
55 M -295.43005041 0
55 N -292.223395921 0
55 P -264.085206336 0
55 Q -292.933925466 0
55 R -292.668313442 0
55 S -292.418313956 0
55 T -296.376591145 0
55 V -299.869413492 1
55 W -175.801521628 0
55 Y -2.25685782777 0
56 A -296.131933325 0
56 C -294.195625169 0
56 D -294.299444453 0
56 E -295.810295712 0
56 F -251.496260063 0
56 G -293.475265089 0
56 H -287.214382618 0
56 I -300.105495557 1
56 K -293.770755053 0
56 L -295.933510865 0
56 M -299.507073045 0
56 N -295.001080827 0
56 P -298.911438392 0
56 Q -294.970285782 0
56 R -296.391300898 0
56 S -296.287974576 0
56 T -295.708422159 0
56 V -297.003922073 0
56 W -292.627972108 0
56 Y -254.970455001 0
57 A -297.926672661 0
57 C -293.820322204 0
57 D -297.827420345 0
57 E -300.055705784 0
57 F -295.603693836 0
57 G -295.484868075 0
57 H -296.782297981 0
57 I -296.082076007 0
57 K -298.274420595 0
57 L -298.214451863 0
57 M -297.2895753 0
57 N -296.806455728 0
57 P -297.136416011 0
57 Q -296.535087629 0
57 R -298.17942488 1
57 S -297.162160361 0
57 T -297.236124847 0
57 V -296.341946146 0
57 W -297.555480214 0
57 Y -296.226696424 0
58 A -287.473058978 0
58 C -272.491024286 0
58 D -261.745424187 0
58 E -227.129742401 0
58 F 62.0511956307 0
58 G -299.546345426 1
58 H -140.915506206 0
58 I -198.569589475 0
58 K -63.9162241512 0
58 L -165.054338809 0
58 M -164.578128056 0
58 N -237.547946716 0
58 P -95.7280557148 0
58 Q -153.589864256 0
58 R 41.1711482305 0
58 S -278.343197756 0
58 T -266.738671708 0
58 V -243.953142848 0
58 W 280.517317923 0
58 Y 64.4992621666 0
59 A -292.440488239 0
59 C -290.623536563 0
59 D -293.140026098 0
59 E -292.219456832 0
59 F -289.652220452 0
59 G -288.958557735 0
59 H -294.105940127 0
59 I -295.400096749 0
59 K -293.870845818 0
59 L -296.682823244 0
59 M -295.638291048 0
59 N -293.22500662 0
59 P -244.804094319 0
59 Q -292.858349401 0
59 R -294.07943667 0
59 S -291.347689375 0
59 T -291.69475461 0
59 V -296.203337937 0
59 W -299.974324939 1
59 Y -271.068468124 0
60 A -296.238563984 0
60 C -295.257912622 0
60 D -297.122177153 0
60 E -304.670093308 1
60 F -297.223224712 0
60 G -293.880206759 0
60 H -301.088803117 0
60 I -296.728123324 0
60 K -295.343576116 0
60 L -297.31283924 0
60 M -297.190904522 0
60 N -295.36715883 0
60 P -143.407984473 0
60 Q -299.254642662 0
60 R -293.474677087 0
60 S -295.993810654 0
60 T -295.683789415 0
60 V -297.101910465 0
60 W -297.779717712 0
60 Y -297.5713545 0
61 A -294.873381563 0
61 C -293.238357134 0
61 D -297.439184437 0
61 E -298.651791403 1
61 F -290.294370516 0
61 G -295.016009426 0
61 H -294.883414316 0
61 I -295.276584325 0
61 K -296.676675614 0
61 L -296.557376383 0
61 M -294.743255605 0
61 N -296.590982439 0
61 P -146.476134493 0
61 Q -296.452781028 0
61 R -296.663086599 0
61 S -295.697227871 0
61 T -296.096934253 0
61 V -296.422311262 0
61 W -293.903195787 0
61 Y -288.95702492 0
62 A -293.004671799 0
62 C -200.752367171 0
62 D -242.149956396 0
62 E -269.291027279 0
62 F -164.807843635 0
62 G -298.80304057 1
62 H -249.608013494 0
62 I -184.812518053 0
62 K -141.180024695 0
62 L -267.830842576 0
62 M -148.960195233 0
62 N -237.076178583 0
62 P 107.550339354 0
62 Q -271.266453724 0
62 R -237.987279433 0
62 S -280.873332498 0
62 T -207.763946999 0
62 V -207.481898634 0
62 W -256.355977126 0
62 Y -153.554701771 0
63 A -296.546929907 0
63 C -296.115855654 0
63 D -295.419077868 0
63 E -298.013782432 0
63 F -290.888879385 0
63 G -293.585252523 0
63 H -292.801407532 0
63 I -300.49737487 0
63 K -285.21942723 0
63 L -297.944768281 0
63 M -300.001795037 0
63 N -296.303856018 0
63 P -106.541699685 0
63 Q -297.774669502 0
63 R -282.951018209 0
63 S -294.963404508 0
63 T -297.55227961 0
63 V -300.991533899 1
63 W -222.731899329 0
63 Y -288.513242606 0
64 A -300.56482384 1
64 C -292.728698485 0
64 D -297.627013397 0
64 E -299.294156908 0
64 F -298.649015318 0
64 G -298.148216208 0
64 H -301.26336153 0
64 I -285.249755432 0
64 K -301.96640592 0
64 L -301.488446204 0
64 M -299.809576962 0
64 N -299.334846544 0
64 P -176.937051278 0
64 Q -296.835358738 0
64 R -297.571246888 0
64 S -299.836006599 0
64 T -298.585886865 0
64 V -280.058274588 0
64 W -299.731935835 0
64 Y -299.34309578 0
65 A -294.950652916 0
65 C -293.67032885 0
65 D -293.998059068 0
65 E -295.477192093 0
65 F -293.599379283 0
65 G -294.008669192 0
65 H -294.913793874 0
65 I -289.404867605 0
65 K -296.635630926 0
65 L -296.909630266 0
65 M -295.428112809 0
65 N -295.909071697 0
65 P -178.279835152 0
65 Q -297.081472784 1
65 R -297.990453202 0
65 S -294.924830811 0
65 T -293.645639148 0
65 V -289.890191822 0
65 W -293.649242269 0
65 Y -293.603113767 0
66 A -285.750032842 0
66 C -286.800107766 0
66 D -284.322534149 0
66 E -289.204918123 0
66 F -265.632302564 0
66 G -282.897452529 0
66 H -286.05836423 0
66 I -283.092985176 0
66 K -284.526556801 0
66 L -292.672596292 0
66 M -296.514276552 1
66 N -287.086289303 0
66 P -172.020700903 0
66 Q -290.654117771 0
66 R -279.801677789 0
66 S -284.641808511 0
66 T -285.463565038 0
66 V -282.123490896 0
66 W -265.153779657 0
66 Y -274.406631569 0
67 A -298.7970704 0
67 C -274.299912654 0
67 D -275.34608521 0
67 E -216.898664963 0
67 F 606.293258568 0
67 G -294.977801418 0
67 H 138.267256016 0
67 I -129.813951666 0
67 K -274.752791847 0
67 L 108.403531304 0
67 M -201.961429239 0
67 N -209.265604271 0
67 P -276.526240154 0
67 Q -168.3583594 0
67 R -249.021362233 0
67 S -297.363327423 1
67 T -255.745951826 0
67 V -263.531253522 0
67 W 299.36659203 0
67 Y 730.363672521 0
68 A -294.400573505 0
68 C -294.883893016 0
68 D -293.669489185 0
68 E -295.050980871 0
68 F -155.954450812 0
68 G -289.392758913 0
68 H -278.701252122 0
68 I -293.535074866 0
68 K -294.42096648 0
68 L -293.102697841 0
68 M -294.793221548 0
68 N -294.633222709 0
68 P -213.629609791 0
68 Q -294.719523893 0
68 R -295.819720268 0
68 S -294.016160704 0
68 T -295.468314604 0
68 V -299.029310299 1
68 W -257.36440671 0
68 Y -176.194377815 0
69 A -289.785216211 0
69 C -284.933434904 0
69 D -288.025490532 0
69 E -286.925350973 0
69 F -290.855144712 0
69 G -298.741317251 1
69 H -292.036065753 0
69 I -277.86494779 0
69 K -289.38701012 0
69 L -285.881147786 0
69 M -286.297902379 0
69 N -292.047683149 0
69 P -180.709984764 0
69 Q -286.730304434 0
69 R -292.130301703 0
69 S -289.985213486 0
69 T -287.367597247 0
69 V -278.537510721 0
69 W -287.286239052 0
69 Y -289.683761371 0
70 A -292.648639558 0
70 C -292.122569839 0
70 D -288.90309744 0
70 E -295.335060377 0
70 F -228.488888923 0
70 G -289.237126345 0
70 H -267.613438777 0
70 I -286.70562676 0
70 K -290.351777476 0
70 L -292.654921817 0
70 M -293.782553811 0
70 N -289.95104761 0
70 P 43.9946158879 0
70 Q -296.826133652 1
70 R -292.762267596 0
70 S -289.98636971 0
70 T -285.72506794 0
70 V -282.01550832 0
70 W -220.036679322 0
70 Y -227.657441911 0
71 A -292.985083453 0
71 C -292.669107107 0
71 D -291.546061102 0
71 E -295.016067964 0
71 F -288.486651797 0
71 G -287.861223302 0
71 H -288.004116576 0
71 I -293.063515051 0
71 K -295.699615477 0
71 L -293.225060032 0
71 M -293.633835776 0
71 N -292.598613555 0
71 P -236.242561175 0
71 Q -296.624626691 0
71 R -300.515541745 1
71 S -292.983742404 0
71 T -294.295243704 0
71 V -295.639135979 0
71 W -286.804980263 0
71 Y -283.168541061 0
72 A -300.46745342 1
72 C -297.141465511 0
72 D -289.543087738 0
72 E -285.9905402 0
72 F -274.853090068 0
72 G -294.770717189 0
72 H -280.234976819 0
72 I -252.16321607 0
72 K -282.511142333 0
72 L -274.00382787 0
72 M -268.138390269 0
72 N -290.894210947 0
72 P -250.185471613 0
72 Q -289.434964993 0
72 R -269.929763404 0
72 S -298.220706682 0
72 T -294.088745633 0
72 V -277.190496135 0
72 W -190.864683248 0
72 Y -270.880692627 0
73 A -298.871243562 0
73 C -296.31002193 0
73 D -297.54635112 0
73 E -299.779029315 0
73 F -297.127042664 0
73 G -294.701318719 0
73 H -296.481841503 0
73 I -300.909018 0
73 K -298.843178116 1
73 L -300.845311939 0
73 M -298.318668832 0
73 N -299.153946481 0
73 P -223.527914256 0
73 Q -297.827423617 0
73 R -298.73748535 0
73 S -297.842623645 0
73 T -298.808944838 0
73 V -300.59999403 0
73 W -295.944418426 0
73 Y -296.226355049 0
74 A -288.368333207 0
74 C -287.773352244 0
74 D -288.43263275 0
74 E -288.931783246 0
74 F -286.102370498 0
74 G -281.95801417 0
74 H -291.224339889 0
74 I -291.498717289 0
74 K -282.334689613 0
74 L -298.100909981 1
74 M -288.740141287 0
74 N -290.162275628 0
74 P -194.831016216 0
74 Q -290.416431121 0
74 R -264.03528173 0
74 S -287.172725036 0
74 T -286.426293125 0
74 V -290.100282533 0
74 W -283.250989627 0
74 Y -265.352083676 0
75 A -299.379937814 0
75 C -298.707393006 0
75 D -300.182823531 0
75 E -301.520348769 0
75 F -304.619841374 0
75 G -292.880565321 0
75 H -303.777176195 0
75 I -305.867313556 0
75 K -302.18251373 0
75 L -303.906455783 0
75 M -301.003878702 0
75 N -302.708695511 0
75 P -242.360606584 0
75 Q -300.756014527 0
75 R -302.54829777 0
75 S -300.427962998 0
75 T -301.526798414 1
75 V -304.191197309 0
75 W -300.082078847 0
75 Y -304.916418087 0
76 A -282.903262538 0
76 C -284.852127552 0
76 D -282.284314791 0
76 E -283.54287279 0
76 F -249.380675186 0
76 G -277.462087626 0
76 H -279.318780201 0
76 I -295.055729745 1
76 K -268.182107047 0
76 L -284.961145102 0
76 M -279.113282345 0
76 N -284.414743921 0
76 P -183.981357173 0
76 Q -285.759739506 0
76 R -249.683726012 0
76 S -282.446357431 0
76 T -286.402312324 0
76 V -291.823552695 0
76 W -233.600160843 0
76 Y -129.197028025 0
77 A -291.556810036 0
77 C -287.124295806 0
77 D -292.68448456 0
77 E -292.021783889 0
77 F -288.662986089 0
77 G -291.389496394 0
77 H -290.93004948 0
77 I -282.576498395 0
77 K -291.835997574 0
77 L -289.700476428 0
77 M -291.375626693 0
77 N -288.988799917 0
77 P -98.9387047665 0
77 Q -291.539637475 0
77 R -290.953268089 0
77 S -294.423689031 1
77 T -293.838923972 0
77 V -283.12983089 0
77 W -289.110734288 0
77 Y -287.982365393 0
78 A -293.288036378 0
78 C -289.059940703 0
78 D -291.639945667 0
78 E -292.08706523 0
78 F -284.673176148 0
78 G -290.098590378 0
78 H -293.089255029 0
78 I -273.878352655 0
78 K -292.1645173 0
78 L -288.364901608 0
78 M -288.296077025 0
78 N -289.83629989 0
78 P -294.46638168 1
78 Q -290.095046838 0
78 R -290.872729815 0
78 S -292.401557837 0
78 T -285.981667668 0
78 V -274.177787918 0
78 W -290.587787805 0
78 Y -289.223155711 0
79 A -288.702743536 0
79 C -286.008778427 0
79 D -293.748317201 1
79 E -291.641575043 0
79 F -286.868126663 0
79 G -287.853066257 0
79 H -288.680835698 0
79 I -285.434044476 0
79 K -289.483758941 0
79 L -289.33533194 0
79 M -288.573174487 0
79 N -289.241232516 0
79 P -273.834284458 0
79 Q -289.340768523 0
79 R -288.574111408 0
79 S -290.387181258 0
79 T -289.409456387 0
79 V -286.027646695 0
79 W -287.564314604 0
79 Y -286.833768857 0
80 A -297.262384763 0
80 C -295.823315149 0
80 D -296.682052585 0
80 E -296.852253951 0
80 F -299.66726829 0
80 G -295.068639428 0
80 H -296.318634459 0
80 I -216.026470861 0
80 K -297.566442663 0
80 L -298.962509178 0
80 M -299.464901041 0
80 N -297.348516137 0
80 P -145.965964913 0
80 Q -299.265854762 0
80 R -297.463708637 0
80 S -295.287036336 0
80 T -293.78421569 0
80 V -221.374233913 0
80 W -289.738633197 0
80 Y -301.404424603 1
81 A -298.353395225 1
81 C -288.610750141 0
81 D -268.625072796 0
81 E -229.453844165 0
81 F -277.531658033 0
81 G -302.36601248 0
81 H 37.9739056676 0
81 I -212.155795102 0
81 K -212.411253769 0
81 L -281.095775 0
81 M -206.298564884 0
81 N -267.935849527 0
81 P -205.474513259 0
81 Q -218.67552015 0
81 R -4.83470909353 0
81 S -302.440144819 0
81 T -273.08324797 0
81 V -264.862973884 0
81 W 380.469387029 0
81 Y -278.782784049 0
82 A -289.945997147 0
82 C -289.783514094 0
82 D -291.701595269 0
82 E -291.080969748 0
82 F -296.398250081 0
82 G -288.938334574 0
82 H -294.761102432 0
82 I -254.659197943 0
82 K -292.353202179 0
82 L -290.110442355 0
82 M -292.90603237 0
82 N -292.839046454 0
82 P -276.195631555 0
82 Q -290.827794544 0
82 R -292.516232498 0
82 S -289.891214639 0
82 T -291.7734964 0
82 V -289.854228903 0
82 W -295.122965066 0
82 Y -296.201015684 1
83 A -289.737797459 0
83 C -278.552855592 0
83 D -291.668545447 0
83 E -280.238137629 0
83 F -274.464452582 0
83 G -294.356924206 1
83 H -278.933678067 0
83 I -270.845122505 0
83 K -290.130873657 0
83 L -206.838669017 0
83 M -278.184094044 0
83 N -285.499141651 0
83 P -238.241360362 0
83 Q -287.827525718 0
83 R -279.96612595 0
83 S -293.409297302 0
83 T -277.699290433 0
83 V -269.7958242 0
83 W -277.422468692 0
83 Y -272.249599039 0
84 A -293.493936825 1
84 C -291.091703681 0
84 D -295.723501001 0
84 E -296.030585108 0
84 F -293.785063286 0
84 G -292.890750611 0
84 H -296.758018004 0
84 I -290.41226453 0
84 K -294.088162998 0
84 L -287.076816576 0
84 M -291.946889513 0
84 N -293.83856133 0
84 P -291.599715855 0
84 Q -293.667201693 0
84 R -293.209071388 0
84 S -295.389805922 0
84 T -286.967640136 0
84 V -290.30851395 0
84 W -295.098898141 0
84 Y -293.663410399 0
85 A -292.968273868 0
85 C -290.828869094 0
85 D -295.733662266 0
85 E -295.019543752 0
85 F -292.721318067 0
85 G -292.010241195 0
85 H -294.725328983 0
85 I -294.822019784 0
85 K -295.286062683 0
85 L -295.232197005 0
85 M -293.030530604 0
85 N -294.403575714 0
85 P -262.410320818 0
85 Q -293.507463702 0
85 R -295.467456453 0
85 S -294.024746245 0
85 T -294.401371159 1
85 V -294.731195824 0
85 W -292.300629955 0
85 Y -293.108215463 0
86 A -186.668743647 0
86 C 745.839719272 0
86 D 714.884660557 0
86 E 1187.69095796 0
86 F 2699.20069581 0
86 G -296.961074902 1
86 H 2202.6645214 0
86 I 452.980483213 0
86 K 1574.43719857 0
86 L 1633.91359551 0
86 M 1751.85217725 0
86 N 872.654234162 0
86 P -168.498737415 0
86 Q 1250.50473247 0
86 R -149.136515048 0
86 S -192.666401007 0
86 T 72.1977654537 0
86 V 447.245133464 0
86 W 2665.36736954 0
86 Y 2736.5836099 0
87 A -293.406138035 0
87 C -290.485288108 0
87 D -295.812543211 0
87 E -295.054370627 0
87 F -296.083846236 0
87 G -282.19826887 0
87 H -295.112422962 1
87 I -280.422549911 0
87 K -295.54235348 0
87 L -296.82695299 0
87 M -296.127386818 0
87 N -296.774134898 0
87 P -212.751909276 0
87 Q -296.198229911 0
87 R -296.64066313 0
87 S -294.573920918 0
87 T -294.292381023 0
87 V -298.341719577 0
87 W -292.358441511 0
87 Y -295.942137989 0
88 A -292.900165746 0
88 C -291.518687307 0
88 D -295.083236509 0
88 E -295.313256318 0
88 F -293.277325269 0
88 G -292.336566756 0
88 H -294.475888016 0
88 I -292.950626009 0
88 K -294.839056483 0
88 L -293.985613089 0
88 M -292.561539102 0
88 N -293.637327012 0
88 P -295.224768265 1
88 Q -292.749805864 0
88 R -293.791462372 0
88 S -294.545172765 0
88 T -294.08274322 0
88 V -292.984148648 0
88 W -293.217140226 0
88 Y -293.235621497 0
89 A -290.200527871 0
89 C -286.935919121 0
89 D -292.844089793 0
89 E -291.263955148 0
89 F -291.533009 0
89 G -295.967954864 1
89 H -292.707333914 0
89 I -274.79775798 0
89 K -292.640446714 0
89 L -291.115583656 0
89 M -289.834626425 0
89 N -293.573112208 0
89 P -198.197122453 0
89 Q -289.967318334 0
89 R -292.152091828 0
89 S -291.734274513 0
89 T -288.169860202 0
89 V -275.357612347 0
89 W -288.988708557 0
89 Y -290.73722053 0
90 A -292.663158571 0
90 C -292.606952389 0
90 D -291.670021528 0
90 E -294.8970305 0
90 F -291.597477891 0
90 G -288.872461441 0
90 H -294.487288293 0
90 I -297.502376417 1
90 K -296.048429452 0
90 L -291.670677041 0
90 M -292.947008854 0
90 N -292.625480094 0
90 P -131.812563521 0
90 Q -295.075566474 0
90 R -295.278061896 0
90 S -293.646550833 0
90 T -296.446847565 0
90 V -297.485748105 0
90 W -291.620441473 0
90 Y -292.369942999 0
91 A -284.984160522 0
91 C -284.370288146 0
91 D -285.110813683 0
91 E -286.874691102 0
91 F -271.495135023 0
91 G -277.813815911 0
91 H -279.870993143 0
91 I -298.221981088 1
91 K -279.92930788 0
91 L -294.8781262 0
91 M -284.370911346 0
91 N -289.272150554 0
91 P -223.937119017 0
91 Q -288.613884834 0
91 R -282.471375937 0
91 S -285.643837302 0
91 T -289.823851429 0
91 V -295.576373427 0
91 W -267.202570915 0
91 Y -116.109422553 0
92 A -288.58415932 0
92 C -288.738002219 0
92 D -289.319342198 0
92 E -293.448815578 0
92 F -289.703897123 0
92 G -288.995567026 0
92 H -294.299040433 0
92 I -289.297998513 0
92 K -292.269868254 0
92 L -291.987991761 0
92 M -290.858570303 0
92 N -290.972925493 0
92 P -297.002636611 1
92 Q -291.129361287 0
92 R -293.273922044 0
92 S -293.224179955 0
92 T -292.864997149 0
92 V -290.683439914 0
92 W -288.856408779 0
92 Y -289.583646751 0
93 A -289.456297165 0
93 C -285.03452486 0
93 D -267.758703047 0
93 E -288.122340394 0
93 F -129.753714139 0
93 G -286.654692973 0
93 H -235.200780123 0
93 I -278.144545147 0
93 K -286.259054213 0
93 L -149.995345998 0
93 M -285.984394207 0
93 N -268.315390646 0
93 P -292.882970422 1
93 Q -286.823896744 0
93 R -286.268114005 0
93 S -289.12000071 0
93 T -285.754042406 0
93 V -278.581803486 0
93 W -237.761027157 0
93 Y -283.360116299 0
94 A -288.694837386 0
94 C -288.03685329 0
94 D -291.890635176 0
94 E -290.703237626 0
94 F -292.53539718 0
94 G -290.199152742 0
94 H -293.1055862 1
94 I -257.8773598 0
94 K -291.663058094 0
94 L -291.126343957 0
94 M -289.900842112 0
94 N -293.080370504 0
94 P -220.424738698 0
94 Q -289.348076185 0
94 R -290.879598434 0
94 S -289.481906205 0
94 T -283.953049564 0
94 V -276.143252605 0
94 W -291.978273541 0
94 Y -292.02798893 0
95 A -296.718124651 1
95 C -295.222349691 0
95 D -292.318095415 0
95 E -294.150908823 0
95 F -143.308532463 0
95 G -290.011311624 0
95 H -269.360626232 0
95 I -288.032956857 0
95 K -290.23339654 0
95 L -291.800346235 0
95 M -296.599273552 0
95 N -293.887631791 0
95 P -257.374750599 0
95 Q -297.432807893 0
95 R -293.356235927 0
95 S -297.936936847 0
95 T -298.535339798 0
95 V -290.275682258 0
95 W -240.719879139 0
95 Y 15.1211783801 0
96 A -296.21114769 0
96 C -296.042482285 0
96 D -295.417217243 0
96 E -296.428333732 0
96 F -298.383071336 0
96 G -294.529405981 0
96 H -296.664443687 0
96 I -299.33773117 0
96 K -298.413658721 0
96 L -295.726040576 0
96 M -299.619207863 0
96 N -297.723721798 0
96 P -296.216766948 0
96 Q -297.811714462 0
96 R -298.71087805 0
96 S -297.178838532 0
96 T -299.250489276 1
96 V -299.250181494 0
96 W -295.607062403 0
96 Y -297.672980571 0
97 A -288.895726211 0
97 C -291.035285472 0
97 D -289.096447113 0
97 E -291.435052964 0
97 F -280.826677656 0
97 G -285.516777969 0
97 H -290.972343802 0
97 I -295.130519927 0
97 K -281.980775503 0
97 L -300.043470131 1
97 M -290.214380899 0
97 N -291.460174257 0
97 P -253.913222493 0
97 Q -290.220905959 0
97 R -278.375785032 0
97 S -288.922463872 0
97 T -291.757219114 0
97 V -292.289834521 0
97 W -202.289662457 0
97 Y -265.720193773 0
98 A -296.823301322 0
98 C -296.424393878 0
98 D -296.934105606 0
98 E -297.162152882 0
98 F -287.380110338 0
98 G -288.435512219 0
98 H -291.261028093 0
98 I -302.304860069 0
98 K -296.698296592 0
98 L -300.478398608 0
98 M -298.320621354 0
98 N -296.91145657 0
98 P -251.153431874 0
98 Q -296.988207148 0
98 R -297.017725349 0
98 S -297.165960563 0
98 T -298.544374497 0
98 V -302.472229598 1
98 W -291.164519478 0
98 Y -285.770516788 0
99 A -287.462319752 0
99 C -287.151688676 0
99 D -289.913889245 0
99 E -287.409155267 0
99 F -294.452923136 1
99 G -282.715607597 0
99 H -291.592440813 0
99 I -289.182573002 0
99 K -284.863242196 0
99 L -278.245562965 0
99 M -288.622141219 0
99 N -288.415236779 0
99 P -226.261353086 0
99 Q -286.349619906 0
99 R -284.719831481 0
99 S -286.287655947 0
99 T -285.541647691 0
99 V -291.477531739 0
99 W -295.502254703 0
99 Y -295.721304521 0
100 A -292.932839242 0
100 C -291.690560141 0
100 D -300.11975189 1
100 E -294.130751733 0
100 F -287.17534548 0
100 G -289.090866662 0
100 H -292.059324018 0
100 I -283.215599035 0
100 K -293.436042289 0
100 L -294.920814927 0
100 M -293.49345135 0
100 N -294.906037236 0
100 P -207.399769458 0
100 Q -291.86631241 0
100 R -293.101817332 0
100 S -293.837072153 0
100 T -292.81683288 0
100 V -282.046052545 0
100 W -287.441990181 0
100 Y -287.141659857 0
101 A -291.327938782 0
101 C -293.605089408 0
101 D -287.906644028 0
101 E -291.331691638 0
101 F -225.902632429 0
101 G -286.143374019 0
101 H -282.51121723 0
101 I -298.876285343 0
101 K -282.089188944 0
101 L -299.07032718 0
101 M -297.129899042 0
101 N -292.699778178 0
101 P -151.998547836 0
101 Q -291.837355852 0
101 R -284.127820239 0
101 S -291.096141266 0
101 T -295.780892011 0
101 V -300.35979226 1
101 W -249.278708955 0
101 Y -269.332891612 0
102 A -293.116434165 0
102 C -292.720212662 0
102 D -292.00625249 0
102 E -296.905669841 1
102 F -286.875292128 0
102 G -287.525698875 0
102 H -296.088400398 0
102 I -294.71719416 0
102 K -294.9297226 0
102 L -296.19721774 0
102 M -293.772642172 0
102 N -293.964026384 0
102 P -222.951847433 0
102 Q -295.7096259 0
102 R -294.485015592 0
102 S -293.038533157 0
102 T -293.871530304 0
102 V -294.819617474 0
102 W -294.727433111 0
102 Y -283.722067776 0
103 A -288.136332971 0
103 C -288.755682972 0
103 D -289.569886802 0
103 E -288.071982427 0
103 F -282.104049657 0
103 G -283.433736982 0
103 H -287.980030052 0
103 I -288.829983763 0
103 K -282.59936242 0
103 L -299.15911534 1
103 M -293.052027333 0
103 N -291.480712616 0
103 P -204.124554375 0
103 Q -288.875164444 0
103 R -267.293675316 0
103 S -288.565798775 0
103 T -290.389922342 0
103 V -294.328974371 0
103 W -250.404171294 0
103 Y -186.972769024 0
104 A -291.647829113 0
104 C -290.834624174 0
104 D -292.231769359 0
104 E -292.835351017 0
104 F -290.604954075 0
104 G -289.583778703 0
104 H -291.867665796 0
104 I -294.435040844 0
104 K -292.859592257 0
104 L -297.475190077 1
104 M -292.93059227 0
104 N -291.884740272 0
104 P -97.6943445591 0
104 Q -291.769400427 0
104 R -292.542525286 0
104 S -291.742763509 0
104 T -293.649119467 0
104 V -294.038747358 0
104 W -289.277284641 0
104 Y -290.6213928 0
105 A -295.910221997 0
105 C -292.6132145 0
105 D -295.455991668 0
105 E -294.637865065 0
105 F -291.744890512 0
105 G -293.248142881 0
105 H -295.072648702 0
105 I -285.58265657 0
105 K -294.743923498 1
105 L -292.378444487 0
105 M -293.011131465 0
105 N -294.861882786 0
105 P -214.913750755 0
105 Q -292.135481489 0
105 R -294.571703344 0
105 S -295.117705599 0
105 T -290.063833099 0
105 V -284.69785193 0
105 W -290.954488619 0
105 Y -293.27979051 0
106 A -285.823372502 0
106 C -287.602213504 0
106 D -287.437349843 0
106 E -289.39042909 0
106 F -280.270992119 0
106 G -281.464299812 0
106 H -282.275989288 0
106 I -294.577398402 0
106 K -279.726457915 0
106 L -298.550472292 1
106 M -280.491990485 0
106 N -288.085174286 0
106 P -273.899242867 0
106 Q -289.780473238 0
106 R -284.612675679 0
106 S -286.993056308 0
106 T -289.743462781 0
106 V -290.901964692 0
106 W 129.892037379 0
106 Y -275.226119706 0
107 A -290.633805799 0
107 C -290.223386971 0
107 D -291.10554302 0
107 E -294.997773934 1
107 F -287.246428657 0
107 G -290.632153353 0
107 H -288.875219082 0
107 I -289.648407878 0
107 K -289.80458951 0
107 L -291.545494479 0
107 M -290.741680462 0
107 N -289.128938197 0
107 P -216.395066813 0
107 Q -291.489083758 0
107 R -289.412365349 0
107 S -291.282343999 0
107 T -286.749999704 0
107 V -289.626975535 0
107 W -286.880373179 0
107 Y -287.868047367 0
