1 A -101.045073414 0
1 C -98.1090377184 0
1 D -87.7720464995 0
1 E -97.1464869957 0
1 F 461.174598177 0
1 G -100.919170411 0
1 H 93.0856410882 0
1 I -85.8320286298 0
1 K -98.6244586346 0
1 L -74.5508016851 0
1 M -101.026230964 1
1 N -86.8736683172 0
1 P -101.939534326 0
1 Q -100.266963791 0
1 R -99.7259081258 0
1 S -101.164588985 0
1 T -96.7132650886 0
1 V -96.1642219147 0
1 W 220.06204239 0
1 Y 637.829276635 0
2 A -102.816829997 0
2 C -100.509338145 0
2 D -104.135624505 0
2 E -102.933912485 0
2 F -101.211523422 0
2 G -103.004707307 0
2 H -103.520240775 0
2 I -95.3380114779 0
2 K -103.315866307 0
2 L -103.223176946 0
2 M -102.422438099 0
2 N -102.480817786 0
2 P -97.467019443 0
2 Q -101.919776056 0
2 R -103.531996771 0
2 S -104.551765332 0
2 T -104.217015445 1
2 V -96.5635576438 0
2 W -101.046055489 0
2 Y -100.874243922 0
3 A -103.352014665 0
3 C -100.043924697 0
3 D -104.950734251 0
3 E -105.678436363 0
3 F -101.131043961 0
3 G -101.947967101 0
3 H -102.799234157 0
3 I -101.904236114 0
3 K -104.186062326 1
3 L -103.634800011 0
3 M -102.912962117 0
3 N -103.46511867 0
3 P -101.617049557 0
3 Q -102.895624772 0
3 R -103.663686616 0
3 S -103.319963557 0
3 T -102.159898182 0
3 V -102.267355276 0
3 W -102.518777088 0
3 Y -101.190677727 0
4 A -103.046816482 0
4 C -100.129990174 0
4 D -106.413410876 0
4 E -106.182587006 0
4 F -101.7168052 0
4 G -102.183374635 0
4 H -102.96760699 0
4 I -102.507398741 0
4 K -104.282192352 0
4 L -103.857695293 0
4 M -102.644724939 0
4 N -103.424705261 0
4 P -85.4153292846 0
4 Q -103.304447198 1
4 R -103.654253869 0
4 S -103.73001364 0
4 T -103.245352246 0
4 V -102.703458798 0
4 W -103.409579065 0
4 Y -101.604470167 0
5 A -102.297520705 0
5 C -99.2142821862 0
5 D -102.249283635 0
5 E -104.772937864 1
5 F -101.03327746 0
5 G -99.2789514453 0
5 H -102.594420784 0
5 I -95.6832375433 0
5 K -103.707567997 0
5 L -100.088832489 0
5 M -101.049289379 0
5 N -101.272605475 0
5 P -27.0975486626 0
5 Q -106.529812188 0
5 R -103.120164413 0
5 S -99.8141945069 0
5 T -95.5637197782 0
5 V -95.1906750313 0
5 W -105.128339397 0
5 Y -100.745775435 0
6 A -103.645726831 0
6 C -101.582333674 0
6 D -101.886364758 0
6 E -104.182310085 0
6 F -101.188011594 0
6 G -101.098840926 0
6 H -103.445127904 0
6 I -104.28873838 0
6 K -104.702149898 1
6 L -103.999510815 0
6 M -102.884962999 0
6 N -100.965747156 0
6 P 143.940155966 0
6 Q -102.886884386 0
6 R -103.943232185 0
6 S -102.151460619 0
6 T -102.796752907 0
6 V -103.813321218 0
6 W -103.295823345 0
6 Y -100.955475934 0
7 A -104.290765039 0
7 C -101.429679672 0
7 D -105.893682089 0
7 E -104.99848195 0
7 F -104.302604728 0
7 G -102.540619436 0
7 H -104.714413203 0
7 I -103.970043453 0
7 K -104.839597475 0
7 L -104.457483459 0
7 M -103.343042885 0
7 N -103.768673999 0
7 P 149.725968648 0
7 Q -103.287886334 0
7 R -104.169837945 0
7 S -103.812410941 0
7 T -103.723326944 1
7 V -103.199923495 0
7 W -105.622677533 0
7 Y -103.920028405 0
8 A -104.256647718 1
8 C -101.184583718 0
8 D -104.769173875 0
8 E -104.808521112 0
8 F -102.040965352 0
8 G -101.858856872 0
8 H -103.499884132 0
8 I -104.37503633 0
8 K -104.741941806 0
8 L -105.408578876 0
8 M -104.978598186 0
8 N -103.960014573 0
8 P 144.565462676 0
8 Q -103.223370246 0
8 R -104.154642614 0
8 S -102.800076416 0
8 T -103.763670706 0
8 V -103.40183498 0
8 W -103.475263001 0
8 Y -102.133420075 0
9 A -100.812397454 0
9 C -98.6677277848 0
9 D -98.8906673013 0
9 E -101.425930947 0
9 F -106.454874525 0
9 G -96.3576932604 0
9 H -96.0045920504 0
9 I -71.0774110525 0
9 K -94.4455083106 0
9 L -106.672735956 1
9 M -99.411121956 0
9 N -98.9461699149 0
9 P 195.941256174 0
9 Q -99.0941980506 0
9 R -96.1273014376 0
9 S -99.8193064599 0
9 T -101.922891703 0
9 V -101.240476554 0
9 W -96.7678301246 0
9 Y -97.1158412325 0
10 A -100.531344144 0
10 C -97.870306652 0
10 D -102.677402291 0
10 E -100.852827363 0
10 F -97.5022373001 0
10 G -98.9501956 0
10 H -100.684523492 0
10 I -99.0023393388 0
10 K -100.641748642 0
10 L -99.769991183 0
10 M -99.8061941794 0
10 N -101.875306408 1
10 P 186.707013758 0
10 Q -99.2451653573 0
10 R -100.183833974 0
10 S -99.5311406065 0
10 T -99.402641859 0
10 V -98.0590947814 0
10 W -100.756796782 0
10 Y -97.6157917197 0
11 A -102.066815444 0
11 C -100.198040492 0
11 D -101.600201035 0
11 E -102.890735282 0
11 F -99.823796527 0
11 G -100.270595961 0
11 H -101.518840971 0
11 I -103.040684282 0
11 K -102.79170428 0
11 L -103.323533655 0
11 M -101.466964822 1
11 N -102.035687813 0
11 P 209.084587018 0
11 Q -101.808826849 0
11 R -102.872098729 0
11 S -101.322756163 0
11 T -102.469989298 0
11 V -100.30106432 0
11 W -100.550645339 0
11 Y -99.4405758139 0
12 A -102.209895011 1
12 C -99.7973943032 0
12 D -97.455603502 0
12 E -96.6147345563 0
12 F -98.9696901328 0
12 G -97.7146788118 0
12 H -97.5307083341 0
12 I -78.2456323894 0
12 K -89.509321452 0
12 L -81.4473033879 0
12 M -96.3362002591 0
12 N -97.8261488089 0
12 P 98.9084053606 0
12 Q -91.515583259 0
12 R -99.0270239828 0
12 S -99.5070244693 0
12 T -97.3870522135 0
12 V -76.4935782585 0
12 W -98.7048443036 0
12 Y -98.234915031 0
13 A -100.623252521 0
13 C -96.522312633 0
13 D -97.6737594405 0
13 E -100.668219074 0
13 F -100.746197682 0
13 G -98.9332599767 0
13 H -99.8872074012 0
13 I -52.0651493552 0
13 K -100.407185247 0
13 L -101.705685196 0
13 M -98.7082299969 0
13 N -98.3170059747 0
13 P 166.236521264 0
13 Q -98.5945192936 0
13 R -103.595374612 1
13 S -99.6267051945 0
13 T -97.1827862945 0
13 V -49.0896747024 0
13 W -100.412748553 0
13 Y -99.83626948 0
14 A -103.581972916 0
14 C -100.772223138 0
14 D -102.5785838 0
14 E -103.815312267 0
14 F -103.456863404 1
14 G -102.12065522 0
14 H -103.409325249 0
14 I -104.569783685 0
14 K -103.284665578 0
14 L -105.333132824 0
14 M -102.217173202 0
14 N -102.781625716 0
14 P 225.953794104 0
14 Q -100.855363635 0
14 R -102.95198117 0
14 S -103.266869446 0
14 T -104.145026909 0
14 V -99.5795646417 0
14 W -102.17182519 0
14 Y -102.853038292 0
15 A -102.469294037 0
15 C -100.558694447 0
15 D -102.487030814 0
15 E -104.119652361 0
15 F -104.522149038 0
15 G -100.79600271 0
15 H -103.264183586 0
15 I -103.803690228 1
15 K -104.477359768 0
15 L -104.6355352 0
15 M -103.08363853 0
15 N -102.31976357 0
15 P 102.064334367 0
15 Q -101.715401451 0
15 R -102.932683659 0
15 S -101.943070953 0
15 T -102.416722605 0
15 V -104.24787575 0
15 W -104.30156087 0
15 Y -103.544699529 0
16 A -101.359251005 0
16 C -98.3974811224 0
16 D -97.4050940375 0
16 E -105.048929456 0
16 F -101.27806716 0
16 G -98.398571387 0
16 H -100.849275979 0
16 I -47.2197323303 0
16 K -109.663003867 0
16 L -103.602386596 0
16 M -108.24885982 0
16 N -99.9929982183 0
16 P 130.175595249 0
16 Q -107.372021852 0
16 R -111.291520938 1
16 S -100.858547365 0
16 T -101.567724975 0
16 V -101.214524474 0
16 W -102.394970523 0
16 Y -101.221842336 0
17 A -103.968583955 0
17 C -101.187030481 0
17 D -104.612971884 0
17 E -105.486655463 0
17 F -102.994473863 0
17 G -102.480318279 0
17 H -103.612551306 0
17 I -104.1034493 0
17 K -104.209659525 0
17 L -105.0487552 0
17 M -104.590331875 0
17 N -103.921976647 0
17 P 137.504439235 0
17 Q -103.243416938 0
17 R -104.112044852 0
17 S -103.47318079 1
17 T -103.698113053 0
17 V -103.68984527 0
17 W -102.550000819 0
17 Y -102.499850375 0
18 A -104.642036149 0
18 C -102.628601504 0
18 D -102.920376373 0
18 E -104.725192372 0
18 F -102.439710447 0
18 G -102.196451752 0
18 H -103.570054711 0
18 I -102.239705539 0
18 K -104.091518747 0
18 L -104.79621719 0
18 M -104.561890761 0
18 N -102.322248512 0
18 P 202.568771358 0
18 Q -103.903675656 1
18 R -103.963381343 0
18 S -102.856776008 0
18 T -102.609451107 0
18 V -103.220734379 0
18 W -105.06161612 0
18 Y -102.403627903 0
19 A -105.475133697 0
19 C -104.284460501 0
19 D -104.914875398 0
19 E -102.930774931 0
19 F -103.747037199 0
19 G -102.860048866 0
19 H -104.639689203 0
19 I -102.263911864 0
19 K -103.668952855 0
19 L -104.480024079 0
19 M -103.05788033 0
19 N -105.924959967 0
19 P 80.7111137434 0
19 Q -102.625644033 0
19 R -103.868684646 0
19 S -104.010399441 0
19 T -104.850980028 1
19 V -102.46417503 0
19 W -92.6286222598 0
19 Y -104.06685609 0
20 A -104.532092669 0
20 C -100.565262703 0
20 D -102.127640167 0
20 E -105.506066231 0
20 F -104.221544133 0
20 G -103.704135905 0
20 H -103.503460317 0
20 I -55.2436505661 0
20 K -104.867904062 0
20 L -106.569633778 1
20 M -103.227657858 0
20 N -102.595274167 0
20 P 104.758664746 0
20 Q -103.615997746 0
20 R -104.583078644 0
20 S -103.375598826 0
20 T -102.491282204 0
20 V -48.831278475 0
20 W -104.961572103 0
20 Y -103.612107325 0
21 A -106.457744913 0
21 C -103.869960583 0
21 D -106.061837038 0
21 E -106.06497053 0
21 F -104.640320339 0
21 G -104.960658399 0
21 H -105.94458193 0
21 I -108.068355516 0
21 K -107.01658511 0
21 L -107.86114909 0
21 M -106.075932051 0
21 N -105.716207162 0
21 P 116.171150194 0
21 Q -105.566239324 0
21 R -106.277679464 0
21 S -105.987552504 0
21 T -106.496275999 1
21 V -107.229682734 0
21 W -105.139868727 0
21 Y -104.78273075 0
22 A -103.75502599 0
22 C -100.788816461 0
22 D -103.58773143 0
22 E -105.113327652 0
22 F -101.409157887 0
22 G -101.293478758 0
22 H -102.298602204 0
22 I -104.359517156 0
22 K -105.366551497 0
22 L -105.632067021 1
22 M -104.349589311 0
22 N -103.68893498 0
22 P 161.275578627 0
22 Q -103.15897245 0
22 R -104.158692461 0
22 S -102.579527755 0
22 T -103.869150316 0
22 V -103.762425854 0
22 W -102.328531443 0
22 Y -101.233362003 0
23 A -102.904262538 0
23 C -99.6434752082 0
23 D -99.5960594363 0
23 E -103.012796268 0
23 F -105.107204612 0
23 G -98.9561496848 0
23 H -104.581815458 0
23 I -100.935087326 0
23 K -101.685308449 0
23 L -107.980575055 1
23 M -101.681218038 0
23 N -101.042670604 0
23 P 179.773349168 0
23 Q -102.894275178 0
23 R -103.183051174 0
23 S -101.122938048 0
23 T -102.641463424 0
23 V -100.611967623 0
23 W -104.018767357 0
23 Y -104.267045452 0
24 A -103.27621849 0
24 C -100.615090705 0
24 D -103.463058125 0
24 E -104.613865744 1
24 F -102.496441718 0
24 G -101.905884336 0
24 H -103.358854874 0
24 I -103.074659329 0
24 K -104.305124 0
24 L -104.168885635 0
24 M -103.449870499 0
24 N -103.314401767 0
24 P 91.852334087 0
24 Q -102.801260304 0
24 R -104.025755372 0
24 S -102.712688012 0
24 T -102.691421062 0
24 V -103.083688069 0
24 W -103.092094391 0
24 Y -102.481850841 0
25 A -105.949277637 0
25 C -103.537659008 0
25 D -104.863302794 0
25 E -106.89898533 0
25 F -106.072840867 0
25 G -103.93304769 0
25 H -107.000275499 0
25 I -107.780665563 0
25 K -107.262056012 1
25 L -107.35704322 0
25 M -105.221575312 0
25 N -105.286587251 0
25 P 131.302667331 0
25 Q -105.645065166 0
25 R -106.747243038 0
25 S -104.850305886 0
25 T -106.023554276 0
25 V -106.912777961 0
25 W -106.804303653 0
25 Y -105.795064128 0
26 A -107.220225903 0
26 C -105.42155945 0
26 D -105.967091905 0
26 E -107.176244804 0
26 F -107.815957865 0
26 G -97.7081731741 0
26 H -107.078890548 0
26 I -97.9630853457 0
26 K -108.250270795 0
26 L -112.349230395 1
26 M -107.592198232 0
26 N -106.994263835 0
26 P 88.6547699225 0
26 Q -107.603140132 0
26 R -107.505565585 0
26 S -105.063970429 0
26 T -104.713020571 0
26 V -96.2107754903 0
26 W -107.018462256 0
26 Y -107.444879045 0
27 A -106.25644413 0
27 C -104.656154473 0
27 D -104.488491144 0
27 E -105.967538118 0
27 F -103.945195006 0
27 G -104.596036494 0
27 H -105.39967596 0
27 I -106.527537119 0
27 K -105.630304104 0
27 L -105.2621765 0
27 M -105.25315672 0
27 N -106.396653529 1
27 P 206.366861912 0
27 Q -104.652267945 0
27 R -108.863216942 0
27 S -104.6749087 0
27 T -105.707438556 0
27 V -103.263630137 0
27 W -104.840771691 0
27 Y -103.778403093 0
28 A -105.686748495 0
28 C -102.984082896 0
28 D -105.412470293 0
28 E -106.440252599 1
28 F -103.233512932 0
28 G -104.185227202 0
28 H -104.707461414 0
28 I -104.042228316 0
28 K -106.231859014 0
28 L -105.855125761 0
28 M -104.88456815 0
28 N -105.425976769 0
28 P 176.833470351 0
28 Q -104.685215817 0
28 R -106.961902143 0
28 S -104.728157615 0
28 T -104.261078745 0
28 V -103.45920563 0
28 W -104.125334993 0
28 Y -102.775853478 0
29 A -105.740622235 0
29 C -103.49402515 0
29 D -105.329108469 0
29 E -106.185292561 0
29 F -103.839201672 0
29 G -104.261943341 0
29 H -105.083270173 0
29 I -99.1376972875 0
29 K -106.591703213 0
29 L -107.312905775 1
29 M -106.528961915 0
29 N -106.102404709 0
29 P 75.0199763924 0
29 Q -105.393990387 0
29 R -106.006312523 0
29 S -105.170115855 0
29 T -103.376185893 0
29 V -99.3305010486 0
29 W -104.648482775 0
29 Y -103.813147636 0
30 A -103.89073154 0
30 C -102.626210628 0
30 D -105.495779278 1
30 E -105.204217488 0
30 F -103.635313574 0
30 G -105.86380618 0
30 H -105.633529969 0
30 I -66.6077492681 0
30 K -106.403663248 0
30 L -104.574528902 0
30 M -103.413354752 0
30 N -107.209346233 0
30 P -6.28694213073 0
30 Q -104.33623214 0
30 R -105.774650611 0
30 S -104.074419199 0
30 T -98.6378410739 0
30 V -90.1032735129 0
30 W -102.707100514 0
30 Y -103.625037294 0
31 A -109.928313397 1
31 C -106.982269662 0
31 D -109.750754417 0
31 E -108.827292114 0
31 F -107.734424277 0
31 G -104.852259314 0
31 H -103.186568065 0
31 I -106.094483655 0
31 K -109.254438608 0
31 L -110.647563412 0
31 M -108.54625107 0
31 N -111.230262918 0
31 P 86.0513451759 0
31 Q -109.015558717 0
31 R -108.353615908 0
31 S -107.015234519 0
31 T -105.732851469 0
31 V -83.5228504534 0
31 W -108.41283866 0
31 Y -106.063922661 0
32 A -106.011326985 0
32 C -103.798636705 0
32 D -108.812936249 1
32 E -106.946307225 0
32 F -106.152629168 0
32 G -104.928150222 0
32 H -106.409323961 0
32 I -107.910277707 0
32 K -109.728195013 0
32 L -107.579110781 0
32 M -105.622288685 0
32 N -106.389391426 0
32 P -71.1224432293 0
32 Q -106.105047545 0
32 R -108.152310137 0
32 S -106.810402429 0
32 T -106.856828036 0
32 V -108.202548783 0
32 W -103.617352936 0
32 Y -105.545004411 0
33 A -104.623626898 0
33 C -101.509776068 0
33 D -104.202862214 0
33 E -106.037401005 1
33 F -102.757325784 0
33 G -103.369868231 0
33 H -104.620339215 0
33 I -104.150902129 0
33 K -105.673122355 0
33 L -105.121924114 0
33 M -103.661594981 0
33 N -103.863654099 0
33 P -91.6003064627 0
33 Q -104.028812167 0
33 R -104.358375721 0
33 S -103.988536569 0
33 T -104.70998963 0
33 V -104.472027086 0
33 W -103.4563068 0
33 Y -102.880896034 0
34 A -107.485730749 0
34 C -104.112336188 0
34 D -108.228112775 0
34 E -108.445743858 0
34 F -106.086839632 0
34 G -104.130738451 0
34 H -107.509678116 0
34 I -102.645776026 0
34 K -108.481439439 0
34 L -108.881627062 0
34 M -107.592772281 0
34 N -107.188056444 0
34 P -86.6538798482 0
34 Q -107.130718656 1
34 R -108.311568167 0
34 S -106.978276719 0
34 T -103.569961557 0
34 V -101.994154624 0
34 W -106.864621865 0
34 Y -106.094773832 0
35 A -107.81369784 1
35 C -99.4071888718 0
35 D -91.3659534175 0
35 E -85.3840492579 0
35 F -97.714819444 0
35 G -104.128554882 0
35 H 24.6469377093 0
35 I -75.8445546813 0
35 K -100.578435061 0
35 L -76.6647027798 0
35 M -98.4370501666 0
35 N -91.1580985333 0
35 P 211.593555367 0
35 Q -87.7852144416 0
35 R -99.1626393812 0
35 S -105.606566772 0
35 T -96.8098123807 0
35 V -81.0017401953 0
35 W -103.568583665 0
35 Y -6.57146831634 0
36 A -107.02108927 0
36 C -104.869478301 0
36 D -107.554199365 1
36 E -108.397534522 0
36 F -106.032039475 0
36 G -105.628277505 0
36 H -107.421084863 0
36 I -107.338702809 0
36 K -108.28052603 0
36 L -107.884910125 0
36 M -107.023372889 0
36 N -107.248127539 0
36 P 156.528849527 0
36 Q -106.841931891 0
36 R -107.691741342 0
36 S -106.684295754 0
36 T -106.786919515 0
36 V -106.974529617 0
36 W -105.812320759 0
36 Y -105.958451714 0
37 A -106.241584731 0
37 C -103.676685493 0
37 D -105.91711946 0
37 E -106.747343254 0
37 F -105.723905657 0
37 G -105.094599189 0
37 H -107.120279518 0
37 I -107.489840903 1
37 K -107.887454892 0
37 L -107.212535334 0
37 M -106.815838715 0
37 N -106.385898112 0
37 P 122.243767572 0
37 Q -106.068095992 0
37 R -108.122726781 0
37 S -106.128867243 0
37 T -106.484931676 0
37 V -106.242908989 0
37 W -105.763871901 0
37 Y -105.618732093 0
38 A -110.864915093 0
38 C -108.674059513 1
38 D -102.354077475 0
38 E -109.914450788 0
38 F -60.3387081049 0
38 G -106.174839408 0
38 H -105.516194208 0
38 I -94.7249230063 0
38 K -98.1990340427 0
38 L -69.772175688 0
38 M -101.744667807 0
38 N -104.690058582 0
38 P 148.610075915 0
38 Q -109.305871154 0
38 R -105.532676829 0
38 S -107.686952011 0
38 T -111.584501913 0
38 V -104.783529637 0
38 W -13.2483558178 0
38 Y -48.1912698232 0
39 A -109.872462444 0
39 C -105.782383057 0
39 D -106.908003138 0
39 E -109.584326764 1
39 F -108.051555761 0
39 G -107.349561064 0
39 H -109.396522601 0
39 I -106.412339242 0
39 K -110.849787018 0
39 L -109.912506499 0
39 M -108.457298925 0
39 N -107.810115163 0
39 P 225.238336687 0
39 Q -107.597332501 0
39 R -111.512658818 0
39 S -108.623104706 0
39 T -108.8364578 0
39 V -104.431839598 0
39 W -108.017611243 0
39 Y -108.273362832 0
40 A -105.489906918 0
40 C -102.249858256 0
40 D -104.622606624 0
40 E -106.065184673 0
40 F -103.809655693 0
40 G -103.821308747 0
40 H -104.856950373 0
40 I -104.951783235 0
40 K -106.027948501 0
40 L -105.927395103 0
40 M -104.911683029 0
40 N -104.391189053 0
40 P 98.7402108144 0
40 Q -104.367896816 0
40 R -105.480616151 0
40 S -104.726595455 1
40 T -104.735418733 0
40 V -104.806670662 0
40 W -106.377603704 0
40 Y -103.627745568 0
41 A -103.923999898 0
41 C -101.341575138 0
41 D -102.99958715 0
41 E -104.433973423 0
41 F -100.298535934 0
41 G -101.295170458 0
41 H -102.345037294 0
41 I -102.96283717 0
41 K -104.168391261 0
41 L -104.51771269 1
41 M -103.124244297 0
41 N -103.350143862 0
41 P 172.643227561 0
41 Q -103.679274623 0
41 R -104.823237282 0
41 S -103.133331983 0
41 T -103.830547794 0
41 V -102.102406723 0
41 W -103.594482932 0
41 Y -100.184754378 0
42 A -106.892500294 0
42 C -103.020628138 0
42 D -101.004897578 0
42 E -103.2941042 0
42 F -109.047407752 0
42 G -101.931372094 0
42 H -105.859855002 1
42 I -100.264721123 0
42 K -105.561191944 0
42 L -108.652061384 0
42 M -102.811855004 0
42 N -101.314172776 0
42 P 172.916814298 0
42 Q -103.270507597 0
42 R -107.875127568 0
42 S -105.067024355 0
42 T -103.631983273 0
42 V -102.972258106 0
42 W -106.183832375 0
42 Y -107.817312723 0
43 A -105.287805078 0
43 C -102.703792155 0
43 D -105.569989638 1
43 E -106.590290413 0
43 F -104.222413034 0
43 G -103.940457227 0
43 H -106.291333847 0
43 I -105.360187392 0
43 K -106.628926035 0
43 L -106.503130944 0
43 M -105.406862923 0
43 N -105.673087593 0
43 P 101.905794444 0
43 Q -104.665709744 0
43 R -106.183533898 0
43 S -104.781240961 0
43 T -104.87874813 0
43 V -105.415298254 0
43 W -106.137399717 0
43 Y -104.549818493 0
44 A -105.04573693 0
44 C -102.779317706 0
44 D -102.926198058 0
44 E -104.791177022 0
44 F -104.566229446 0
44 G -103.651830935 0
44 H -105.106260173 1
44 I -105.248687789 0
44 K -105.347756714 0
44 L -105.494439117 0
44 M -103.809379449 0
44 N -103.944993444 0
44 P 216.091160186 0
44 Q -104.27161692 0
44 R -104.919356653 0
44 S -104.51276391 0
44 T -104.805986305 0
44 V -101.781504835 0
44 W -105.611864902 0
44 Y -104.262375751 0
45 A -114.220776488 1
45 C -110.065258086 0
45 D -105.732097272 0
45 E -110.85634804 0
45 F -107.59440171 0
45 G -109.053993078 0
45 H -106.135920389 0
45 I -84.6217319402 0
45 K -95.2591852176 0
45 L -103.422335266 0
45 M -110.110886915 0
45 N -107.16480934 0
45 P 145.919757706 0
45 Q -109.906417062 0
45 R -110.057739743 0
45 S -111.21751049 0
45 T -108.800386663 0
45 V -81.0519057885 0
45 W -111.41654714 0
45 Y -105.90342677 0
46 A -109.594532336 0
46 C -105.090141778 0
46 D -112.030283031 1
46 E -108.850122108 0
46 F -105.504586099 0
46 G -106.803507082 0
46 H -108.167541166 0
46 I -107.890500914 0
46 K -106.581883707 0
46 L -105.753384284 0
46 M -107.079998103 0
46 N -108.149833767 0
46 P 205.523767079 0
46 Q -106.73914036 0
46 R -107.88941436 0
46 S -106.482792761 0
46 T -109.212857879 0
46 V -107.817306335 0
46 W -104.700745424 0
46 Y -105.541888277 0
47 A -111.08499538 0
47 C -108.509571689 0
47 D -110.627475607 0
47 E -111.900098556 1
47 F -107.955571617 0
47 G -108.367434741 0
47 H -109.177727096 0
47 I -109.27374677 0
47 K -110.299860097 0
47 L -110.09257142 0
47 M -108.581017028 0
47 N -110.051736576 0
47 P 181.840972823 0
47 Q -108.940517456 0
47 R -110.349108038 0
47 S -108.992153036 0
47 T -109.198410798 0
47 V -109.916918477 0
47 W -109.893632862 0
47 Y -107.779247508 0
48 A -110.229145297 0
48 C -107.991382141 0
48 D -109.437801696 0
48 E -112.174334 0
48 F -111.302932505 0
48 G -108.87696736 0
48 H -112.059849764 0
48 I -112.953409663 0
48 K -111.523720203 0
48 L -112.120509468 1
48 M -111.592484973 0
48 N -110.005085891 0
48 P 108.952048497 0
48 Q -110.447739233 0
48 R -111.056823879 0
48 S -110.161903165 0
48 T -110.983886833 0
48 V -112.228996654 0
48 W -111.390467728 0
48 Y -111.126570329 0
49 A -106.665329914 0
49 C -104.474967052 0
49 D -103.965191613 0
49 E -105.647392833 0
49 F -109.967308606 0
49 G -103.426314713 0
49 H -108.65094172 0
49 I -72.7958520942 0
49 K -102.231407858 0
49 L -109.676473966 0
49 M -107.812885433 0
49 N -105.463868267 0
49 P 94.1663667543 0
49 Q -103.658951544 0
49 R -102.364038394 0
49 S -104.990039962 0
49 T -107.445122666 0
49 V -107.810186677 0
49 W -107.79214974 0
49 Y -113.244188113 1
50 A -107.575466924 0
50 C -105.468071697 0
50 D -105.955964902 0
50 E -108.287036575 0
50 F -105.782216427 0
50 G -105.777545869 0
50 H -109.253964447 0
50 I -107.650331792 0
50 K -109.911459698 0
50 L -109.251446166 0
50 M -107.914306288 0
50 N -108.535120224 0
50 P 123.827341777 0
50 Q -108.17614607 0
50 R -110.509376669 1
50 S -106.767236372 0
50 T -106.743067409 0
50 V -107.710530897 0
50 W -108.400526996 0
50 Y -105.677755569 0
51 A -113.366869267 0
51 C -110.728611787 0
51 D -112.372621227 0
51 E -113.719693876 0
51 F -112.408263334 0
51 G -111.728567521 0
51 H -114.053363334 0
51 I -113.494441074 0
51 K -113.356524052 0
51 L -113.940482614 0
51 M -111.378347458 0
51 N -112.733004638 0
51 P 200.531203628 0
51 Q -112.145723697 0
51 R -113.046697355 0
51 S -112.857712115 1
51 T -113.607044204 0
51 V -109.675258432 0
51 W -113.234843604 0
51 Y -112.71174406 0
52 A -111.945181531 0
52 C -110.405985437 1
52 D -112.497991149 0
52 E -109.428785981 0
52 F -111.379978921 0
52 G -107.743446615 0
52 H -111.331932634 0
52 I -110.484645039 0
52 K -108.324505196 0
52 L -109.416517904 0
52 M -111.155659667 0
52 N -112.427130776 0
52 P 177.38550896 0
52 Q -108.793653507 0
52 R -110.649293741 0
52 S -109.519851533 0
52 T -107.311441127 0
52 V -67.0887316748 0
52 W -112.27092668 0
52 Y -110.370516405 0
53 A -108.037299573 0
53 C -106.656994385 0
53 D -105.35250329 0
53 E -107.916772435 0
53 F -106.132399184 0
53 G -105.544993687 0
53 H -106.808625197 0
53 I -106.742330776 0
53 K -108.895125975 0
53 L -110.899477075 1
53 M -108.875170871 0
53 N -105.536263099 0
53 P 181.270821671 0
53 Q -109.015754858 0
53 R -107.806188639 0
53 S -106.752557535 0
53 T -106.676588836 0
53 V -108.139091879 0
53 W -106.902526501 0
53 Y -106.124583621 0
54 A -110.165096559 1
54 C -106.446184753 0
54 D -109.917783298 0
54 E -110.9633001 0
54 F -106.345187495 0
54 G -108.715225078 0
54 H -109.672129898 0
54 I -108.957833197 0
54 K -109.705267065 0
54 L -109.404055862 0
54 M -109.261457244 0
54 N -108.918138292 0
54 P 148.978774397 0
54 Q -108.13357682 0
54 R -109.233764006 0
54 S -109.30908079 0
54 T -108.117167164 0
54 V -106.99388063 0
54 W -108.591558282 0
54 Y -106.572265136 0
55 A -110.807986697 0
55 C -108.442207052 0
55 D -110.262415225 0
55 E -111.773368267 0
55 F -108.993733729 0
55 G -108.55267508 0
55 H -110.40427577 0
55 I -112.090803193 0
55 K -112.403697692 0
55 L -112.405114535 0
55 M -111.210593 0
55 N -111.589828146 0
55 P 81.0216966007 0
55 Q -110.763118717 0
55 R -112.090206958 1
55 S -110.412661414 0
55 T -111.328395756 0
55 V -111.673273987 0
55 W -109.207800862 0
55 Y -108.981373513 0
56 A -102.018888008 0
56 C -100.85684052 0
56 D -100.365702787 0
56 E -100.98694423 0
56 F -103.306805546 1
56 G -101.128979467 0
56 H -103.207674057 0
56 I -95.5159163034 0
56 K -97.4529581916 0
56 L -100.796457706 0
56 M -103.983551535 0
56 N -101.978685579 0
56 P 125.870015252 0
56 Q -100.831313911 0
56 R -100.125629825 0
56 S -100.964272616 0
56 T -100.119944895 0
56 V -97.8842519519 0
56 W -32.8220104452 0
56 Y -101.863245068 0
