1 A -210.852770834 1
1 C -206.498727974 0
1 D -211.109405875 0
1 E -209.235968141 0
1 F -204.135109855 0
1 G -211.014101104 0
1 H -208.367544517 0
1 I -205.344960017 0
1 K -208.583919245 0
1 L -208.571357068 0
1 M -208.383618762 0
1 N -208.534760925 0
1 P -189.753547309 0
1 Q -207.92732857 0
1 R -206.835194143 0
1 S -211.69321861 0
1 T -207.900209522 0
1 V -206.001384966 0
1 W -201.841996636 0
1 Y -204.101422746 0
2 A -209.926033949 0
2 C -206.858495263 0
2 D -207.115197529 0
2 E -210.00018478 0
2 F -209.729078179 0
2 G -206.608611947 0
2 H -209.702635082 0
2 I -191.177762666 0
2 K -209.3612857 0
2 L -205.776934248 0
2 M -208.166173218 0
2 N -208.07784285 0
2 P -189.177954276 0
2 Q -208.267559474 1
2 R -209.134727434 0
2 S -210.262519687 0
2 T -206.37745295 0
2 V -200.77521784 0
2 W -209.532063062 0
2 Y -209.606262308 0
3 A -205.514583792 0
3 C -206.098028891 0
3 D -204.74476283 0
3 E -207.121155876 0
3 F -210.91076732 0
3 G -201.869534203 0
3 H -209.601303834 0
3 I -212.990192884 0
3 K -211.149495572 1
3 L -211.809754285 0
3 M -210.746754699 0
3 N -203.884749986 0
3 P -143.714903557 0
3 Q -208.406391069 0
3 R -208.788874261 0
3 S -207.530829849 0
3 T -207.272740316 0
3 V -209.093364564 0
3 W -206.236051918 0
3 Y -209.358479828 0
4 A -206.348166302 0
4 C -205.752306212 0
4 D -202.548158799 0
4 E -205.920595465 0
4 F -204.336263524 0
4 G -204.22678835 0
4 H -204.274470149 0
4 I -207.718903079 0
4 K -205.504031386 0
4 L -205.66009362 0
4 M -204.882119272 0
4 N -204.419030825 0
4 P -204.956765431 0
4 Q -204.661900905 0
4 R -205.219193108 0
4 S -206.838846919 0
4 T -207.808439506 1
4 V -206.738847191 0
4 W -200.904624232 0
4 Y -203.914667498 0
5 A -200.280174057 0
5 C -199.112897513 0
5 D -200.335204962 0
5 E -197.71682407 0
5 F -211.097632079 1
5 G -195.203592842 0
5 H -206.496035175 0
5 I -200.313910074 0
5 K -198.660777208 0
5 L -198.750602141 0
5 M -204.746397864 0
5 N -201.486465371 0
5 P -163.101001476 0
5 Q -200.622885141 0
5 R -199.812176576 0
5 S -199.989529938 0
5 T -201.224452111 0
5 V -199.883775204 0
5 W -200.908785651 0
5 Y -208.819553907 0
6 A -206.713257731 0
6 C -206.684688358 0
6 D -206.341767115 0
6 E -209.246863597 0
6 F -209.456373238 0
6 G -204.247647246 0
6 H -208.511622625 0
6 I -212.501948862 0
6 K -209.563468686 1
6 L -210.31691462 0
6 M -208.977826946 0
6 N -207.450196605 0
6 P -122.598674192 0
6 Q -207.838625629 0
6 R -210.000342288 0
6 S -207.622808862 0
6 T -210.209399795 0
6 V -210.940466755 0
6 W -208.235072499 0
6 Y -209.107733388 0
7 A -204.124605277 0
7 C -204.961118725 0
7 D -201.980550811 0
7 E -204.667015853 0
7 F -30.9540248209 0
7 G -199.51883251 0
7 H -176.124990129 0
7 I -213.152007242 0
7 K -191.110217025 0
7 L -208.187824926 0
7 M -205.736227135 0
7 N -206.147138209 0
7 P -45.3872188762 0
7 Q -205.947867533 0
7 R -137.889630198 0
7 S -203.469035072 0
7 T -207.067065167 0
7 V -211.672025057 1
7 W -183.795042415 0
7 Y -63.7655024441 0
8 A -205.706391311 0
8 C -206.958818939 0
8 D -207.435933561 0
8 E -207.761716731 0
8 F -203.654804125 0
8 G -204.703692564 0
8 H -206.476633043 0
8 I -206.506998757 0
8 K -209.941416282 0
8 L -211.1717952 0
8 M -207.415885557 0
8 N -208.430258236 0
8 P 14.9118803865 0
8 Q -205.451699625 0
8 R -208.444019218 0
8 S -207.364922735 0
8 T -210.942545672 1
8 V -207.321147718 0
8 W -198.484469044 0
8 Y -185.578156315 0
9 A -211.576586514 1
9 C -210.381592025 0
9 D -212.647522323 0
9 E -210.418277437 0
9 F -211.475501553 0
9 G -208.866542471 0
9 H -215.598949662 0
9 I -212.249522442 0
9 K -212.786992645 0
9 L -214.243858042 0
9 M -213.687951908 0
9 N -212.977097414 0
9 P -119.367122738 0
9 Q -209.720171411 0
9 R -215.000702211 0
9 S -210.710258042 0
9 T -208.778254885 0
9 V -208.963040884 0
9 W -213.074049963 0
9 Y -210.539155162 0
10 A -201.844676411 0
10 C -199.232381011 0
10 D -205.335044721 1
10 E -204.19870564 0
10 F -197.136356015 0
10 G -201.061192951 0
10 H -202.684164624 0
10 I -200.129686634 0
10 K -202.400987569 0
10 L -200.575854815 0
10 M -200.325183277 0
10 N -203.026625244 0
10 P -201.509387736 0
10 Q -200.466081541 0
10 R -201.599644367 0
10 S -203.282631976 0
10 T -201.794874083 0
10 V -200.355218 0
10 W -200.949378873 0
10 Y -199.764687608 0
11 A -206.650611685 0
11 C -204.936248937 0
11 D -209.277222849 0
11 E -208.31776736 0
11 F -206.741790446 0
11 G -206.508114176 0
11 H -208.194354792 0
11 I -196.995931812 0
11 K -208.32680393 0
11 L -208.681888441 0
11 M -207.467961379 0
11 N -208.402779804 0
11 P -192.415064341 0
11 Q -207.302846757 0
11 R -211.832397521 0
11 S -207.725502527 1
11 T -208.516846793 0
11 V -206.757800232 0
11 W -206.215917575 0
11 Y -206.719637307 0
12 A -94.3924301496 0
12 C 142.068732195 0
12 D 48.8507379378 0
12 E -72.2482334907 0
12 F 395.242102848 0
12 G -213.070006285 1
12 H 271.710362955 0
12 I 125.884960313 0
12 K -85.0096164507 0
12 L 912.659101094 0
12 M 284.320965144 0
12 N -72.0029358263 0
12 P -86.9007699924 0
12 Q 117.24329521 0
12 R -82.7368728389 0
12 S -99.0994411425 0
12 T 89.2323359089 0
12 V 117.419504621 0
12 W -77.0709585067 0
12 Y -75.1609057392 0
13 A -200.704472031 0
13 C -202.188638887 0
13 D -201.57503912 0
13 E -205.960662847 0
13 F -178.303128474 0
13 G -195.115230775 0
13 H -204.06463492 0
13 I -213.641694241 1
13 K -199.72836412 0
13 L -209.854832099 0
13 M -208.429490634 0
13 N -203.890340028 0
13 P -136.023419447 0
13 Q -206.383785557 0
13 R -203.488338746 0
13 S -201.075905756 0
13 T -203.652946214 0
13 V -207.753855409 0
13 W -205.864354651 0
13 Y -172.00121573 0
14 A -204.282395416 0
14 C -203.341472105 0
14 D -209.229717151 0
14 E -207.139199122 0
14 F -204.033243492 0
14 G -206.680985127 0
14 H -207.680581648 1
14 I -205.334749163 0
14 K -207.051073429 0
14 L -206.474874273 0
14 M -203.884288628 0
14 N -208.706718278 0
14 P -190.371290996 0
14 Q -206.165322669 0
14 R -205.724141767 0
14 S -207.356844191 0
14 T -208.200439628 0
14 V -206.183731884 0
14 W -201.870994165 0
14 Y -202.051701682 0
15 A -209.205989109 1
15 C -207.041722449 0
15 D -206.647855101 0
15 E -210.469399021 0
15 F -207.923265796 0
15 G -207.230385081 0
15 H -208.472391988 0
15 I -207.56044817 0
15 K -210.146948507 0
15 L -205.885347267 0
15 M -208.79625451 0
15 N -207.955074844 0
15 P -205.209061573 0
15 Q -207.865559815 0
15 R -209.659726759 0
15 S -209.036255794 0
15 T -208.884076534 0
15 V -207.553210239 0
15 W -207.538210297 0
15 Y -207.088927624 0
16 A -215.319706569 0
16 C -203.203363183 0
16 D -207.573253755 0
16 E -207.496859044 0
16 F -207.757503468 0
16 G -211.159077166 0
16 H -208.222306047 0
16 I -207.206974745 0
16 K -208.112796264 0
16 L -215.276215928 0
16 M -205.715741771 0
16 N -207.085519083 0
16 P -201.709573241 0
16 Q -205.139996241 0
16 R -207.622218932 1
16 S -206.745107697 0
16 T -206.903921793 0
16 V -207.226665095 0
16 W -206.779971576 0
16 Y -208.409944069 0
17 A -226.817750854 0
17 C -223.714848654 0
17 D -225.765271824 0
17 E -226.566314095 0
17 F -219.948538515 0
17 G -223.72639587 0
17 H -222.604580497 0
17 I -99.8463432738 0
17 K -219.922853058 0
17 L -217.721788393 0
17 M -221.633929145 0
17 N -223.918191855 0
17 P -215.355140777 1
17 Q -224.099554976 0
17 R -219.776017252 0
17 S -224.102574622 0
17 T -224.872052771 0
17 V -221.352255775 0
17 W -213.085269713 0
17 Y -220.05167505 0
18 A -210.543218902 1
18 C -200.530238456 0
18 D -188.591675042 0
18 E -115.307405497 0
18 F -120.33065767 0
18 G -204.896950444 0
18 H 68.2552320222 0
18 I -31.9383643733 0
18 K -112.148772525 0
18 L -44.8908586967 0
18 M 116.71504555 0
18 N -180.320787615 0
18 P 32.0236549554 0
18 Q 37.8045217534 0
18 R -96.359337518 0
18 S -206.048931151 0
18 T -201.112828077 0
18 V -201.765880875 0
18 W -163.897252528 0
18 Y -125.645067321 0
19 A -209.009906703 0
19 C -206.912190536 0
19 D -207.59903851 0
19 E -208.456895815 0
19 F -205.743575381 0
19 G -206.556193028 0
19 H -207.233317039 0
19 I -206.117912291 0
19 K -208.377705325 0
19 L -207.243763629 0
19 M -207.536312531 0
19 N -206.401092293 0
19 P 154.602869385 0
19 Q -206.478873778 0
19 R -208.541221596 0
19 S -207.817124075 0
19 T -209.673312199 1
19 V -193.556373377 0
19 W -204.791006088 0
19 Y -190.612039003 0
20 A -207.126333892 0
20 C -204.058955405 0
20 D -203.345216067 0
20 E -206.460251746 0
20 F -205.032967852 0
20 G -206.098193193 0
20 H -207.234802226 0
20 I -208.129743565 0
20 K -207.656072397 0
20 L -205.480246951 0
20 M -206.751784373 0
20 N -207.109690371 0
20 P -80.0048975163 0
20 Q -205.841232498 0
20 R -206.977069377 0
20 S -206.783798967 0
20 T -207.055513982 0
20 V -208.948054826 1
20 W -205.062289299 0
20 Y -205.835848591 0
21 A -210.127348609 0
21 C -210.836665565 0
21 D -213.575951302 0
21 E -213.316895205 0
21 F -207.898740437 0
21 G -201.656533453 0
21 H -208.620806215 0
21 I -205.4196158 0
21 K -210.288152057 0
21 L -220.115041135 1
21 M -218.985593547 0
21 N -214.037007673 0
21 P -58.6750278077 0
21 Q -213.870862507 0
21 R -204.269752553 0
21 S -211.609286045 0
21 T -211.169285851 0
21 V -206.668970901 0
21 W -216.342553529 0
21 Y -199.643769567 0
22 A -206.370120337 0
22 C -206.236094774 0
22 D -198.799455227 0
22 E -202.058633703 0
22 F -97.349222183 0
22 G -203.107580109 0
22 H -196.988470843 0
22 I -206.124636974 0
22 K -203.665898649 0
22 L -139.752730856 0
22 M -203.400990743 0
22 N -203.450093462 0
22 P 23.1372230735 0
22 Q -203.279893758 0
22 R -205.292461484 0
22 S -203.529254648 0
22 T -205.949250832 0
22 V -210.693504774 1
22 W -139.089152363 0
22 Y -179.066197282 0
23 A -207.946377787 0
23 C -205.735786575 0
23 D -208.079358903 0
23 E -209.155043149 0
23 F -206.677198585 0
23 G -206.386991135 0
23 H -208.068326409 0
23 I -207.782315077 0
23 K -208.206462668 0
23 L -209.539953381 0
23 M -207.246261932 0
23 N -208.166771939 0
23 P 49.4444596377 0
23 Q -207.742599749 1
23 R -209.204475143 0
23 S -207.085412018 0
23 T -207.042674698 0
23 V -206.986837859 0
23 W -206.781056976 0
23 Y -206.572542054 0
24 A -206.357570849 0
24 C -205.0817391 0
24 D -202.54651999 0
24 E -205.578229376 0
24 F -204.482800975 0
24 G -203.932239556 0
24 H -204.326456944 0
24 I -207.704613388 0
24 K -204.444141488 0
24 L -198.054832413 0
24 M -206.64043495 0
24 N -204.42817297 0
24 P -87.2285467204 0
24 Q -204.515505021 0
24 R -205.251753682 0
24 S -206.35991095 0
24 T -209.273282403 1
24 V -209.222340899 0
24 W -204.815099487 0
24 Y -203.91050799 0
25 A -210.604654289 1
25 C -186.182612012 0
25 D -195.28019728 0
25 E -132.528386523 0
25 F -60.490724334 0
25 G -203.084863079 0
25 H -152.747659495 0
25 I -119.426560191 0
25 K -25.8281449981 0
25 L -179.131004832 0
25 M 0.323029757927 0
25 N -194.321792997 0
25 P 14.9294248469 0
25 Q -112.740331208 0
25 R -163.490831383 0
25 S -207.236016649 0
25 T -198.644234114 0
25 V -152.521920297 0
25 W 215.016814011 0
25 Y -19.3995869447 0
26 A -211.25224199 0
26 C -203.034875511 0
26 D -208.009123577 0
26 E -208.294200183 0
26 F -206.990829964 0
26 G -209.643502639 0
26 H -208.326039223 0
26 I -170.777333582 0
26 K -209.48497172 0
26 L -209.430803602 0
26 M -210.377540734 0
26 N -208.559635739 0
26 P 174.482431704 0
26 Q -207.58146626 0
26 R -210.398569559 0
26 S -209.968215654 1
26 T -207.268182307 0
26 V -166.96180184 0
26 W -206.954434712 0
26 Y -206.83883998 0
27 A -209.564355869 0
27 C -207.797956363 0
27 D -208.002616817 0
27 E -208.919590422 0
27 F -207.305194422 0
27 G -208.769585071 0
27 H -208.688840614 0
27 I -201.667703061 0
27 K -210.482728103 1
27 L -210.388040144 0
27 M -209.201807317 0
27 N -210.131395538 0
27 P -41.6129133922 0
27 Q -209.273126189 0
27 R -210.17038038 0
27 S -209.307855608 0
27 T -207.917536409 0
27 V -202.55374295 0
27 W -207.76303818 0
27 Y -207.216632903 0
28 A -200.400448259 0
28 C -202.219124978 0
28 D -201.13062816 0
28 E -198.621746148 0
28 F -208.281553213 0
28 G -197.94771268 0
28 H -205.165145694 0
28 I -150.007498202 0
28 K -201.787594996 0
28 L -200.556979331 0
28 M -202.877882582 0
28 N -204.319570505 0
28 P -136.669224156 0
28 Q -201.665511816 0
28 R -203.526900049 0
28 S -201.966866349 0
28 T -200.324875958 0
28 V -183.844127158 0
28 W -203.458829249 0
28 Y -210.330105542 1
29 A -208.12450009 0
29 C -205.675385434 0
29 D -209.577160155 1
29 E -209.712747451 0
29 F -207.109469711 0
29 G -207.353618666 0
29 H -208.836752612 0
29 I -206.778074038 0
29 K -209.374520292 0
29 L -209.307660805 0
29 M -208.039293922 0
29 N -208.79541887 0
29 P -192.922034873 0
29 Q -207.846869364 0
29 R -209.644624975 0
29 S -208.773761292 0
29 T -207.872664753 0
29 V -207.010557428 0
29 W -207.543244195 0
29 Y -206.988395817 0
30 A -209.021348832 1
30 C -205.551804654 0
30 D -193.665738068 0
30 E -160.897746437 0
30 F -149.232495462 0
30 G -203.084323048 0
30 H -149.615167262 0
30 I -107.616279943 0
30 K -130.703266473 0
30 L 13.9497526169 0
30 M -135.168625424 0
30 N -198.258472089 0
30 P -141.719156924 0
30 Q -155.51671547 0
30 R -151.088872218 0
30 S -204.466468317 0
30 T -198.867495093 0
30 V -144.229918644 0
30 W -68.1867496847 0
30 Y -144.296187126 0
31 A -208.211064568 0
31 C -206.040921541 0
31 D -208.469945814 1
31 E -210.050287533 0
31 F -206.455331846 0
31 G -206.889907409 0
31 H -208.401318067 0
31 I -208.443809396 0
31 K -208.661585112 0
31 L -209.744291399 0
31 M -208.912487418 0
31 N -207.804204929 0
31 P -47.4714126337 0
31 Q -208.89700955 0
31 R -208.049341495 0
31 S -208.71083995 0
31 T -208.323425858 0
31 V -208.413541136 0
31 W -208.164194521 0
31 Y -206.352718309 0
32 A -203.91452478 0
32 C -206.47542094 0
32 D -200.868182425 0
32 E -204.105374675 0
32 F -189.998616617 0
32 G -198.492947097 0
32 H -201.339528361 0
32 I -215.034632554 0
32 K -192.981037241 0
32 L -202.796487435 0
32 M -204.465903171 0
32 N -206.385694601 0
32 P -186.534100464 0
32 Q -205.378554336 0
32 R -156.270191124 0
32 S -203.248892871 0
32 T -206.679879691 0
32 V -211.497798993 1
32 W -135.735242397 0
32 Y -163.98320635 0
33 A -206.049297801 0
33 C -204.988520862 0
33 D -203.637445048 0
33 E -207.556868392 0
33 F -212.385249506 0
33 G -203.732931295 0
33 H -208.044615581 0
33 I -206.366663939 0
33 K -207.425283164 0
33 L -209.254584044 0
33 M -209.179375681 0
33 N -206.24523607 1
33 P -181.63223088 0
33 Q -206.738950723 0
33 R -209.354272585 0
33 S -205.9758694 0
33 T -207.026303531 0
33 V -206.596064176 0
33 W -211.954282705 0
33 Y -212.410208065 0
34 A -197.923453302 0
34 C -198.593173968 0
34 D -197.440276116 0
34 E -203.414677422 0
34 F -171.795133262 0
34 G -191.923530479 0
34 H -197.585995226 0
34 I -201.821885224 0
34 K -196.98016827 0
34 L -207.535894263 1
34 M -206.202629192 0
34 N -199.687648083 0
34 P -126.890938538 0
34 Q -201.65253294 0
34 R -204.54556645 0
34 S -198.847668167 0
34 T -199.386689716 0
34 V -198.827145909 0
34 W -198.89380431 0
34 Y -160.201471671 0
35 A -205.629797126 0
35 C -205.199170465 0
35 D -203.300305568 0
35 E -207.944838937 1
35 F -182.592897262 0
35 G -202.037747868 0
35 H -203.983905033 0
35 I -208.782263612 0
35 K -206.814009441 0
35 L -206.494702117 0
35 M -205.787265459 0
35 N -206.126285936 0
35 P -134.25880503 0
35 Q -205.22441958 0
35 R -207.248294848 0
35 S -206.144659759 0
35 T -206.698364319 0
35 V -208.329118031 0
35 W -199.335212311 0
35 Y -170.980992351 0
36 A -200.127367984 0
36 C -199.94441811 0
36 D -199.233353272 0
36 E -196.020463663 0
36 F -205.76570468 0
36 G -194.000876549 0
36 H -203.020695382 0
36 I -198.206185899 0
36 K -197.37409575 0
36 L -190.079553061 0
36 M -197.882701914 0
36 N -200.155397742 0
36 P -147.492526898 0
36 Q -193.111747213 0
36 R -198.218665824 0
36 S -200.0419458 0
36 T -199.37589256 0
36 V -197.547297195 0
36 W -202.203111462 0
36 Y -205.334712275 1
37 A -201.769459279 0
37 C -199.699097096 0
37 D -202.611780921 0
37 E -199.695000866 0
37 F -197.141029409 0
37 G -201.176032315 0
37 H -201.108573983 0
37 I -171.1862798 0
37 K -199.609856394 0
37 L -196.338669212 0
37 M -197.471803704 0
37 N -204.124804954 1
37 P -113.964680013 0
37 Q -196.356541146 0
37 R -198.765299981 0
37 S -201.676938348 0
37 T -195.145912446 0
37 V -184.616172671 0
37 W -195.967145393 0
37 Y -195.778121947 0
38 A -193.03182984 0
38 C -186.179493171 0
38 D -194.067478126 0
38 E -191.866454431 0
38 F -193.681893851 0
38 G -204.494637461 1
38 H -194.88802915 0
38 I -181.615001935 0
38 K -195.282647551 0
38 L -192.911262615 0
38 M -190.836207659 0
38 N -194.226248479 0
38 P -102.621941881 0
38 Q -189.680749767 0
38 R -193.862243605 0
38 S -197.837838668 0
38 T -190.175833082 0
38 V -182.662399448 0
38 W -192.315385253 0
38 Y -193.84142736 0
39 A -203.260519257 0
39 C -202.279334922 0
39 D -203.454698441 0
39 E -204.210473489 0
39 F -204.307904502 0
39 G -200.425471172 0
39 H -204.729293782 0
39 I -206.695352826 0
39 K -204.609514096 1
39 L -205.420258422 0
39 M -204.858419537 0
39 N -204.390573821 0
39 P -11.0321582068 0
39 Q -203.503689314 0
39 R -206.293102814 0
39 S -204.204055 0
39 T -205.392543938 0
39 V -206.277075347 0
39 W -203.42699374 0
39 Y -203.907129341 0
40 A -203.590487266 0
40 C -202.849695018 0
40 D -201.386101478 0
40 E -205.752449019 0
40 F -198.158784133 0
40 G -199.835527369 0
40 H -199.772157115 0
40 I -208.173830843 0
40 K -205.232772508 0
40 L -204.655413362 0
40 M -205.493587054 0
40 N -203.552932921 0
40 P -193.682287429 0
40 Q -204.288577552 0
40 R -206.738006525 0
40 S -204.530033625 0
40 T -206.469440295 1
40 V -208.233031122 0
40 W -197.772156856 0
40 Y -196.374449774 0
41 A -199.576493747 0
41 C -199.723702279 0
41 D -196.328702651 0
41 E -200.654323069 0
41 F -193.897855662 0
41 G -196.878106896 0
41 H -198.24842885 0
41 I -203.240102745 0
41 K -201.608431909 0
41 L -191.826457726 0
41 M -199.186330527 0
41 N -197.150029544 0
41 P -94.2819203649 0
41 Q -200.072556033 0
41 R -202.414232345 0
41 S -199.703305409 0
41 T -202.74911763 0
41 V -206.805096313 1
41 W -196.330715068 0
41 Y -195.126941767 0
42 A -203.386109132 0
42 C -202.729913956 0
42 D -207.168814429 0
42 E -204.64801925 0
42 F -201.855900121 0
42 G -201.522047378 0
42 H -202.683240448 0
42 I -204.474493951 0
42 K -204.151006008 0
42 L -205.503988395 0
42 M -203.981820928 0
42 N -206.196922723 1
42 P -203.492591079 0
42 Q -202.645307694 0
42 R -203.464546035 0
42 S -204.330392579 0
42 T -203.571944348 0
42 V -204.308863479 0
42 W -204.759057939 0
42 Y -201.978849633 0
43 A -205.096951137 0
43 C -187.762463781 0
43 D -202.046562484 0
43 E -184.878279908 0
43 F -152.251730824 0
43 G -202.071213258 0
43 H -184.973886281 0
43 I -182.982511562 0
43 K -193.552637619 0
43 L -209.357210087 1
43 M -202.245023664 0
43 N -204.999783241 0
43 P 40.811252069 0
43 Q -200.3694933 0
43 R -200.059647686 0
43 S -202.934627839 0
43 T -199.586296703 0
43 V -193.328349665 0
43 W -121.776825742 0
43 Y -147.213084096 0
44 A -202.512365476 0
44 C -201.774521062 0
44 D -203.581048461 0
44 E -203.890866902 0
44 F -198.111903984 0
44 G -202.075436434 0
44 H -205.914878366 0
44 I -199.82131931 0
44 K -208.902515687 1
44 L -206.168552333 0
44 M -207.618659861 0
44 N -206.096390565 0
44 P -181.601118519 0
44 Q -204.817939721 0
44 R -205.873734487 0
44 S -202.386775469 0
44 T -202.879796057 0
44 V -199.531714529 0
44 W -199.147236276 0
44 Y -198.245262975 0
45 A -202.79580873 0
45 C -201.72790531 0
45 D -206.533944085 0
45 E -204.559648403 0
45 F -200.47327842 0
45 G -198.031258803 0
45 H -203.247014405 0
45 I -202.126243531 0
45 K -204.042366748 0
45 L -204.281511012 0
45 M -202.632693243 0
45 N -204.822141085 0
45 P -73.4892392804 0
45 Q -203.292608005 0
45 R -203.313304089 0
45 S -205.463322779 1
45 T -200.550474835 0
45 V -200.446898345 0
45 W -201.959012377 0
45 Y -199.857909743 0
46 A -199.728868443 0
46 C -198.368097035 0
46 D -201.505469366 0
46 E -202.400478666 0
46 F -151.582690215 0
46 G -197.574907567 0
46 H -202.456213521 0
46 I -204.436658623 1
46 K -200.618631387 0
46 L -209.190783967 0
46 M -199.518084451 0
46 N -198.612087772 0
46 P -196.03494401 0
46 Q -199.664058424 0
46 R -202.226778195 0
46 S -199.636195803 0
46 T -201.447447919 0
46 V -203.483564456 0
46 W -190.089123343 0
46 Y -142.153934002 0
47 A -202.490904248 0
47 C -199.697993801 0
47 D -204.086316205 0
47 E -204.823794106 0
47 F -200.887455058 0
47 G -201.642801992 0
47 H -202.533067997 0
47 I -201.598525741 0
47 K -203.709775631 0
47 L -203.704759437 0
47 M -203.2406896 1
47 N -203.224142893 0
47 P -189.706264714 0
47 Q -202.414477473 0
47 R -203.070871017 0
47 S -203.674059611 0
47 T -202.73438375 0
47 V -201.461739796 0
47 W -202.461683818 0
47 Y -200.871775173 0
48 A -203.868238595 0
48 C -197.038993728 0
48 D -201.00529419 0
48 E -198.721150848 0
48 F -195.093343228 0
48 G -204.104482168 1
48 H -196.891032549 0
48 I -167.936370458 0
48 K -197.905326516 0
48 L -186.156405595 0
48 M -198.643666428 0
48 N -197.319276729 0
48 P -94.5304507263 0
48 Q -193.766781035 0
48 R -195.133494921 0
48 S -198.680406597 0
48 T -192.415288173 0
48 V -169.785827243 0
48 W -158.824782704 0
48 Y -193.942342259 0
49 A -199.221700931 0
49 C -198.25893637 0
49 D -196.325886624 0
49 E -198.093435579 0
49 F -190.925332727 0
49 G -195.081877083 0
49 H -194.557773981 0
49 I -200.544487312 0
49 K -178.547864759 0
49 L -201.942130591 0
49 M -182.783738871 0
49 N -197.316765508 0
49 P -83.8084573117 0
49 Q -196.942582005 0
49 R -194.664690087 0
49 S -198.605433856 0
49 T -201.641113255 0
49 V -204.768225348 1
49 W 49.5153015527 0
49 Y -177.914113812 0
50 A -202.775933037 0
50 C -201.732394288 0
50 D -200.156082076 0
50 E -203.393115032 0
50 F -201.998314673 0
50 G -199.582613743 0
50 H -201.922470563 0
50 I -203.995004403 0
50 K -201.699529985 0
50 L -204.137502859 0
50 M -201.357417281 0
50 N -205.288302548 0
50 P -12.5986425826 0
50 Q -201.959318948 0
50 R -202.011894298 0
50 S -201.319559347 0
50 T -202.15425619 0
50 V -205.333001775 1
50 W -202.503173705 0
50 Y -202.257959714 0
51 A -202.723132106 0
51 C -199.71295995 0
51 D -201.840084709 0
51 E -200.784537946 0
51 F -199.588666655 0
51 G -201.852595885 0
51 H -201.021353821 0
51 I -196.166334963 0
51 K -201.693164392 0
51 L -200.574947067 0
51 M -200.700537726 0
51 N -203.249212935 0
51 P 107.702148067 0
51 Q -200.106697017 0
51 R -202.16586138 0
51 S -203.369864439 1
51 T -200.182666468 0
51 V -179.640517289 0
51 W -200.245204023 0
51 Y -199.616325309 0
52 A -196.915266593 0
52 C -197.939183583 0
52 D -195.92915617 0
52 E -195.868275415 0
52 F -191.559219423 0
52 G -194.266408749 0
52 H -190.685935222 0
52 I -194.855169529 0
52 K -191.760592176 0
52 L -204.262664399 1
52 M -198.350411339 0
52 N -198.978631076 0
52 P -133.820119355 0
52 Q -200.355395113 0
52 R -195.146034334 0
52 S -197.076732744 0
52 T -197.70978382 0
52 V -195.877799479 0
52 W -173.268251102 0
52 Y -185.146652014 0
53 A -200.198200994 0
53 C -199.747471421 0
53 D -201.986492225 0
53 E -201.420009904 0
53 F -199.890505771 0
53 G -203.708110978 1
53 H -202.334410042 0
53 I -166.747761371 0
53 K -203.103835699 0
53 L -201.189180666 0
53 M -200.05627194 0
53 N -203.011824853 0
53 P -32.9819402954 0
53 Q -200.978013566 0
53 R -201.950145041 0
53 S -199.238791607 0
53 T -194.174199749 0
53 V -184.429186693 0
53 W -199.201944142 0
53 Y -199.868306049 0
54 A -197.096952741 0
54 C -198.979197445 0
54 D -194.513867899 0
54 E -195.403634661 0
54 F -167.117438342 0
54 G -192.622283938 0
54 H -180.094960645 0
54 I -206.339609108 1
54 K -188.212731411 0
54 L -193.548283235 0
54 M -200.624651167 0
54 N -196.661033431 0
54 P -175.972035225 0
54 Q -195.337419655 0
54 R -185.078933768 0
54 S -196.401453566 0
54 T -199.728032166 0
54 V -204.047153022 0
54 W -148.831697908 0
54 Y -159.774267048 0
55 A -204.769631124 1
55 C -204.472240903 0
55 D -205.883500568 0
55 E -205.971645938 0
55 F -205.090611889 0
55 G -205.062071753 0
55 H -206.474723636 0
55 I -205.980927258 0
55 K -208.183181511 0
55 L -208.002309202 0
55 M -206.238174816 0
55 N -205.757162268 0
55 P -169.512658081 0
55 Q -206.831823594 0
55 R -207.291771858 0
55 S -206.99760698 0
55 T -207.713292199 0
55 V -206.893814286 0
55 W -204.185514701 0
55 Y -205.590674996 0
56 A -201.495575495 0
56 C -199.25723899 0
56 D -196.458153896 0
56 E -199.165794841 0
56 F -154.570381287 0
56 G -198.804712066 0
56 H -196.171857501 0
56 I -200.616623647 0
56 K -203.513052799 1
56 L -195.440698867 0
56 M -199.950532493 0
56 N -200.12861619 0
56 P -200.760940945 0
56 Q -202.174201164 0
56 R -201.036228788 0
56 S -200.695521214 0
56 T -198.73569318 0
56 V -200.390315228 0
56 W -188.613573511 0
56 Y -165.350384441 0
57 A -194.386823669 0
57 C -187.655226554 0
57 D -194.797007073 0
57 E -191.570220747 0
57 F -191.31970942 0
57 G -204.779007578 1
57 H -196.036535167 0
57 I -182.48737475 0
57 K -193.311769883 0
57 L -193.680891324 0
57 M -190.65659303 0
57 N -194.624513371 0
57 P -55.4387836126 0
57 Q -191.058302944 0
57 R -195.133087996 0
57 S -196.493989653 0
57 T -191.852046269 0
57 V -182.61871041 0
57 W -192.386167927 0
57 Y -194.664098279 0
58 A -205.603015774 1
58 C -200.903357919 0
58 D -201.947780332 0
58 E -170.165678946 0
58 F -170.293170253 0
58 G -201.642442709 0
58 H -184.459760699 0
58 I -171.396599519 0
58 K -164.791162879 0
58 L -122.252404653 0
58 M -169.130620481 0
58 N -199.686653304 0
58 P 25.3913355587 0
58 Q -161.4426738 0
58 R -186.062102252 0
58 S -202.629089907 0
58 T -192.047689492 0
58 V -189.861662752 0
58 W 8.91700114593 0
58 Y -171.813865561 0
59 A -203.171597776 0
59 C -202.378783367 0
59 D -203.93499691 0
59 E -205.294781154 1
59 F -205.120445664 0
59 G -200.135877973 0
59 H -204.335358912 0
59 I -208.296237396 0
59 K -204.925322768 0
59 L -206.851167688 0
59 M -205.397846853 0
59 N -204.260201087 0
59 P -197.4581824 0
59 Q -203.85521658 0
59 R -205.076644989 0
59 S -204.45461595 0
59 T -205.294888736 0
59 V -207.099732399 0
59 W -206.193355317 0
59 Y -204.915502666 0
60 A -197.198942232 0
60 C -200.096937719 0
60 D -195.585451087 0
60 E -207.859407547 0
60 F -196.919481769 0
60 G -193.608281958 0
60 H -196.359163369 0
60 I -209.651233204 1
60 K -200.822278737 0
60 L -203.287438243 0
60 M -207.902621583 0
60 N -198.248901396 0
60 P -172.399000783 0
60 Q -206.299643689 0
60 R -195.680654803 0
60 S -199.760687583 0
60 T -204.310634512 0
60 V -208.405701183 0
60 W 114.470696204 0
60 Y -201.96541497 0
61 A -205.731246298 0
61 C -205.474470838 0
61 D -202.099385744 0
61 E -194.070131548 0
61 F -204.387430049 0
61 G -201.036921931 0
61 H -203.684319914 0
61 I -210.248319718 0
61 K -201.667879589 0
61 L -206.046944184 0
61 M -206.290666181 0
61 N -206.809370475 0
61 P -141.463699197 0
61 Q -202.236329259 0
61 R -205.573295709 0
61 S -204.95693234 0
61 T -209.304740703 1
61 V -210.630162132 0
61 W -200.590136826 0
61 Y -202.301689849 0
62 A -199.462046495 0
62 C -200.410584494 0
62 D -200.812880743 0
62 E -204.026088122 0
62 F -199.225418545 0
62 G -194.523531094 0
62 H -203.737356865 0
62 I -211.775826286 1
62 K -199.563433139 0
62 L -210.274469339 0
62 M -208.154973793 0
62 N -203.307841697 0
62 P -169.923749081 0
62 Q -205.085091563 0
62 R -196.441419645 0
62 S -199.817124517 0
62 T -203.105298151 0
62 V -208.438564672 0
62 W -201.549894624 0
62 Y -196.242494928 0
63 A -211.439750632 0
63 C -207.926633923 0
63 D -208.873872961 0
63 E -210.901874291 0
63 F -164.264686806 0
63 G -209.456365865 0
63 H -192.548982617 0
63 I -166.048560183 0
63 K -210.756504634 0
63 L -212.680487347 0
63 M -212.146919821 0
63 N -210.359597835 0
63 P -176.430279079 0
63 Q -210.106837535 0
63 R -212.697010266 0
63 S -212.04025867 1
63 T -210.733979965 0
63 V -179.14766314 0
63 W -183.194979969 0
63 Y -165.076681896 0
64 A -211.516580636 1
64 C -210.265466285 0
64 D -199.543040666 0
64 E -179.295447749 0
64 F -173.841717419 0
64 G -203.206213962 0
64 H -195.847121187 0
64 I -184.620110868 0
64 K -177.457519485 0
64 L -184.420315905 0
64 M -202.362215855 0
64 N -202.150627242 0
64 P -182.641655825 0
64 Q -155.453954403 0
64 R -59.8742238678 0
64 S -206.827093223 0
64 T -207.181330147 0
64 V -205.692677706 0
64 W -142.754622355 0
64 Y -185.12266037 0
65 A -203.455420891 0
65 C -202.227348568 0
65 D -204.36727525 0
65 E -205.019856586 0
65 F -205.884567811 0
65 G -200.267287201 0
65 H -205.025821088 0
65 I -204.960165756 0
65 K -205.013392264 0
65 L -204.731304194 0
65 M -204.917220734 0
65 N -206.548833261 0
65 P -91.5009777934 0
65 Q -203.018701231 0
65 R -206.257513674 0
65 S -205.923225531 1
65 T -203.511921231 0
65 V -205.499775152 0
65 W -202.154123624 0
65 Y -207.204304894 0
66 A -137.274748799 0
66 C -133.653946961 0
66 D -134.519835571 0
66 E -127.194005559 0
66 F -125.876071832 0
66 G -207.788253154 1
66 H 591.894489475 0
66 I -67.6549181195 0
66 K -121.650814489 0
66 L -45.4208619147 0
66 M -125.605664702 0
66 N -138.804527778 0
66 P 107.271089281 0
66 Q -82.5803369242 0
66 R 38.943608664 0
66 S -136.075472209 0
66 T 28.3457706531 0
66 V -74.390290108 0
66 W -97.6906584981 0
66 Y -124.82515369 0
67 A -207.105940144 1
67 C -203.936131897 0
67 D -208.718075321 0
67 E -210.411552845 0
67 F -204.82852143 0
67 G -205.967875123 0
67 H -206.407900174 0
67 I -205.528651225 0
67 K -207.963444894 0
67 L -206.924033087 0
67 M -206.05605775 0
67 N -206.924738032 0
67 P -208.038663906 0
67 Q -206.96266356 0
67 R -208.400373476 0
67 S -207.487291427 0
67 T -206.244184917 0
67 V -205.48766871 0
67 W -204.972468129 0
67 Y -204.854025237 0
68 A -196.020263241 0
68 C -194.146793029 0
68 D -207.871088443 1
68 E -197.349361308 0
68 F -197.269559578 0
68 G -194.639539225 0
68 H -196.799407318 0
68 I -190.052021915 0
68 K -198.562262529 0
68 L -198.938858342 0
68 M -195.882852491 0
68 N -196.62109594 0
68 P -190.289272477 0
68 Q -197.126207389 0
68 R -198.913796391 0
68 S -196.538220483 0
68 T -197.455155953 0
68 V -198.77306161 0
68 W -195.444599222 0
68 Y -196.903976564 0
69 A -213.466443125 0
69 C -209.45919628 0
69 D -210.313089481 0
69 E -213.03606954 1
69 F -185.012700425 0
69 G -209.065951681 0
69 H -210.666699507 0
69 I -140.026520908 0
69 K -209.61082379 0
69 L -207.214977626 0
69 M -209.889719295 0
69 N -208.940382037 0
69 P -79.0450735882 0
69 Q -210.460525876 0
69 R -209.80620711 0
69 S -211.195235539 0
69 T -206.632213507 0
69 V -139.107304561 0
69 W -22.2958156884 0
69 Y -204.491521211 0
70 A -208.992558089 0
70 C -206.931283882 0
70 D -211.407732066 0
70 E -211.468609771 0
70 F -209.595878009 0
70 G -208.150758225 0
70 H -210.384243239 0
70 I -210.254555675 0
70 K -210.973785861 0
70 L -211.725917661 0
70 M -210.340573051 0
70 N -210.359408186 1
70 P -192.111417916 0
70 Q -209.005479935 0
70 R -210.309397331 0
70 S -210.291040025 0
70 T -210.377086239 0
70 V -209.578250699 0
70 W -212.469123974 0
70 Y -209.74959304 0
71 A -209.131387619 0
71 C -205.973838988 0
71 D -210.652734791 1
71 E -210.989187074 0
71 F -207.587204317 0
71 G -207.303130468 0
71 H -209.185589626 0
71 I -209.075115387 0
71 K -210.135326172 0
71 L -209.876900763 0
71 M -208.570227599 0
71 N -209.224018066 0
71 P -178.814227325 0
71 Q -209.151069953 0
71 R -209.561454177 0
71 S -209.311022355 0
71 T -209.025787223 0
71 V -209.244811674 0
71 W -207.905924681 0
71 Y -207.621764405 0
72 A -211.84730164 1
72 C -209.526063671 0
72 D -206.134921328 0
72 E -201.180438693 0
72 F -157.745315867 0
72 G -206.520862377 0
72 H -183.997411309 0
72 I -167.380855336 0
72 K -167.237301938 0
72 L -196.863883404 0
72 M -200.360350011 0
72 N -207.176256853 0
72 P 89.3504923309 0
72 Q -200.024212103 0
72 R -152.823217714 0
72 S -209.53848255 0
72 T -210.199992323 0
72 V -160.951153169 0
72 W -121.712551258 0
72 Y -151.268083626 0
73 A -203.374235083 0
73 C -207.899233582 0
73 D -206.028278538 0
73 E -205.868608661 0
73 F -176.335181693 0
73 G -201.730320746 0
73 H -198.106382469 0
73 I -212.833881381 0
73 K -205.800032129 0
73 L -215.940817448 1
73 M -210.300274606 0
73 N -208.304429554 0
73 P -53.8513096874 0
73 Q -207.051767801 0
73 R -205.360569216 0
73 S -206.759629334 0
73 T -208.869989001 0
73 V -210.682126184 0
73 W -193.996360337 0
73 Y 246.152285793 0
74 A -211.450216236 0
74 C -208.555537254 0
74 D -210.706303125 0
74 E -211.344417473 0
74 F -209.054548981 0
74 G -209.960591345 0
74 H -210.353313719 0
74 I -211.817805135 0
74 K -212.38110312 0
74 L -212.037983299 0
74 M -210.67260903 0
74 N -210.692870318 1
74 P 5.28597215189 0
74 Q -210.994765812 0
74 R -213.188605099 0
74 S -210.598816824 0
74 T -211.679334129 0
74 V -211.443776945 0
74 W -208.882606216 0
74 Y -208.959783085 0
75 A -213.315525279 1
75 C -206.869460806 0
75 D -211.288413081 0
75 E -209.550537759 0
75 F -206.453625185 0
75 G -210.500773618 0
75 H -208.424793407 0
75 I -178.570851764 0
75 K -210.370405005 0
75 L -204.678476944 0
75 M -208.751720488 0
75 N -209.01358301 0
75 P 17.2467137779 0
75 Q -208.440375462 0
75 R -208.194525052 0
75 S -210.812943337 0
75 T -207.066855123 0
75 V -175.629503878 0
75 W -206.218584396 0
75 Y -205.587035199 0
76 A -205.16010767 0
76 C -204.531271756 0
76 D -204.783633775 0
76 E -206.667871715 0
76 F -96.4594483209 0
76 G -202.219565937 0
76 H -202.005206063 0
76 I -211.067818461 0
76 K -199.508472166 0
76 L -213.601630043 1
76 M -208.474217452 0
76 N -206.605841858 0
76 P -59.320706091 0
76 Q -204.400576334 0
76 R -200.147964223 0
76 S -204.017806044 0
76 T -203.985431605 0
76 V -207.943383858 0
76 W -177.823491267 0
76 Y -196.872104187 0
77 A -211.949251259 0
77 C -209.086501673 0
77 D -210.486426167 0
77 E -212.174609912 1
77 F -171.978136727 0
77 G -206.422454493 0
77 H -209.21984615 0
77 I -210.12562084 0
77 K -208.935984649 0
77 L -209.909441205 0
77 M -210.002143317 0
77 N -207.366535419 0
77 P 115.482519297 0
77 Q -208.779984884 0
77 R -209.649329271 0
77 S -210.910447679 0
77 T -212.023685387 0
77 V -208.553647793 0
77 W -177.250087736 0
77 Y -150.081067567 0
78 A -210.784023335 0
78 C -208.121017122 0
78 D -210.662002901 0
78 E -211.751022809 1
78 F -209.397056285 0
78 G -209.080378914 0
78 H -210.354233398 0
78 I -211.089610645 0
78 K -211.733177121 0
78 L -211.788656511 0
78 M -210.853496301 0
78 N -210.695644129 0
78 P 37.7820356687 0
78 Q -209.97969575 0
78 R -213.585335395 0
78 S -210.126895871 0
78 T -210.76804071 0
78 V -210.829854722 0
78 W -211.700415439 0
78 Y -209.558157191 0
79 A -215.218491548 0
79 C -210.737309312 0
79 D -211.110530415 0
79 E -211.960554746 0
79 F -166.408970215 0
79 G -212.97273406 0
79 H -205.889758503 0
79 I -212.080841426 0
79 K -209.844804931 0
79 L -201.143586009 0
79 M -212.679916055 0
79 N -211.937691034 0
79 P 74.5561804136 0
79 Q -212.250872288 0
79 R -213.318881419 0
79 S -213.859226544 0
79 T -217.479825977 1
79 V -212.00048 0
79 W -197.267975608 0
79 Y -167.106830918 0
80 A -210.584918233 0
80 C -207.970318011 0
80 D -205.216682915 0
80 E -208.59318831 0
80 F -191.421945565 0
80 G -206.935521425 0
80 H -193.606800435 0
80 I -210.820423206 0
80 K -206.541393297 0
80 L -210.429546431 0
80 M -212.844126815 1
80 N -207.544591674 0
80 P 29.0534643753 0
80 Q -208.672390648 0
80 R -210.988229023 0
80 S -209.06853936 0
80 T -210.156270588 0
80 V -207.510339356 0
80 W -167.283573693 0
80 Y -163.171745367 0
81 A -211.752214744 0
81 C -210.442292586 0
81 D -209.326021051 0
81 E -211.751612667 0
81 F -209.86949851 0
81 G -210.466785062 0
81 H -211.447338831 0
81 I -212.742977928 0
81 K -216.405390045 1
81 L -211.567596272 0
81 M -214.240002941 0
81 N -210.558930284 0
81 P 11.0261808278 0
81 Q -211.554243842 0
81 R -213.114225317 0
81 S -210.760419659 0
81 T -210.926058918 0
81 V -212.255238508 0
81 W -211.174145154 0
81 Y -209.411121007 0
82 A -210.225695016 0
82 C -208.024104873 1
82 D -209.93906395 0
82 E -210.150617873 0
82 F -207.882319363 0
82 G -208.856646244 0
82 H -209.882888919 0
82 I -209.077838168 0
82 K -211.279474385 0
82 L -210.440130678 0
82 M -209.676336365 0
82 N -210.32985558 0
82 P 86.4938884336 0
82 Q -209.195127806 0
82 R -210.735826895 0
82 S -209.334317015 0
82 T -209.418441051 0
82 V -206.843089407 0
82 W -209.72720696 0
82 Y -207.632428237 0
83 A -212.134682389 0
83 C -210.524959846 0
83 D -210.736825471 0
83 E -212.185829733 1
83 F -212.965134517 0
83 G -210.13810221 0
83 H -214.570374261 0
83 I -208.617900665 0
83 K -212.906071741 0
83 L -213.643803341 0
83 M -212.406466643 0
83 N -210.529750786 0
83 P 7.12775432202 0
83 Q -211.311631637 0
83 R -211.763765087 0
83 S -211.218065856 0
83 T -210.885423703 0
83 V -210.100112531 0
83 W -212.909996522 0
83 Y -213.820393559 0
84 A -208.362928029 0
84 C -207.414205681 0
84 D -210.114750415 0
84 E -209.519231279 0
84 F -208.239221402 0
84 G -212.985226606 1
84 H -210.341062816 0
84 I -183.164335837 0
84 K -211.114490303 0
84 L -209.663434235 0
84 M -208.661237445 0
84 N -211.81415701 0
84 P -93.71608257 0
84 Q -209.640072672 0
84 R -210.298385688 0
84 S -208.319968783 0
84 T -202.643343056 0
84 V -183.552739617 0
84 W -207.824188503 0
84 Y -208.129894234 0
85 A -206.312189702 0
85 C -204.996922673 0
85 D -206.281773958 0
85 E -208.683356752 0
85 F -180.33412606 0
85 G -203.650515335 0
85 H -198.367365721 0
85 I -207.787750535 0
85 K -198.557069951 0
85 L -212.826662033 1
85 M -199.918384092 0
85 N -206.221718369 0
85 P 23.4020867473 0
85 Q -207.472922968 0
85 R -202.412765355 0
85 S -206.915082341 0
85 T -207.589510321 0
85 V -208.506444904 0
85 W -122.468948447 0
85 Y -198.362215148 0
86 A -187.366813535 0
86 C -80.2888903222 0
86 D 81.1089302418 0
86 E 153.122319434 0
86 F -131.601418807 0
86 G -213.267809181 1
86 H 570.232399987 0
86 I -60.3355423275 0
86 K 29.8794646033 0
86 L 250.748226566 0
86 M -182.889753687 0
86 N 53.5979281973 0
86 P -130.633839901 0
86 Q -179.940063434 0
86 R 93.9806093987 0
86 S -180.020946379 0
86 T -90.6610065611 0
86 V -70.7949291331 0
86 W -154.614600436 0
86 Y -157.214203223 0
87 A -212.306917569 0
87 C -211.684093703 0
87 D -212.173496183 0
87 E -213.624076553 1
87 F -212.906980578 0
87 G -212.370984582 0
87 H -212.654796363 0
87 I -212.856966823 0
87 K -213.259789588 0
87 L -210.088525191 0
87 M -212.504947702 0
87 N -212.980869319 0
87 P -191.400697568 0
87 Q -211.888247391 0
87 R -212.789070576 0
87 S -213.071159396 0
87 T -212.204440375 0
87 V -213.178313565 0
87 W -213.830474065 0
87 Y -212.813274941 0
