1 A -110.785672012 0
1 C -108.630431333 0
1 D -112.371971202 0
1 E -112.928149452 1
1 F -109.270592406 0
1 G -109.942311032 0
1 H -112.144185246 0
1 I -103.393893532 0
1 K -114.409184742 0
1 L -111.581276272 0
1 M -110.110589387 0
1 N -111.312431701 0
1 P -113.047962922 0
1 Q -111.846434257 0
1 R -111.049299883 0
1 S -111.64756914 0
1 T -108.289466029 0
1 V -108.485115099 0
1 W -109.222374391 0
1 Y -109.348351269 0
2 A -108.308617076 0
2 C -108.681265907 0
2 D -113.81808161 1
2 E -110.158433762 0
2 F -107.975586115 0
2 G -104.861167238 0
2 H -108.69300864 0
2 I -112.367469829 0
2 K -110.061714468 0
2 L -110.106892195 0
2 M -108.787646576 0
2 N -112.928477471 0
2 P -105.477815298 0
2 Q -108.376768367 0
2 R -110.94492457 0
2 S -109.135027892 0
2 T -110.239291391 0
2 V -112.011419528 0
2 W -107.822050648 0
2 Y -107.050940273 0
3 A -121.439573489 0
3 C -114.435734273 0
3 D -110.510632877 0
3 E -112.284881697 0
3 F -108.682049081 0
3 G -118.074840758 0
3 H -114.333934534 0
3 I 38.0142686859 0
3 K -66.0552892485 0
3 L -82.803983539 0
3 M 176.937661569 0
3 N -105.578871463 0
3 P -122.109754609 1
3 Q -110.504450391 0
3 R -81.9489690407 0
3 S -118.902387128 0
3 T -109.82580235 0
3 V -107.0998722 0
3 W -116.187216408 0
3 Y -115.650786489 0
4 A -114.023275522 0
4 C -111.902769551 0
4 D -115.248644403 0
4 E -115.476282477 1
4 F -112.020009914 0
4 G -113.120347081 0
4 H -120.412114513 0
4 I -112.657797614 0
4 K -114.938509792 0
4 L -114.406884275 0
4 M -114.037543812 0
4 N -115.092875639 0
4 P -90.5439924983 0
4 Q -113.582719711 0
4 R -115.953029373 0
4 S -115.037204308 0
4 T -114.19212045 0
4 V -113.657403963 0
4 W -118.336158076 0
4 Y -112.167998814 0
5 A -116.112479498 0
5 C -113.273158072 0
5 D -115.290796963 0
5 E -116.450846037 0
5 F -112.163316693 0
5 G -114.54141552 0
5 H -114.737403083 0
5 I -115.321998917 0
5 K -116.026628371 0
5 L -116.89040827 0
5 M -114.288681537 0
5 N -114.882696174 0
5 P -21.0892557632 0
5 Q -113.348584614 0
5 R -114.977194331 0
5 S -115.562767077 0
5 T -115.869991394 0
5 V -116.19848136 1
5 W -112.333611194 0
5 Y -111.825674899 0
6 A -114.662932011 0
6 C -113.344260004 0
6 D -114.200999335 0
6 E -113.805627207 0
6 F -105.969980403 0
6 G -107.223639481 0
6 H -106.574229806 0
6 I -114.708616738 0
6 K -111.373817521 0
6 L -121.239295426 1
6 M -114.66547741 0
6 N -115.388372612 0
6 P 66.0525842893 0
6 Q -113.302194302 0
6 R -106.956633792 0
6 S -113.605566862 0
6 T -113.973611668 0
6 V -114.671455599 0
6 W -51.2711316802 0
6 Y -30.1360297009 0
7 A -112.147969415 0
7 C -109.170982989 0
7 D -110.795084586 0
7 E -111.30384048 0
7 F -117.412266209 1
7 G -107.816303235 0
7 H -115.200982422 0
7 I -103.80640078 0
7 K -110.883445536 0
7 L -97.939561577 0
7 M -110.59815103 0
7 N -112.294455143 0
7 P 180.533410626 0
7 Q -110.514355606 0
7 R -112.052838402 0
7 S -110.151399957 0
7 T -112.372315382 0
7 V -98.3363670745 0
7 W -114.509900447 0
7 Y -119.855996011 0
8 A -114.90969653 0
8 C -112.722212795 0
8 D -115.107943696 0
8 E -116.581236021 0
8 F -116.874281366 0
8 G -113.824374275 0
8 H -117.769085045 0
8 I -118.528735419 0
8 K -116.673598514 1
8 L -117.8691107 0
8 M -114.672116768 0
8 N -116.540727031 0
8 P -53.7580090836 0
8 Q -114.500861415 0
8 R -116.973826307 0
8 S -115.710564616 0
8 T -115.812139068 0
8 V -117.656268688 0
8 W -115.420941442 0
8 Y -116.774249001 0
9 A -116.349684596 0
9 C -113.543907412 0
9 D -117.309347611 0
9 E -121.205592418 0
9 F -113.126956007 0
9 G -114.346536314 0
9 H -115.397633661 0
9 I -114.040668907 0
9 K -116.136707252 0
9 L -115.47532238 0
9 M -115.653957854 0
9 N -116.03486823 1
9 P 136.914147632 0
9 Q -115.366242533 0
9 R -119.224687447 0
9 S -115.495944409 0
9 T -114.427871093 0
9 V -115.13583595 0
9 W -118.740157802 0
9 Y -113.037024747 0
10 A -110.213491648 0
10 C -110.103166957 0
10 D -110.244838704 0
10 E -108.385750239 0
10 F -110.977477473 0
10 G -108.443020219 0
10 H -113.111833254 0
10 I -105.353526438 0
10 K -114.299884341 1
10 L -110.669444598 0
10 M -115.966929484 0
10 N -112.030665639 0
10 P 60.8739268191 0
10 Q -110.131991069 0
10 R -110.593763565 0
10 S -110.198861392 0
10 T -111.002673834 0
10 V -105.110038874 0
10 W -98.6785136545 0
10 Y -107.152547326 0
11 A -108.089530738 0
11 C -106.270496834 0
11 D -109.973559091 0
11 E -108.40192581 0
11 F -108.303926786 0
11 G -114.614368582 1
11 H -110.001446363 0
11 I -83.8047234555 0
11 K -110.208338419 0
11 L -109.117716238 0
11 M -108.343312863 0
11 N -111.57890448 0
11 P -26.9786614181 0
11 Q -109.244310167 0
11 R -109.669885959 0
11 S -107.310198629 0
11 T -104.098005667 0
11 V -83.8037245231 0
11 W -107.350103642 0
11 Y -107.848768183 0
12 A -117.419902602 0
12 C -114.877750446 1
12 D -116.671703385 0
12 E -117.593211037 0
12 F -119.333226218 0
12 G -114.531916061 0
12 H -118.024562099 0
12 I -115.700825883 0
12 K -114.971840906 0
12 L -119.922401558 0
12 M -119.189007344 0
12 N -116.270131523 0
12 P -49.3508809609 0
12 Q -117.030498466 0
12 R -116.885949178 0
12 S -115.803030788 0
12 T -111.119415728 0
12 V -117.163678169 0
12 W -115.533459351 0
12 Y -119.241680883 0
13 A -113.904254383 0
13 C -110.888525601 0
13 D -111.800892778 0
13 E -110.085365089 0
13 F -114.188782356 0
13 G -111.060976508 0
13 H -115.138433256 0
13 I -114.077848647 0
13 K -110.409347966 0
13 L -104.92326289 0
13 M -115.122294593 0
13 N -115.010017981 0
13 P 88.6277373992 0
13 Q -109.776987424 0
13 R -111.34842464 0
13 S -113.71149581 0
13 T -111.602979294 0
13 V -113.544136711 1
13 W -112.953834263 0
13 Y -109.402430709 0
14 A -110.281470001 1
14 C -107.810046518 0
14 D -111.369246548 0
14 E -111.458691002 0
14 F -111.516427336 0
14 G -108.727568509 0
14 H -110.634888146 0
14 I -108.505099357 0
14 K -111.146678339 0
14 L -111.254367086 0
14 M -110.144487292 0
14 N -110.891409463 0
14 P 113.95036071 0
14 Q -109.608498825 0
14 R -110.669012294 0
14 S -110.22953244 0
14 T -108.623555713 0
14 V -108.90226831 0
14 W -109.496458389 0
14 Y -109.356849696 0
15 A -110.754132797 0
15 C -110.654169155 1
15 D -111.348159627 0
15 E -114.289443566 0
15 F -111.827462569 0
15 G -109.198468368 0
15 H -112.915053045 0
15 I -112.489805406 0
15 K -113.921595142 0
15 L -111.16783864 0
15 M -112.850121118 0
15 N -112.912848342 0
15 P -61.3787250186 0
15 Q -112.849838202 0
15 R -114.586414319 0
15 S -111.350543719 0
15 T -113.233346592 0
15 V -111.801774496 0
15 W -109.041863381 0
15 Y -111.666720389 0
16 A -110.024099983 0
16 C -109.008431992 0
16 D -108.760873187 0
16 E -107.617187952 0
16 F -112.147623618 0
16 G -105.201587316 0
16 H -115.071926097 1
16 I -105.562139405 0
16 K -107.128493883 0
16 L -85.9446522361 0
16 M -110.151526601 0
16 N -110.52348663 0
16 P -0.408869746921 0
16 Q -108.296056521 0
16 R -110.790320359 0
16 S -109.665859918 0
16 T -110.678096689 0
16 V -109.732802076 0
16 W -101.58654209 0
16 Y -110.273104621 0
17 A -118.792056709 1
17 C -114.410782232 0
17 D -119.66944396 0
17 E -117.868354912 0
17 F -111.238696583 0
17 G -117.420855661 0
17 H -118.684304846 0
17 I -20.0959861692 0
17 K -114.23653931 0
17 L -112.072258374 0
17 M -115.192453782 0
17 N -118.232210792 0
17 P -17.6791608389 0
17 Q -112.984658617 0
17 R -115.093842999 0
17 S -117.688645882 0
17 T -112.348966669 0
17 V -113.927590424 0
17 W 630.866859975 0
17 Y -113.334543199 0
18 A -116.453098072 0
18 C -115.861283614 0
18 D -116.881146255 0
18 E -118.482742338 0
18 F -109.143967501 0
18 G -114.228782559 0
18 H -115.257675961 0
18 I -115.94429951 1
18 K -118.121202122 0
18 L -110.824878299 0
18 M -113.793302232 0
18 N -115.991925413 0
18 P -112.017276704 0
18 Q -116.72601117 0
18 R -118.199603752 0
18 S -117.00297616 0
18 T -117.684403832 0
18 V -119.158388308 0
18 W -109.387512443 0
18 Y -113.416423926 0
19 A -113.448436932 0
19 C -112.084855771 0
19 D -116.179520629 1
19 E -116.14814349 0
19 F -113.892520189 0
19 G -112.220438104 0
19 H -115.349388918 0
19 I -112.448949857 0
19 K -114.198111818 0
19 L -116.216068292 0
19 M -112.010691282 0
19 N -115.465319822 0
19 P -96.7816920778 0
19 Q -111.995422282 0
19 R -114.420610974 0
19 S -115.263003935 0
19 T -116.036440561 0
19 V -112.601495245 0
19 W -111.396698313 0
19 Y -114.035436133 0
20 A -116.243947457 0
20 C -114.759082491 0
20 D -115.421913496 0
20 E -117.848003573 0
20 F -117.416869995 0
20 G -114.281672484 0
20 H -117.746357981 0
20 I -118.257571593 0
20 K -117.728977791 0
20 L -117.417712852 0
20 M -116.544928381 0
20 N -116.077850485 0
20 P -89.4979855906 0
20 Q -115.65285375 0
20 R -118.481662527 0
20 S -117.418348422 0
20 T -118.15860281 1
20 V -118.732739135 0
20 W -115.956398102 0
20 Y -117.587222205 0
21 A -112.756058725 0
21 C -111.540193504 0
21 D -114.054773334 0
21 E -114.308476754 0
21 F -99.8219380373 0
21 G -110.862874022 0
21 H -115.718776789 0
21 I -114.68759179 0
21 K -115.736746606 1
21 L -113.430750606 0
21 M -114.099597137 0
21 N -113.862179424 0
21 P -113.187334491 0
21 Q -113.082907607 0
21 R -114.483541213 0
21 S -113.382439255 0
21 T -113.927289495 0
21 V -115.503922225 0
21 W -115.576676357 0
21 Y -97.3209051554 0
22 A -110.495777644 0
22 C -107.651335771 0
22 D -113.209909456 0
22 E -111.967373262 0
22 F -104.340191832 0
22 G -118.514543133 0
22 H -108.807294673 0
22 I -113.109171062 0
22 K -114.377605386 0
22 L -117.489818725 0
22 M -110.475528863 1
22 N -110.632948587 0
22 P -74.6105394214 0
22 Q -111.790490811 0
22 R -115.2056742 0
22 S -116.675666197 0
22 T -111.544062787 0
22 V -114.019988571 0
22 W -102.545920731 0
22 Y -105.952109855 0
23 A -111.120819009 0
23 C -108.983823325 0
23 D -112.13685959 0
23 E -112.308444089 0
23 F -110.621318085 0
23 G -108.749491697 0
23 H -111.848024696 0
23 I -113.749163499 0
23 K -114.07698876 0
23 L -112.378791465 0
23 M -110.473018465 0
23 N -112.279820325 0
23 P -17.4603540994 0
23 Q -110.966349529 0
23 R -113.602363957 0
23 S -111.553893393 0
23 T -112.089998005 0
23 V -114.45097555 1
23 W -109.044821499 0
23 Y -111.155614952 0
24 A -102.67218259 0
24 C -99.1373143287 0
24 D -101.623452888 0
24 E -104.632232171 0
24 F -94.7222654929 0
24 G -112.451273506 1
24 H -101.288173446 0
24 I -89.8240391727 0
24 K -101.328611753 0
24 L -104.233912728 0
24 M -105.279948718 0
24 N -104.18223419 0
24 P -30.6490088797 0
24 Q -106.732231738 0
24 R -109.058505729 0
24 S -100.158265753 0
24 T -99.6089610439 0
24 V -85.0997187262 0
24 W -74.2961493317 0
24 Y -100.057348912 0
25 A -108.45218413 0
25 C -103.880797116 0
25 D -101.166120723 0
25 E -103.80056867 0
25 F -95.0247619054 0
25 G -104.660046428 0
25 H -78.7007440437 0
25 I -103.650829132 0
25 K -98.1644056773 0
25 L -89.6710979183 0
25 M -101.441512731 0
25 N -102.415806909 0
25 P -111.944633804 1
25 Q -100.105508794 0
25 R -101.093812633 0
25 S -107.742032429 0
25 T -105.536327544 0
25 V -105.451052611 0
25 W -90.9533301674 0
25 Y -95.0317259837 0
26 A -117.144554119 1
26 C -101.894341601 0
26 D -99.7234252008 0
26 E 24.7273840929 0
26 F 1787.8922543 0
26 G -112.490018247 0
26 H 1195.96261542 0
26 I 123.801642964 0
26 K -100.939540543 0
26 L 209.633507576 0
26 M -104.52030851 0
26 N -81.3280879028 0
26 P -111.561871864 0
26 Q 58.5580568 0
26 R 8.12923899175 0
26 S -111.189961899 0
26 T -94.0149694895 0
26 V -3.87602238355 0
26 W 1568.11272616 0
26 Y 1758.10878488 0
27 A -114.306797229 0
27 C -111.87304065 0
27 D -112.937819093 0
27 E -114.467143063 0
27 F -116.646083119 0
27 G -111.968577801 0
27 H -117.336650719 0
27 I -112.460379764 0
27 K -111.849954523 0
27 L -116.979167301 0
27 M -115.551677621 0
27 N -115.389981314 0
27 P 7.41116767654 0
27 Q -114.627267933 0
27 R -113.804466027 0
27 S -112.564455704 0
27 T -108.907826813 0
27 V -107.545586898 0
27 W -118.748537491 0
27 Y -119.347514884 1
28 A -121.104703975 0
28 C -116.994615868 0
28 D -112.01403023 0
28 E -117.935907635 0
28 F -95.571744302 0
28 G -119.072563014 0
28 H -121.264624842 0
28 I -119.576932715 0
28 K -123.975005432 1
28 L -95.6529458799 0
28 M -118.954528632 0
28 N -115.841135158 0
28 P 197.236854602 0
28 Q -118.192240394 0
28 R -122.597195917 0
28 S -120.509229376 0
28 T -120.345206831 0
28 V -120.509926267 0
28 W -116.354154578 0
28 Y -91.7428232401 0
29 A -112.653964387 0
29 C -109.52149884 0
29 D -116.576791971 1
29 E -115.576318375 0
29 F -111.616049179 0
29 G -110.078506812 0
29 H -113.680610043 0
29 I -111.881777009 0
29 K -111.38102281 0
29 L -114.336695097 0
29 M -113.016969605 0
29 N -112.70949425 0
29 P -61.1446246388 0
29 Q -113.456147461 0
29 R -112.697130684 0
29 S -112.258462976 0
29 T -110.115599296 0
29 V -110.752347288 0
29 W -110.006193991 0
29 Y -70.0361048077 0
30 A -107.352613794 0
30 C -106.373947662 0
30 D -105.783182793 0
30 E -108.790171363 0
30 F -75.529813067 0
30 G -103.703928636 0
30 H -105.161280322 0
30 I -109.853230485 0
30 K -105.407155116 0
30 L -105.948408964 0
30 M -110.123606285 0
30 N -106.069662952 0
30 P 46.0013766615 0
30 Q -106.33372086 0
30 R -106.695777105 0
30 S -106.192122086 0
30 T -108.999792036 0
30 V -112.999067749 1
30 W -97.5618393796 0
30 Y -65.0707868365 0
31 A -121.019847952 1
31 C -94.6678900125 0
31 D -76.9178867094 0
31 E 130.916580073 0
31 F 348.557797876 0
31 G -114.554323641 0
31 H 71.8638625629 0
31 I 96.1220750544 0
31 K 9.64174863904 0
31 L 362.031944714 0
31 M 440.678072268 0
31 N -6.81215501673 0
31 P 178.107335985 0
31 Q 192.045737149 0
31 R -40.7885442835 0
31 S -114.11294921 0
31 T -85.6626276751 0
31 V -45.5409125914 0
31 W 461.675558925 0
31 Y 352.463628836 0
32 A -115.539738063 1
32 C -116.959925619 0
32 D -116.302015751 0
32 E -114.444304366 0
32 F -112.17987463 0
32 G -113.877631883 0
32 H -115.398456115 0
32 I -107.535826852 0
32 K -115.231894859 0
32 L -112.180150782 0
32 M -113.418595921 0
32 N -113.341878468 0
32 P 226.322455303 0
32 Q -112.688641616 0
32 R -114.472641683 0
32 S -114.207642281 0
32 T -115.227012621 0
32 V -87.7257851153 0
32 W -113.927425493 0
32 Y -112.100818344 0
33 A -115.115202367 0
33 C -110.495395553 0
33 D -112.782554492 0
33 E -115.528802729 0
33 F -113.891503144 0
33 G -112.416522414 0
33 H -114.922259615 0
33 I -113.355630356 0
33 K -115.851020591 1
33 L -117.049911749 0
33 M -115.367726693 0
33 N -113.131572472 0
33 P 98.6415043652 0
33 Q -114.466518286 0
33 R -117.164414826 0
33 S -113.146844435 0
33 T -114.761800412 0
33 V -114.827982452 0
33 W -113.560931101 0
33 Y -113.947862371 0
34 A -109.794681078 0
34 C -107.906308295 0
34 D -110.485669586 0
34 E -112.388400846 0
34 F -117.050750266 1
34 G -106.513151668 0
34 H -115.228620024 0
34 I -86.7422291901 0
34 K -115.446029802 0
34 L -111.11402215 0
34 M -114.403797009 0
34 N -111.925954392 0
34 P -0.509132013871 0
34 Q -112.351149872 0
34 R -116.342764743 0
34 S -110.135445191 0
34 T -107.852189641 0
34 V -88.9955321166 0
34 W -115.45505543 0
34 Y -114.958290171 0
35 A -114.532954189 1
35 C -106.371239957 0
35 D -115.175496287 0
35 E -102.145327738 0
35 F -102.900445475 0
35 G -117.41824546 0
35 H -108.058374846 0
35 I -90.3285187641 0
35 K -112.04475657 0
35 L -104.811199032 0
35 M -103.914608779 0
35 N -114.158399467 0
35 P 39.676426407 0
35 Q -107.917639941 0
35 R -106.837653125 0
35 S -117.49254065 0
35 T -107.358898963 0
35 V -97.6378432457 0
35 W -94.7703535448 0
35 Y -103.178462676 0
36 A -109.568790718 0
36 C -108.313718577 0
36 D -111.763616781 0
36 E -110.438195704 0
36 F -112.838515521 0
36 G -108.436914324 1
36 H -114.507219553 0
36 I -109.927497436 0
36 K -110.876665932 0
36 L -110.400747425 0
36 M -109.104313286 0
36 N -112.084191886 0
36 P -90.5796909969 0
36 Q -112.487750836 0
36 R -113.687224343 0
36 S -110.366746525 0
36 T -111.352329196 0
36 V -110.145110526 0
36 W -110.521179042 0
36 Y -112.043564622 0
37 A -108.205806353 0
37 C -110.968977673 0
37 D -111.782919058 0
37 E -112.784638766 0
37 F -114.445418775 0
37 G -105.881414743 0
37 H -111.504441088 0
37 I -113.376750032 0
37 K -113.425890687 0
37 L -113.822684649 0
37 M -116.0769058 0
37 N -112.724901362 0
37 P 190.374111688 0
37 Q -111.78965386 1
37 R -113.721112868 0
37 S -108.013033105 0
37 T -111.767613242 0
37 V -113.968527609 0
37 W -112.495363939 0
37 Y -110.934593445 0
38 A -110.682555143 1
38 C -108.436363684 0
38 D -111.901170004 0
38 E -112.392893222 0
38 F -110.592536008 0
38 G -109.381961098 0
38 H -111.774617437 0
38 I -110.356941124 0
38 K -112.028966466 0
38 L -111.305610542 0
38 M -109.829404056 0
38 N -110.728109992 0
38 P -112.624595021 0
38 Q -109.779742778 0
38 R -111.038010817 0
38 S -112.003939334 0
38 T -111.143421538 0
38 V -110.287065134 0
38 W -110.675406452 0
38 Y -110.496625356 0
39 A -104.559429502 0
39 C -101.816633633 0
39 D -107.155517346 0
39 E -105.727942291 0
39 F -106.706564304 0
39 G -111.079048122 1
39 H -107.400499912 0
39 I -89.3485766904 0
39 K -106.675746018 0
39 L -105.791629263 0
39 M -104.780555138 0
39 N -107.386389148 0
39 P -18.0753436764 0
39 Q -104.750038086 0
39 R -106.557910191 0
39 S -105.70402413 0
39 T -99.8957848841 0
39 V -89.7469951639 0
39 W -104.607796327 0
39 Y -105.848454297 0
40 A -111.100233338 1
40 C -106.489362575 0
40 D -105.742491577 0
40 E -93.3110438011 0
40 F -76.7450968782 0
40 G -108.196596661 0
40 H -92.448565633 0
40 I -98.5086455659 0
40 K -83.8799111156 0
40 L -80.8901403109 0
40 M -94.1682218298 0
40 N -108.723747373 0
40 P 28.9282525751 0
40 Q -92.8593855809 0
40 R -104.716591766 0
40 S -108.594162901 0
40 T -103.441410531 0
40 V -101.347766566 0
40 W -81.5157144866 0
40 Y -61.6256345481 0
41 A -122.02887204 0
41 C -119.77920327 0
41 D -123.510428641 0
41 E -122.13891697 1
41 F -118.206265961 0
41 G -113.197068 0
41 H -119.760114106 0
41 I -123.387348309 0
41 K -119.555010881 0
41 L -116.002044722 0
41 M -121.209835673 0
41 N -119.708761215 0
41 P -117.408374431 0
41 Q -118.878229369 0
41 R -121.258439432 0
41 S -121.534912876 0
41 T -123.69376077 0
41 V -119.12799844 0
41 W -115.913115932 0
41 Y -117.849586986 0
42 A -117.442863671 1
42 C -114.755726534 0
42 D -121.245317801 0
42 E -119.022846731 0
42 F -115.524710363 0
42 G -117.188746884 0
42 H -119.288584577 0
42 I -117.019923232 0
42 K -119.301596407 0
42 L -118.563247742 0
42 M -116.333145866 0
42 N -118.57347308 0
42 P -85.3559044486 0
42 Q -117.105837246 0
42 R -118.935593126 0
42 S -119.631187878 0
42 T -118.31055958 0
42 V -117.154944869 0
42 W -118.142431431 0
42 Y -115.533490464 0
43 A -115.43640963 0
43 C -112.7496662 0
43 D -115.627225675 0
43 E -116.878606548 1
43 F -114.511616671 0
43 G -113.759174248 0
43 H -115.111423452 0
43 I -115.485437451 0
43 K -116.723137252 0
43 L -116.77039107 0
43 M -116.691129068 0
43 N -115.67598126 0
43 P 56.5358125864 0
43 Q -114.952517965 0
43 R -117.84013366 0
43 S -114.495290152 0
43 T -112.429182007 0
43 V -115.220476538 0
43 W -114.628115827 0
43 Y -114.642778481 0
44 A -114.558147013 0
44 C -113.675610233 0
44 D -114.263576109 0
44 E -119.05532558 0
44 F -115.101057706 0
44 G -110.602416376 0
44 H -115.399216018 0
44 I -118.642436595 0
44 K -114.050921361 0
44 L -120.480326375 1
44 M -117.195059661 0
44 N -113.548980589 0
44 P 102.158956824 0
44 Q -115.464355595 0
44 R -115.478932711 0
44 S -112.66345273 0
44 T -114.564845847 0
44 V -117.134489678 0
44 W -118.283670902 0
44 Y -115.878804695 0
45 A -124.765414805 1
45 C -111.137017883 0
45 D -86.1791427653 0
45 E -103.793934343 0
45 F 139.228546744 0
45 G -116.67697579 0
45 H 144.577521651 0
45 I -53.2043422069 0
45 K -53.2466300627 0
45 L -16.7226661823 0
45 M -112.369932664 0
45 N -48.4523371419 0
45 P 155.912525534 0
45 Q -76.7170665132 0
45 R -108.156798053 0
45 S -120.250166564 0
45 T -113.973255827 0
45 V -84.1706222138 0
45 W 118.708540307 0
45 Y 294.942055937 0
46 A -120.374381387 0
46 C -117.932213123 0
46 D -118.116928841 0
46 E -120.809143543 0
46 F -118.665524679 0
46 G -118.961231864 0
46 H -123.450228656 0
46 I -119.426567833 0
46 K -119.912653992 0
46 L -124.631907601 0
46 M -119.695008037 0
46 N -123.280629505 0
46 P 102.035142854 0
46 Q -119.34370466 1
46 R -119.319791584 0
46 S -119.518297491 0
46 T -119.913732038 0
46 V -118.154890756 0
46 W -119.448831761 0
46 Y -118.29029537 0
47 A -117.102951423 0
47 C -114.212314991 0
47 D -116.27539786 0
47 E -118.537706 0
47 F -116.540644783 0
47 G -114.826795617 0
47 H -122.87197813 0
47 I -97.935490049 0
47 K -118.046334657 0
47 L -118.936641439 0
47 M -116.496532722 0
47 N -116.51029527 0
47 P 18.1300711368 0
47 Q -117.331876701 0
47 R -119.935505182 1
47 S -115.906678817 0
47 T -113.932245132 0
47 V -94.494968534 0
47 W -118.817920119 0
47 Y -116.508272659 0
48 A -113.642586792 0
48 C -111.689077631 0
48 D -112.464320076 0
48 E -114.965111785 0
48 F -116.29465361 0
48 G -111.269695982 0
48 H -114.976757267 0
48 I -119.345063549 1
48 K -112.25626049 0
48 L -119.058682745 0
48 M -115.25697809 0
48 N -113.970846817 0
48 P 167.381085865 0
48 Q -113.746814991 0
48 R -114.848912896 0
48 S -113.030303793 0
48 T -115.535171101 0
48 V -115.354374954 0
48 W -118.237090133 0
48 Y -114.9864808 0
49 A -112.525682193 0
49 C -114.643079687 0
49 D -109.786445207 0
49 E -116.343201175 0
49 F -114.976489755 0
49 G -109.485096797 0
49 H -115.634731135 0
49 I -114.476449135 0
49 K -119.55089726 1
49 L -119.118750366 0
49 M -115.32682887 0
49 N -114.09174565 0
49 P 45.0405517417 0
49 Q -115.687416967 0
49 R -117.32790088 0
49 S -115.791590401 0
49 T -115.929594439 0
49 V -113.59439985 0
49 W -113.627164348 0
49 Y -115.314126607 0
50 A -113.603629385 0
50 C -113.759727458 0
50 D -115.230510637 0
50 E -114.780813842 0
50 F -119.491203784 0
50 G -113.695813369 0
50 H -118.962534864 0
50 I -107.449020066 0
50 K -114.24862425 0
50 L -111.644809995 0
50 M -114.659126374 0
50 N -116.195387278 1
50 P 100.072624219 0
50 Q -112.746043644 0
50 R -114.088639986 0
50 S -114.75160187 0
50 T -115.273503355 0
50 V -109.715435126 0
50 W -116.393545934 0
50 Y -119.62424008 0
51 A -102.988078215 0
51 C -41.1062825339 0
51 D -30.5493333156 0
51 E 0.453522750505 0
51 F 395.972411474 0
51 G -120.85143423 1
51 H 123.661941917 0
51 I 68.683416338 0
51 K 6.71254749095 0
51 L 25.2328396455 0
51 M -88.5810289495 0
51 N -16.2508445779 0
51 P -27.6301126575 0
51 Q 4.29165693295 0
51 R -0.435579255122 0
51 S -104.04176914 0
51 T 8.13518469657 0
51 V 122.122811946 0
51 W 1368.52477007 0
51 Y 1787.51165502 0
52 A -115.320947445 0
52 C -113.949916913 0
52 D -115.914252308 0
52 E -116.999929429 0
52 F -98.668754254 0
52 G -111.753457797 0
52 H -100.845471375 0
52 I -106.995109246 0
52 K -109.111388223 0
52 L -105.414724675 0
52 M -116.118589653 0
52 N -114.332052808 0
52 P -70.9761984243 0
52 Q -114.489215077 0
52 R -114.480327162 0
52 S -115.470000093 1
52 T -110.136663173 0
52 V -111.013280419 0
52 W -86.6528514662 0
52 Y -100.736324944 0
53 A -111.585260321 0
53 C -110.924601508 0
53 D -108.082477119 0
53 E -111.900504201 0
53 F -110.000475854 0
53 G -108.066116585 0
53 H -110.110504901 0
53 I -113.062764577 0
53 K -111.755710742 0
53 L -108.891379178 0
53 M -111.421244033 0
53 N -110.994973172 0
53 P -86.5276306543 0
53 Q -112.425523564 1
53 R -112.60256986 0
53 S -111.870127604 0
53 T -110.135391396 0
53 V -111.882707236 0
53 W -110.914252815 0
53 Y -109.716622226 0
54 A -102.675923088 0
54 C -96.2569629608 0
54 D -102.618425863 0
54 E -100.487877776 0
54 F -106.823369589 0
54 G -112.770518489 1
54 H -105.379966902 0
54 I -90.8510315589 0
54 K -101.563313529 0
54 L -103.730327663 0
54 M -99.3233086569 0
54 N -104.294793891 0
54 P -19.2031169409 0
54 Q -99.0997461501 0
54 R -102.823458555 0
54 S -105.537293618 0
54 T -98.8081797709 0
54 V -90.52980246 0
54 W -104.743969428 0
54 Y -105.546367211 0
55 A -115.127097346 0
55 C -113.639768806 0
55 D -116.40653635 0
55 E -117.941219837 0
55 F -116.080815212 0
55 G -112.088886973 0
55 H -115.941012272 0
55 I -117.376890074 0
55 K -115.849153655 0
55 L -117.832917918 0
55 M -115.710158711 0
55 N -114.539083807 0
55 P -80.2476342491 0
55 Q -115.261993075 0
55 R -114.637897694 0
55 S -114.796543861 0
55 T -116.494062424 0
55 V -118.025009909 1
55 W -115.563747762 0
55 Y -116.393955987 0
56 A -109.639380617 0
56 C -109.028667611 0
56 D -113.184777571 0
56 E -109.073322094 0
56 F -116.606068838 0
56 G -109.070432514 0
56 H -113.952878785 0
56 I -107.718419104 0
56 K -105.495870256 0
56 L -94.488139782 0
56 M -110.179019129 0
56 N -112.479339472 0
56 P -92.7555475833 0
56 Q -107.431503179 0
56 R -107.506930139 0
56 S -111.249483431 0
56 T -112.621750276 0
56 V -110.581970035 0
56 W -117.77127551 1
56 Y -113.55164245 0
57 A -95.5946885057 0
57 C -90.617661469 0
57 D -93.2339551295 0
57 E -99.7335452717 0
57 F -76.9022534656 0
57 G -112.718167994 1
57 H -67.2130929999 0
57 I -85.8096185433 0
57 K -99.4046971607 0
57 L -89.0491970225 0
57 M -98.6969514968 0
57 N -94.8498407002 0
57 P -29.4828562064 0
57 Q -95.4488583299 0
57 R -101.919059713 0
57 S -93.4386443106 0
57 T -95.3716535297 0
57 V -62.1740524969 0
57 W -79.18890132 0
57 Y -75.6678241647 0
58 A -112.264406408 0
58 C -111.214247887 0
58 D -114.76064827 0
58 E -116.310009065 0
58 F -110.518217675 0
58 G -112.251284341 0
58 H -115.808978565 0
58 I -111.65796873 0
58 K -114.09900393 0
58 L -112.441026103 0
58 M -112.263278946 0
58 N -113.828743255 0
58 P -114.22547183 1
58 Q -114.115849093 0
58 R -113.384284942 0
58 S -114.854922647 0
58 T -113.405329729 0
58 V -111.414082172 0
58 W -111.288653745 0
58 Y -110.337326476 0
59 A -110.679150692 0
59 C -108.910884443 0
59 D -111.910394242 0
59 E -112.972756432 0
59 F -111.449094861 0
59 G -108.979259989 0
59 H -110.9841899 0
59 I -113.068573593 1
59 K -112.754391038 0
59 L -113.49478213 0
59 M -111.48344793 0
59 N -112.112261672 0
59 P -94.7660955551 0
59 Q -111.771720699 0
59 R -112.070211886 0
59 S -111.806942554 0
59 T -111.770925156 0
59 V -111.992425409 0
59 W -109.982313492 0
59 Y -111.342981651 0
60 A -111.093215813 0
60 C -108.882542717 0
60 D -110.146843707 0
60 E -111.142053724 0
60 F -110.825594726 0
60 G -108.860238142 0
60 H -111.74200783 0
60 I -105.763420578 0
60 K -110.446267187 0
60 L -106.30504042 0
60 M -109.563532501 0
60 N -109.537753965 0
60 P -114.717004992 1
60 Q -109.611196149 0
60 R -110.244930603 0
60 S -112.067703341 0
60 T -108.19489106 0
60 V -106.552466137 0
60 W -109.716629897 0
60 Y -111.067053287 0
61 A -110.479024078 0
61 C -112.121763523 0
61 D -113.99742883 0
61 E -114.883331397 0
61 F -108.87252694 0
61 G -105.151424074 0
61 H -114.464254208 0
61 I -118.237651901 0
61 K -113.400189462 0
61 L -116.401979448 0
61 M -116.456937769 1
61 N -113.738623682 0
61 P -11.5382384157 0
61 Q -114.008893601 0
61 R -116.156823609 0
61 S -113.247426764 0
61 T -115.154025922 0
61 V -117.007546956 0
61 W -111.475679386 0
61 Y -108.520411362 0
62 A -106.574059977 0
62 C -103.353001804 0
62 D -107.666968719 0
62 E -107.638965865 0
62 F -104.653831906 0
62 G -106.07868169 0
62 H -106.231038567 0
62 I -103.915924496 0
62 K -107.250905101 0
62 L -107.039338465 0
62 M -105.530390336 0
62 N -106.253205625 0
62 P -110.275704734 1
62 Q -105.602959323 0
62 R -106.538406088 0
62 S -107.843953722 0
62 T -107.153852093 0
62 V -104.925647824 0
62 W -105.076190919 0
62 Y -104.668656263 0
63 A -109.204080004 0
63 C -104.621092429 0
63 D -55.9744168227 0
63 E -106.679449182 0
63 F 111.782024239 0
63 G -107.121594007 0
63 H -106.048439329 0
63 I -68.5318567519 0
63 K -107.217359945 0
63 L -48.8067188559 0
63 M -106.076329311 0
63 N -106.182489543 0
63 P -111.498942125 1
63 Q -106.725488564 0
63 R -107.456135497 0
63 S -108.365969058 0
63 T -105.007400521 0
63 V -72.5060496413 0
63 W -106.774932471 0
63 Y 117.628428401 0
64 A -110.067723128 0
64 C -111.235393935 0
64 D -109.253464091 0
64 E -111.436738882 0
64 F -111.434556909 0
64 G -107.375629341 0
64 H -113.837395553 0
64 I -109.192973995 0
64 K -113.068349483 0
64 L -115.531931934 0
64 M -113.418761467 0
64 N -115.084529416 1
64 P -38.1326348171 0
64 Q -113.241261456 0
64 R -113.474572676 0
64 S -111.115511762 0
64 T -110.105936264 0
64 V -110.347159902 0
64 W -111.823350798 0
64 Y -110.694640864 0
65 A -110.483274585 1
65 C -107.393146756 0
65 D -112.16180318 0
65 E -111.260811692 0
65 F -109.198003114 0
65 G -109.305560948 0
65 H -110.434701386 0
65 I -106.370346702 0
65 K -111.419488908 0
65 L -111.181354214 0
65 M -109.450582656 0
65 N -111.62468159 0
65 P -111.691413107 0
65 Q -109.90529371 0
65 R -110.747176759 0
65 S -110.825282559 0
65 T -109.511609565 0
65 V -106.41215634 0
65 W -108.873600626 0
65 Y -108.49441148 0
66 A -109.920314492 0
66 C -109.836730857 0
66 D -105.58485246 0
66 E -108.798157048 0
66 F -68.6696125568 0
66 G -106.448092418 0
66 H -97.2604395529 0
66 I -110.11187234 0
66 K -103.994473162 0
66 L -111.304843307 0
66 M -110.664015532 0
66 N -108.341510506 0
66 P 96.4803094901 0
66 Q -109.823109658 0
66 R -93.4544552744 0
66 S -108.996792332 0
66 T -112.241743428 0
66 V -116.471407919 1
66 W -72.5927142131 0
66 Y -64.3606817518 0
67 A -117.08408721 0
67 C -115.466909805 0
67 D -118.414651839 0
67 E -117.635964375 0
67 F -116.27792106 0
67 G -117.777599715 0
67 H -117.725222874 0
67 I -110.323969587 0
67 K -117.858703725 0
67 L -117.693364711 0
67 M -120.625688519 0
67 N -117.442974542 0
67 P -104.173083576 0
67 Q -117.230956728 0
67 R -121.612627596 0
67 S -118.23105017 1
67 T -118.024389112 0
67 V -111.232828796 0
67 W -115.752267649 0
67 Y -115.99778504 0
68 A -114.886853775 0
68 C -111.083602989 0
68 D -116.647715221 1
68 E -117.201465216 0
68 F -116.210428956 0
68 G -112.684202864 0
68 H -115.274320479 0
68 I -117.446157664 0
68 K -118.128330566 0
68 L -117.909668872 0
68 M -117.576566747 0
68 N -114.717451253 0
68 P -114.711564904 0
68 Q -113.723183908 0
68 R -113.869429054 0
68 S -115.30015843 0
68 T -113.767087901 0
68 V -114.003963979 0
68 W -119.775912528 0
68 Y -115.796505758 0
69 A -113.539214035 0
69 C -115.217508991 0
69 D -114.83475395 1
69 E -115.480423673 0
69 F -112.452842992 0
69 G -112.706154327 0
69 H -113.878851473 0
69 I -116.481789958 0
69 K -114.919509067 0
69 L -115.176425621 0
69 M -113.803187192 0
69 N -113.972449163 0
69 P -97.9511969382 0
69 Q -113.575242151 0
69 R -114.178473535 0
69 S -115.05674003 0
69 T -114.293454588 0
69 V -112.546062687 0
69 W -117.928765804 0
69 Y -116.746166363 0
70 A -116.963976926 0
70 C -114.843699257 0
70 D -116.977792366 0
70 E -119.396779111 1
70 F -110.446788766 0
70 G -110.147691724 0
70 H -117.635107526 0
70 I -113.928431963 0
70 K -113.713698113 0
70 L -114.122274426 0
70 M -114.344987176 0
70 N -115.101059853 0
70 P -81.9618766501 0
70 Q -119.816910537 0
70 R -113.255188632 0
70 S -114.79078575 0
70 T -112.686706289 0
70 V -116.967890314 0
70 W -109.475428234 0
70 Y -109.387948166 0
71 A -125.567663136 1
71 C -116.695539007 0
71 D -108.75194182 0
71 E -100.317109291 0
71 F 10.6917558566 0
71 G -117.838653194 0
71 H 110.906776628 0
71 I -101.046182455 0
71 K -100.2740877 0
71 L -52.093352575 0
71 M -113.982589066 0
71 N -57.0350155463 0
71 P 101.335460249 0
71 Q -95.4761832767 0
71 R -106.855815174 0
71 S -121.26621079 0
71 T -104.665156545 0
71 V -102.005991672 0
71 W 409.016687354 0
71 Y 233.623660549 0
72 A -121.760888725 0
72 C -119.494348296 0
72 D -121.700773237 0
72 E -123.749297762 0
72 F -121.928945923 0
72 G -119.663538373 0
72 H -122.711728018 0
72 I -121.672953707 0
72 K -122.397105352 0
72 L -124.070718849 0
72 M -122.981237051 0
72 N -121.848409493 0
72 P 52.2689589448 0
72 Q -121.579429884 1
72 R -123.180533612 0
72 S -121.394097094 0
72 T -120.975142029 0
72 V -121.525036014 0
72 W -120.153454831 0
72 Y -124.279436966 0
73 A -122.629675638 0
73 C -119.816755888 0
73 D -120.95413465 0
73 E -118.764484932 0
73 F -118.167437013 0
73 G -115.977720638 0
73 H -119.796812 0
73 I -122.42197443 0
73 K -119.0821501 0
73 L -120.55686233 0
73 M -118.840201242 0
73 N -120.268873349 0
73 P 164.442448509 0
73 Q -118.258983911 0
73 R -118.039028228 0
73 S -121.326089944 0
73 T -124.573415296 1
73 V -120.303463333 0
73 W -117.504648394 0
73 Y -118.169268169 0
74 A -109.375763565 0
74 C -108.495668707 0
74 D -111.408335141 0
74 E -111.708150902 0
74 F -112.95499779 0
74 G -106.206659679 0
74 H -111.745597906 0
74 I -116.467358064 0
74 K -107.865913656 0
74 L -119.308201035 1
74 M -116.119681735 0
74 N -112.766574871 0
74 P 73.1893376828 0
74 Q -112.311879587 0
74 R -108.047169784 0
74 S -107.966179007 0
74 T -110.705365523 0
74 V -112.052417379 0
74 W -75.3318811546 0
74 Y -99.5533066931 0
75 A -119.84801163 1
75 C -108.549414827 0
75 D -45.6144910875 0
75 E -16.6636511684 0
75 F 553.927289561 0
75 G -114.7092997 0
75 H 205.602062594 0
75 I 55.036215985 0
75 K 55.0779832629 0
75 L 203.646924374 0
75 M 42.8490971894 0
75 N -42.7331541155 0
75 P 126.940159333 0
75 Q 221.203383287 0
75 R 66.6905425129 0
75 S -118.028232957 0
75 T -103.509901149 0
75 V -80.5760537309 0
75 W 477.711977134 0
75 Y 579.756397922 0
76 A -118.285255717 0
76 C -114.70062848 0
76 D -115.2852844 0
76 E -117.751107494 0
76 F -117.400874275 0
76 G -117.224101737 0
76 H -119.276324997 0
76 I -118.797428709 0
76 K -118.157257701 1
76 L -115.475785061 0
76 M -116.306997428 0
76 N -116.683311037 0
76 P 132.89993587 0
76 Q -116.06247005 0
76 R -122.411705382 0
76 S -117.769693301 0
76 T -118.012615016 0
76 V -76.5425531736 0
76 W -118.841163788 0
76 Y -115.779315406 0
77 A -115.132403587 0
77 C -112.641029752 0
77 D -115.14998292 0
77 E -115.53617671 0
77 F -122.133205248 0
77 G -112.969596375 0
77 H -117.943725262 0
77 I -81.5161920504 0
77 K -114.933429422 0
77 L -112.753579074 0
77 M -118.338678605 0
77 N -114.91926057 0
77 P 61.6385455906 0
77 Q -113.438933725 0
77 R -113.933391142 0
77 S -115.373223798 0
77 T -113.639126171 0
77 V -78.0155427474 0
77 W -128.433422887 1
77 Y -123.680141943 0
78 A -120.471583188 0
78 C -117.844648499 0
78 D -116.773088399 0
78 E -120.633500424 0
78 F -102.170079346 0
78 G -116.61242374 0
78 H -118.485517219 0
78 I -125.251254411 0
78 K -117.979287893 0
78 L -119.152891212 0
78 M -120.859945751 0
78 N -118.876896453 0
78 P 128.47955132 0
78 Q -120.122048146 0
78 R -120.658788935 0
78 S -117.614661349 0
78 T -119.686598258 0
78 V -123.767391402 1
78 W -120.162747411 0
78 Y -96.089987935 0
79 A -115.765290966 0
79 C -117.789838413 0
79 D -116.188933084 0
79 E -115.289380157 0
79 F -0.971068261935 0
79 G -114.404971468 0
79 H -97.9181786911 0
79 I -115.935308869 0
79 K -115.559295247 0
79 L -123.559964621 1
79 M -125.214443633 0
79 N -117.853189881 0
79 P 24.7668102184 0
79 Q -121.202653721 0
79 R -118.336097825 0
79 S -117.765416278 0
79 T -116.788950004 0
79 V -115.298771364 0
79 W -53.2529924344 0
79 Y -21.3999166169 0
80 A -122.12560719 0
80 C -121.150449625 0
80 D -120.29730022 0
80 E -118.670254313 0
80 F -118.242744934 0
80 G -121.694840158 0
80 H -119.355052494 0
80 I -115.97436549 0
80 K -120.342578246 0
80 L -119.22443404 0
80 M -119.743828752 0
80 N -122.476355241 0
80 P 186.190049936 0
80 Q -118.896424587 0
80 R -120.130992947 0
80 S -122.27676286 1
80 T -105.490208022 0
80 V -110.650578205 0
80 W -119.61597454 0
80 Y -117.955543412 0
81 A -121.284609563 0
81 C -121.536840305 0
81 D -118.846875191 0
81 E -119.300485658 0
81 F -107.925569374 0
81 G -114.124958704 0
81 H -122.189335034 0
81 I -101.419841781 0
81 K -118.238160536 0
81 L -111.657665733 0
81 M -120.226811042 0
81 N -121.880230463 0
81 P 111.155674485 0
81 Q -120.710997291 1
81 R -117.631222122 0
81 S -118.929475749 0
81 T -119.405894091 0
81 V -106.694618112 0
81 W -107.487508522 0
81 Y -97.9845681949 0
82 A -116.138693544 0
82 C -114.512361639 0
82 D -113.408576293 0
82 E -114.82282439 0
82 F -115.878251363 0
82 G -115.283589521 0
82 H -116.24031304 0
82 I -84.0013789787 0
82 K -116.292033113 1
82 L -109.012377022 0
82 M -114.838739253 0
82 N -115.149083969 0
82 P -50.9909592551 0
82 Q -114.980181151 0
82 R -116.998369481 0
82 S -115.016784536 0
82 T -109.043857231 0
82 V -113.33142872 0
82 W -116.58813729 0
82 Y -115.650724755 0
