1 A -272.24129521 0
1 C -270.947170367 0
1 D -269.350618438 0
1 E -270.044790172 0
1 F -274.782756458 0
1 G -272.33046012 0
1 H -276.318043513 0
1 I -271.444524436 0
1 K -276.119402918 1
1 L -275.452411108 0
1 M -274.004110753 0
1 N -271.937924762 0
1 P -209.213580642 0
1 Q -272.56033568 0
1 R -274.112609172 0
1 S -272.199780773 0
1 T -268.814449049 0
1 V -267.800412367 0
1 W -273.222473711 0
1 Y -272.199800016 0
2 A -273.165215045 0
2 C -272.930444259 0
2 D -274.17972698 0
2 E -274.219609363 0
2 F -261.260996528 0
2 G -269.16324878 0
2 H -272.484614693 0
2 I -277.721970123 0
2 K -275.134994083 0
2 L -273.624988709 0
2 M -273.976787452 0
2 N -274.011452913 0
2 P -265.249278736 0
2 Q -273.640842542 0
2 R -274.747874426 0
2 S -273.560997327 0
2 T -274.49998782 0
2 V -277.496220094 1
2 W -272.926438713 0
2 Y -258.93946278 0
3 A -266.964204254 0
3 C -266.301428821 0
3 D -262.354874283 0
3 E -263.40754705 0
3 F -274.768730983 1
3 G -263.626051123 0
3 H -268.896913336 0
3 I -239.67064767 0
3 K -262.14768137 0
3 L -266.323953124 0
3 M -267.467831343 0
3 N -267.009363668 0
3 P -182.057828971 0
3 Q -257.086521696 0
3 R -262.727829606 0
3 S -265.464896402 0
3 T -263.9377555 0
3 V -257.546208551 0
3 W -274.910486913 0
3 Y -274.272482709 0
4 A -273.32017027 0
4 C -270.9270953 0
4 D -275.003619693 0
4 E -273.964715031 1
4 F -271.827279781 0
4 G -272.738288159 0
4 H -274.830294236 0
4 I -270.769713278 0
4 K -273.677579423 0
4 L -273.986329902 0
4 M -272.879620398 0
4 N -273.154808073 0
4 P -266.019177518 0
4 Q -272.377676139 0
4 R -273.796905743 0
4 S -273.366743775 0
4 T -271.717660675 0
4 V -271.113828839 0
4 W -272.113731066 0
4 Y -271.932472877 0
5 A -268.93843066 0
5 C -266.248692515 0
5 D -269.739195029 0
5 E -268.187688183 0
5 F -263.237883879 0
5 G -267.160174381 0
5 H -265.840869423 0
5 I -266.947166665 0
5 K -271.44565995 0
5 L -267.412357822 0
5 M -270.279189876 0
5 N -270.930258225 0
5 P -269.114510026 0
5 Q -268.849109739 0
5 R -275.460299516 1
5 S -268.806363386 0
5 T -270.577659453 0
5 V -267.357594994 0
5 W -264.955979082 0
5 Y -262.162699221 0
6 A -273.631572468 1
6 C -273.631572468 1
6 D -273.631572468 1
6 E -273.631572468 1
6 F -273.631572468 1
6 G -273.631572468 1
6 H -273.631572468 1
6 I -273.631572468 1
6 K -273.631572468 1
6 L -273.631572468 1
6 M -273.631572468 1
6 N -273.631572468 1
6 P -273.631572468 1
6 Q -273.631572468 1
6 R -273.631572468 1
6 S -273.631572468 1
6 T -273.631572468 1
6 V -273.631572468 1
6 W -273.631572468 1
6 Y -273.631572468 1
7 A -270.565998762 0
7 C -266.930813921 0
7 D -272.479041572 0
7 E -276.19113099 1
7 F -265.314550841 0
7 G -268.532015441 0
7 H -271.951220978 0
7 I -268.556854159 0
7 K -269.083218241 0
7 L -271.471962961 0
7 M -269.733378601 0
7 N -269.192548473 0
7 P -77.945485935 0
7 Q -270.439042665 0
7 R -269.541873619 0
7 S -270.37055888 0
7 T -270.061666305 0
7 V -269.67838123 0
7 W -257.626958479 0
7 Y -264.675130273 0
8 A -267.446848255 0
8 C -266.155025319 0
8 D -264.102810572 0
8 E -269.160031296 0
8 F -264.434545581 0
8 G -262.236151638 0
8 H -269.633683249 0
8 I -260.931690186 0
8 K -261.504202251 0
8 L -276.552054535 1
8 M -268.365391092 0
8 N -266.793879797 0
8 P -81.4958101798 0
8 Q -266.450827096 0
8 R -258.961422599 0
8 S -265.525339208 0
8 T -262.68573539 0
8 V -256.877897325 0
8 W -184.914143284 0
8 Y -263.75293408 0
9 A -278.171608975 1
9 C -260.750241774 0
9 D -258.60309615 0
9 E -206.1856723 0
9 F -168.475885668 0
9 G -271.398480141 0
9 H -207.618573549 0
9 I -223.137898173 0
9 K -136.057837021 0
9 L -248.701166923 0
9 M -202.838963844 0
9 N -266.245341212 0
9 P -111.465176166 0
9 Q -193.842024362 0
9 R -219.302550751 0
9 S -273.315951481 0
9 T -263.814810082 0
9 V -256.40581922 0
9 W -21.5077191086 0
9 Y -69.0974666134 0
10 A -273.671597151 0
10 C -270.975013418 0
10 D -272.794972736 0
10 E -272.781265174 0
10 F -271.985113062 0
10 G -271.561365961 0
10 H -272.148014956 0
10 I -272.752932039 0
10 K -274.36143158 0
10 L -273.850243193 0
10 M -274.011254542 0
10 N -273.005048022 0
10 P -124.332529466 0
10 Q -274.700111874 0
10 R -276.102660676 1
10 S -272.030519019 0
10 T -272.249614155 0
10 V -272.949045098 0
10 W -272.156075413 0
10 Y -271.723442576 0
11 A -274.589204637 0
11 C -272.16856608 0
11 D -274.845509994 0
11 E -275.516768106 0
11 F -270.010364403 0
11 G -271.087883307 0
11 H -274.02506871 0
11 I -251.910098837 0
11 K -273.121317352 0
11 L -276.274072957 0
11 M -273.527765498 0
11 N -271.07648521 0
11 P -24.0124685569 0
11 Q -274.092188054 0
11 R -271.909424781 0
11 S -273.246836142 0
11 T -276.128629249 1
11 V -272.761608649 0
11 W -270.860468746 0
11 Y -263.628856431 0
12 A -268.985493975 0
12 C -269.326930816 0
12 D -269.910619213 0
12 E -270.496897368 0
12 F -271.200309398 0
12 G -265.95109808 0
12 H -273.045107701 0
12 I -262.764953709 0
12 K -265.969603481 0
12 L -276.909924233 1
12 M -273.878889136 0
12 N -271.222680928 0
12 P -56.8816980411 0
12 Q -271.233026481 0
12 R -267.586580692 0
12 S -268.430441987 0
12 T -264.122795383 0
12 V -260.549278935 0
12 W -238.572640151 0
12 Y -269.687002792 0
13 A -273.822988427 0
13 C -267.751486428 0
13 D -271.909597948 0
13 E -271.960470359 0
13 F -273.227624685 0
13 G -271.272601092 0
13 H -273.376065127 0
13 I -221.853543613 0
13 K -275.022771921 1
13 L -275.463246312 0
13 M -271.571970643 0
13 N -269.838626752 0
13 P -49.5682801519 0
13 Q -273.73529914 0
13 R -273.347895003 0
13 S -272.948066996 0
13 T -272.869618347 0
13 V -271.98001918 0
13 W -271.77744402 0
13 Y -271.247511965 0
14 A -274.750796326 0
14 C -271.867145431 0
14 D -274.374294016 0
14 E -275.352401304 0
14 F -272.096896014 0
14 G -273.340051698 0
14 H -273.460161651 0
14 I -272.83628502 0
14 K -275.276882519 0
14 L -274.829268092 0
14 M -274.371452654 0
14 N -274.435657966 0
14 P -39.7327807463 0
14 Q -273.52903885 0
14 R -275.434632704 1
14 S -273.790271175 0
14 T -273.158243882 0
14 V -272.388035213 0
14 W -272.461233187 0
14 Y -272.271605725 0
15 A -270.270969849 0
15 C -269.13430788 0
15 D -269.726254925 0
15 E -270.790670161 0
15 F -271.791061613 0
15 G -268.393109724 0
15 H -271.611880721 0
15 I -256.879779603 0
15 K -270.504368405 0
15 L -275.71629476 1
15 M -273.48514314 0
15 N -271.487957154 0
15 P -115.003329665 0
15 Q -270.830871471 0
15 R -271.008198634 0
15 S -268.747124534 0
15 T -267.881921142 0
15 V -253.391405182 0
15 W -270.493444464 0
15 Y -271.33983268 0
16 A -269.441176947 0
16 C -268.13022061 0
16 D -271.316499579 0
16 E -270.823099873 0
16 F -268.9245384 0
16 G -277.248478242 1
16 H -271.09459945 0
16 I -228.321904098 0
16 K -271.699238524 0
16 L -270.259547205 0
16 M -268.927868214 0
16 N -272.6776693 0
16 P -172.531241933 0
16 Q -270.385034811 0
16 R -270.537744034 0
16 S -268.685938604 0
16 T -262.564529698 0
16 V -227.462975026 0
16 W -267.785965239 0
16 Y -269.081025689 0
17 A -271.640004365 0
17 C -270.998335354 0
17 D -270.046175229 0
17 E -268.598057128 0
17 F -203.034439206 0
17 G -267.582898639 0
17 H -257.709618592 0
17 I -268.104218035 0
17 K -263.466933254 0
17 L -267.017952363 0
17 M -275.928546638 1
17 N -271.471971169 0
17 P -151.154309685 0
17 Q -271.213349651 0
17 R -252.582706527 0
17 S -270.445863339 0
17 T -271.338093697 0
17 V -270.9572579 0
17 W -158.200641335 0
17 Y -4.60207261674 0
18 A -270.230613051 0
18 C -268.969937001 0
18 D -275.438563359 1
18 E -270.074643976 0
18 F -266.903352633 0
18 G -266.867352106 0
18 H -273.368943679 0
18 I -259.903987559 0
18 K -271.1845417 0
18 L -268.437105727 0
18 M -269.093233355 0
18 N -274.100146272 0
18 P -254.378327891 0
18 Q -269.537670107 0
18 R -269.783530913 0
18 S -270.681579157 0
18 T -268.003904526 0
18 V -266.533774966 0
18 W -265.615216797 0
18 Y -266.999196475 0
19 A -269.00699232 0
19 C -266.869306131 0
19 D -270.412880722 0
19 E -268.965078068 0
19 F -269.96671637 0
19 G -277.397281089 1
19 H -271.042952674 0
19 I -250.635466116 0
19 K -270.404242454 0
19 L -269.890922413 0
19 M -265.157814224 0
19 N -272.106231111 0
19 P -174.625658917 0
19 Q -270.619950583 0
19 R -270.149718503 0
19 S -270.487411238 0
19 T -258.608763372 0
19 V -250.34650054 0
19 W -269.170825755 0
19 Y -269.494204511 0
20 A -274.070284967 0
20 C -273.263247686 0
20 D -274.670900798 0
20 E -273.90078101 0
20 F -277.704650686 0
20 G -271.403677325 0
20 H -276.847203127 0
20 I -274.416136388 0
20 K -272.291379083 0
20 L -270.159298695 0
20 M -272.50349282 0
20 N -274.300843623 0
20 P -90.6883607935 0
20 Q -271.932248522 0
20 R -271.760534603 0
20 S -274.110255983 0
20 T -271.934212439 0
20 V -274.34785324 0
20 W -276.951721472 0
20 Y -276.991389498 1
21 A -275.684207238 0
21 C -276.242218603 0
21 D -277.14316423 0
21 E -277.386848351 0
21 F -274.365871113 0
21 G -274.764947177 0
21 H -274.953945434 0
21 I -237.240419434 0
21 K -276.773568175 0
21 L -263.345212678 0
21 M -277.220224069 0
21 N -279.08431266 0
21 P -217.037630339 0
21 Q -276.657286933 0
21 R -275.517035734 1
21 S -275.950968796 0
21 T -271.885145746 0
21 V -262.504206254 0
21 W -267.960032945 0
21 Y -272.40584201 0
22 A -269.888361681 0
22 C -267.451321608 0
22 D -271.450570438 0
22 E -270.158190984 0
22 F -269.156566428 0
22 G -277.628691814 1
22 H -270.899545614 0
22 I -248.391873828 0
22 K -272.045506326 0
22 L -270.94203948 0
22 M -265.713166615 0
22 N -272.96487996 0
22 P -189.432754385 0
22 Q -269.745285536 0
22 R -270.887583375 0
22 S -269.618573747 0
22 T -265.660660821 0
22 V -248.374611857 0
22 W -269.503792684 0
22 Y -268.656112143 0
23 A -268.837513906 0
23 C -270.508048086 0
23 D -268.423075141 0
23 E -277.323006845 0
23 F -274.844824632 0
23 G -264.646407416 0
23 H -278.928188679 0
23 I -277.702607204 1
23 K -275.764008732 0
23 L -274.05726046 0
23 M -277.252299172 0
23 N -270.287443776 0
23 P -25.9861991078 0
23 Q -269.722149014 0
23 R -276.292677357 0
23 S -268.91873771 0
23 T -271.352742836 0
23 V -274.38011516 0
23 W -278.9366583 0
23 Y -268.226992302 0
24 A -269.319405679 0
24 C -266.178092916 0
24 D -270.059481847 0
24 E -270.041816747 0
24 F -266.802830665 0
24 G -268.93798203 0
24 H -271.716583609 0
24 I -264.166713231 0
24 K -269.219595182 0
24 L -269.040549857 0
24 M -267.999841697 0
24 N -269.888577878 0
24 P -269.644298193 0
24 Q -267.491735155 0
24 R -269.159011633 0
24 S -271.945778943 1
24 T -270.126893395 0
24 V -264.60301121 0
24 W -267.372781117 0
24 Y -266.910085518 0
25 A -264.866817014 0
25 C -264.615605299 0
25 D -262.798018154 0
25 E -264.350425276 0
25 F -56.3245326549 0
25 G -262.607740004 0
25 H -261.504074568 0
25 I -270.245382191 0
25 K -266.084704957 0
25 L -274.493355623 1
25 M -264.70088608 0
25 N -266.350200456 0
25 P -251.675454849 0
25 Q -266.466266086 0
25 R -268.130098824 0
25 S -264.406408826 0
25 T -265.10445167 0
25 V -267.462335724 0
25 W -179.781858978 0
25 Y -233.720676736 0
26 A -272.866884416 1
26 C -267.313655823 0
26 D -266.82232701 0
26 E -269.405465267 0
26 F -255.201953513 0
26 G -268.202099395 0
26 H -259.07619017 0
26 I -263.827316832 0
26 K -267.266699714 0
26 L -152.82407783 0
26 M -267.687141622 0
26 N -265.973357777 0
26 P -265.681932534 0
26 Q -266.68307604 0
26 R -266.512389844 0
26 S -270.760102253 0
26 T -265.598441114 0
26 V -267.174212493 0
26 W -249.658065092 0
26 Y -259.26395952 0
27 A -269.849972789 0
27 C -267.392224679 0
27 D -272.691808458 0
27 E -274.3147532 0
27 F -274.055617185 0
27 G -266.972121095 0
27 H -275.185581293 0
27 I -263.309356676 0
27 K -269.682545828 0
27 L -272.735980877 0
27 M -273.173114795 0
27 N -272.087545856 1
27 P -235.036934475 0
27 Q -273.372604654 0
27 R -277.686733233 0
27 S -268.468562772 0
27 T -265.552338299 0
27 V -266.362314766 0
27 W -272.076610039 0
27 Y -274.574000318 0
28 A -261.160563444 0
28 C -259.766036348 0
28 D -262.613575456 0
28 E -262.357913222 0
28 F -269.119239414 0
28 G -256.808645423 0
28 H -265.188813879 0
28 I -264.74024791 0
28 K -259.226034975 0
28 L -262.590382359 0
28 M -263.648774753 0
28 N -263.108320686 0
28 P -174.754149467 0
28 Q -262.102974192 0
28 R -262.615532467 0
28 S -259.776612637 0
28 T -261.918516083 0
28 V -264.464065011 0
28 W -275.213025165 1
28 Y -274.900894331 0
29 A -270.26283468 0
29 C -270.135165216 0
29 D -267.136410948 0
29 E -267.717647238 0
29 F -206.012066904 0
29 G -265.956030925 0
29 H -261.087535083 0
29 I -268.137317228 0
29 K -261.294051313 0
29 L -273.057793976 0
29 M -278.244499789 1
29 N -268.557197127 0
29 P -38.3260100831 0
29 Q -271.633679292 0
29 R -252.183041782 0
29 S -267.818701811 0
29 T -270.275883374 0
29 V -267.416638347 0
29 W -6.19422882139 0
29 Y -206.62735989 0
30 A -282.171774796 1
30 C -282.171774796 1
30 D -282.171774796 1
30 E -282.171774796 1
30 F -282.171774796 1
30 G -282.381101931 1
30 H -282.381101931 1
30 I -281.698872304 1
30 K -281.698872304 1
30 L -282.171774796 1
30 M -282.171774796 1
30 N -282.381101931 1
30 P -282.381101931 1
30 Q -282.171774796 1
30 R -281.698872304 1
30 S -282.171774796 1
30 T -282.381101931 1
30 V -282.171774796 1
30 W -282.171774796 1
30 Y -282.171774796 1
31 A -267.607717062 0
31 C -266.618624446 0
31 D -263.805623722 0
31 E -265.236305747 0
31 F -258.389096375 0
31 G -265.089566126 0
31 H -263.708550493 0
31 I -249.211673398 0
31 K -261.486460219 0
31 L -275.79661142 1
31 M -270.222199775 0
31 N -268.08456277 0
31 P -76.8477991701 0
31 Q -267.558449522 0
31 R -261.66951783 0
31 S -267.541511862 0
31 T -269.720176532 0
31 V -269.962830929 0
31 W -255.562863134 0
31 Y -250.282173553 0
32 A -276.013985257 1
32 C -261.725552522 0
32 D -268.426567116 0
32 E -270.489573542 0
32 F -242.724551699 0
32 G -271.339914373 0
32 H -260.223930895 0
32 I -270.582529794 0
32 K -247.362554444 0
32 L -266.711288383 0
32 M -262.765627838 0
32 N -273.583462219 0
32 P -109.972609576 0
32 Q -271.078580271 0
32 R -260.248382881 0
32 S -272.098227439 0
32 T -271.461074463 0
32 V -268.554752269 0
32 W -233.186826532 0
32 Y -227.221679552 0
33 A -276.095896146 0
33 C -273.357143475 0
33 D -270.724476429 0
33 E -273.415465293 0
33 F -278.091700032 0
33 G -272.505569106 0
33 H -276.750928195 0
33 I -270.496920054 0
33 K -275.278032968 1
33 L -275.919222003 0
33 M -273.609999414 0
33 N -274.975988044 0
33 P -29.3520915114 0
33 Q -273.243058626 0
33 R -276.089877621 0
33 S -274.47414557 0
33 T -274.819513073 0
33 V -202.460689448 0
33 W -277.790415135 0
33 Y -277.517144966 0
34 A -275.751898927 0
34 C -275.576425131 0
34 D -276.569219373 0
34 E -279.958197343 0
34 F -279.546844741 0
34 G -274.268555925 0
34 H -280.062075002 0
34 I -277.116038641 0
34 K -270.692863442 0
34 L -277.057077658 0
34 M -277.541221536 0
34 N -278.758688613 0
34 P -89.6818852956 0
34 Q -279.278360854 0
34 R -276.805919946 0
34 S -275.618181099 0
34 T -276.784191187 0
34 V -280.115063795 0
34 W -281.132061371 1
34 Y -279.108912347 0
35 A -277.136337412 0
35 C -275.551698048 0
35 D -273.795317596 0
35 E -277.534625055 1
35 F -248.778058941 0
35 G -273.577186801 0
35 H -267.5704475 0
35 I -256.759138465 0
35 K -269.822198151 0
35 L -275.689449508 0
35 M -275.426632896 0
35 N -275.267250751 0
35 P -29.1258826903 0
35 Q -273.706571523 0
35 R -273.807213315 0
35 S -275.405969402 0
35 T -276.044340465 0
35 V -266.312758306 0
35 W -265.025357495 0
35 Y -243.994029179 0
36 A -275.816703653 0
36 C -259.606958345 0
36 D -245.71169257 0
36 E -220.023364245 0
36 F 16.9376745053 0
36 G -271.159203342 0
36 H -170.58593512 0
36 I -93.627863409 0
36 K -182.320969141 0
36 L 15.1343088614 0
36 M -195.928155878 0
36 N -257.886049388 0
36 P -85.302204312 0
36 Q -211.704099438 0
36 R -232.88308206 0
36 S -276.039957929 1
36 T -251.834769012 0
36 V -224.68454918 0
36 W 446.868071526 0
36 Y 33.4548211128 0
37 A -271.551532179 0
37 C -269.787742466 0
37 D -275.593505243 0
37 E -272.704332107 0
37 F -271.531756976 0
37 G -275.661647218 1
37 H -272.768636855 0
37 I -244.100224134 0
37 K -273.870189558 0
37 L -272.659954772 0
37 M -270.016105163 0
37 N -275.787370096 0
37 P -212.359068849 0
37 Q -271.406093634 0
37 R -272.2322997 0
37 S -271.622237369 0
37 T -264.304962811 0
37 V -253.131857723 0
37 W -270.189025022 0
37 Y -271.446722408 0
38 A -269.155608006 0
38 C -268.724099417 0
38 D -272.119852413 0
38 E -267.350884145 0
38 F -276.657193138 0
38 G -268.815928573 0
38 H -273.481875947 0
38 I -231.752987252 0
38 K -267.907808996 0
38 L -272.54419044 0
38 M -270.349754925 0
38 N -273.875336032 0
38 P -201.080401482 0
38 Q -269.316739364 0
38 R -271.93866657 0
38 S -268.276962834 0
38 T -263.559988387 0
38 V -236.209192813 0
38 W -274.611472948 0
38 Y -275.9836272 1
39 A -271.452233167 0
39 C -271.78719599 0
39 D -276.218244357 0
39 E -272.380310513 0
39 F -252.418731393 0
39 G -267.14434325 0
39 H -265.172234777 0
39 I -272.181351887 0
39 K -271.946105902 0
39 L -273.127877743 0
39 M -271.939857685 0
39 N -276.071998696 1
39 P 116.931717118 0
39 Q -270.85523906 0
39 R -271.772903357 0
39 S -272.131328109 0
39 T -272.304230733 0
39 V -272.324589288 0
39 W -249.795126254 0
39 Y -260.852123119 0
40 A -275.825368046 0
40 C -273.787735418 0
40 D -268.39845325 0
40 E -255.577311341 0
40 F -40.4188460045 0
40 G -273.190742764 0
40 H -130.666261581 0
40 I -262.081963096 0
40 K -206.021741401 0
40 L -269.530300877 0
40 M -236.449936144 0
40 N -267.608353322 0
40 P -145.323319942 0
40 Q -261.027371957 0
40 R -232.992006238 0
40 S -275.909367772 0
40 T -277.594460158 1
40 V -265.004451742 0
40 W 110.105791934 0
40 Y 315.026404782 0
41 A -273.868183179 0
41 C -272.081670814 0
41 D -274.863622464 0
41 E -274.716966584 0
41 F -270.554791728 0
41 G -273.218938553 0
41 H -271.887460242 0
41 I -267.682861685 0
41 K -274.914293318 0
41 L -274.8597522 0
41 M -273.025716145 0
41 N -273.511407041 0
41 P -242.702530695 0
41 Q -272.34913083 0
41 R -273.927556151 1
41 S -274.450139821 0
41 T -273.171438054 0
41 V -268.463011815 0
41 W -270.665187617 0
41 Y -270.216933065 0
42 A -280.226976442 1
42 C -277.948348605 0
42 D -275.326170744 0
42 E -278.049634043 0
42 F -273.338451154 0
42 G -275.372420527 0
42 H -277.79825936 0
42 I -273.908777428 0
42 K -278.327128853 0
42 L -257.976116083 0
42 M -279.006595385 0
42 N -276.843433195 0
42 P -114.609584363 0
42 Q -277.150803072 0
42 R -277.02512089 0
42 S -278.883632287 0
42 T -277.571276387 0
42 V -276.011020894 0
42 W -272.89549344 0
42 Y -275.511123395 0
43 A -277.317375666 0
43 C -276.091200385 0
43 D -272.822302128 0
43 E -277.065205739 0
43 F -275.848997833 0
43 G -273.753561672 0
43 H -275.963340975 0
43 I -277.332182428 0
43 K -277.240425139 0
43 L -274.399722714 0
43 M -277.809254807 0
43 N -274.749919954 0
43 P -207.465426597 0
43 Q -277.709839374 0
43 R -277.213988666 0
43 S -277.323751813 0
43 T -278.688540851 1
43 V -278.022721022 0
43 W -275.705238439 0
43 Y -275.643591611 0
44 A -272.387359217 0
44 C -271.711400431 0
44 D -271.627793573 0
44 E -271.592386446 0
44 F -274.098878094 0
44 G -269.204593464 0
44 H -274.93525046 0
44 I -274.818059829 0
44 K -275.282238073 0
44 L -273.766231132 0
44 M -272.621921635 0
44 N -274.772962266 1
44 P -179.04867013 0
44 Q -273.258383637 0
44 R -276.169011048 0
44 S -274.378012937 0
44 T -272.590328995 0
44 V -274.474021877 0
44 W -271.856905701 0
44 Y -273.591313039 0
45 A -270.741626462 0
45 C -271.313079298 0
45 D -275.353683041 0
45 E -274.036200846 0
45 F -280.658503632 0
45 G -269.341680424 0
45 H -279.716558321 0
45 I -274.617363619 0
45 K -278.368443633 0
45 L -279.358066676 0
45 M -271.999097022 0
45 N -276.869834413 0
45 P -270.674267556 0
45 Q -276.476094983 0
45 R -278.249515642 0
45 S -272.190020727 0
45 T -272.772530518 0
45 V -274.772367928 0
45 W -280.251485058 0
45 Y -281.442159096 1
46 A -276.388776358 0
46 C -275.274398234 0
46 D -277.226766717 0
46 E -276.593417562 0
46 F -273.982711641 0
46 G -272.446096406 0
46 H -276.836606171 0
46 I -278.529498528 0
46 K -277.623277894 0
46 L -277.482088174 0
46 M -275.88927553 0
46 N -280.131470807 1
46 P -104.618243924 0
46 Q -277.131517529 0
46 R -278.718542597 0
46 S -276.431468975 0
46 T -275.885959157 0
46 V -278.905933079 0
46 W -272.845117576 0
46 Y -273.50123699 0
47 A -276.116108438 1
47 C -273.125235301 0
47 D -276.783972982 0
47 E -276.715093662 0
47 F -273.568824573 0
47 G -274.389796331 0
47 H -276.477290632 0
47 I -273.714973037 0
47 K -276.123587872 0
47 L -275.771829003 0
47 M -274.055389708 0
47 N -274.452440105 0
47 P -273.876792093 0
47 Q -274.12160505 0
47 R -275.153166266 0
47 S -277.061172956 0
47 T -276.161330359 0
47 V -273.720550921 0
47 W -275.216207133 0
47 Y -273.619028378 0
48 A -277.476953154 0
48 C -275.201634132 0
48 D -278.718845279 0
48 E -280.275314377 0
48 F -274.733353037 0
48 G -276.347156181 1
48 H -276.696053372 0
48 I -276.429237129 0
48 K -278.479675679 0
48 L -277.541703403 0
48 M -276.773337175 0
48 N -277.521391448 0
48 P -270.259449451 0
48 Q -277.736172352 0
48 R -278.329897056 0
48 S -278.060465383 0
48 T -276.649439856 0
48 V -276.478740612 0
48 W -275.666455258 0
48 Y -274.797600057 0
49 A -268.950915247 0
49 C -268.639754107 0
49 D -277.772768155 1
49 E -271.726660024 0
49 F -269.203161126 0
49 G -268.715887523 0
49 H -271.356500879 0
49 I -263.812889784 0
49 K -270.99810067 0
49 L -269.381744069 0
49 M -269.161140043 0
49 N -275.925934888 0
49 P -249.142667802 0
49 Q -269.958148296 0
49 R -270.728696207 0
49 S -271.065230383 0
49 T -270.845315947 0
49 V -271.285456501 0
49 W -267.088957848 0
49 Y -269.57352114 0
50 A -276.912683918 0
50 C -274.987382968 0
50 D -279.178927348 0
50 E -277.201152547 0
50 F -277.135567848 0
50 G -279.308247494 0
50 H -278.113948432 0
50 I -243.220476011 0
50 K -278.693075496 0
50 L -277.447827533 0
50 M -276.515498008 0
50 N -279.316102654 0
50 P -229.611089527 0
50 Q -276.767394296 0
50 R -277.575672922 1
50 S -276.036007866 0
50 T -268.594399652 0
50 V -244.719290518 0
50 W -274.998069656 0
50 Y -276.615536508 0
51 A -278.195046007 0
51 C -271.620818851 0
51 D -269.196164748 0
51 E -264.35803274 0
51 F -263.201455453 0
51 G -276.121168606 0
51 H -255.130112644 0
51 I -260.877940125 0
51 K -268.394765859 0
51 L -260.590123315 0
51 M -266.491922418 0
51 N -270.240853039 0
51 P -233.407117708 0
51 Q -266.543065782 0
51 R -264.653768855 0
51 S -280.566980232 1
51 T -271.470586678 0
51 V -270.940733951 0
51 W -258.705841528 0
51 Y -260.628299739 0
52 A -280.11569346 0
52 C -280.401891986 0
52 D -274.488487108 0
52 E -278.517292698 0
52 F -277.471843682 0
52 G -274.871504513 0
52 H -275.063461234 0
52 I -274.119817189 0
52 K -279.54926546 0
52 L -278.301975716 0
52 M -281.057660586 0
52 N -278.670802513 0
52 P -237.838119628 0
52 Q -278.878610004 0
52 R -279.422381508 0
52 S -278.928960785 0
52 T -282.682974675 1
52 V -282.241498697 0
52 W -275.74594365 0
52 Y -277.438975552 0
53 A -274.107339933 0
53 C -272.143235857 0
53 D -274.918378622 1
53 E -273.150254349 0
53 F -270.898077139 0
53 G -270.485177176 0
53 H -271.839788935 0
53 I -252.858155303 0
53 K -274.541302465 0
53 L -275.680129461 0
53 M -273.598514787 0
53 N -275.790678638 0
53 P -181.963858944 0
53 Q -273.953536894 0
53 R -274.272259399 0
53 S -272.991118363 0
53 T -271.043115983 0
53 V -265.529041101 0
53 W -261.829428321 0
53 Y -269.204389197 0
54 A -265.037930321 0
54 C -266.034632242 0
54 D -263.375584081 0
54 E -262.222294929 0
54 F -273.822315061 0
54 G -260.155818877 0
54 H -270.690669975 0
54 I -266.167635802 0
54 K -263.553306493 0
54 L -268.703618108 0
54 M -266.003804775 0
54 N -267.809741161 0
54 P -167.27244721 0
54 Q -257.458719597 0
54 R -268.251540112 0
54 S -264.207230085 0
54 T -265.018306997 0
54 V -266.538257749 0
54 W -261.660635206 0
54 Y -277.825213343 1
55 A -224.174344772 0
55 C -219.213519116 0
55 D -219.481149677 0
55 E -191.221343016 0
55 F 1679.56438149 0
55 G -275.853380541 1
55 H -198.511459421 0
55 I 164.845549692 0
55 K 72.8008059129 0
55 L 1229.95682101 0
55 M 85.6447501037 0
55 N -211.640990666 0
55 P -84.8722023224 0
55 Q 30.4095185745 0
55 R -55.1089582539 0
55 S -253.820017492 0
55 T -223.074863149 0
55 V 169.95609601 0
55 W -169.539751299 0
55 Y -166.629109316 0
56 A -269.802310888 0
56 C -268.376806165 0
56 D -270.803929717 0
56 E -269.635170496 0
56 F -173.236839126 0
56 G -266.561817481 0
56 H -207.454148715 0
56 I -277.345806387 1
56 K -262.720539412 0
56 L -275.184261962 0
56 M -275.487869751 0
56 N -270.422360394 0
56 P -269.484946125 0
56 Q -270.242582936 0
56 R -266.732607872 0
56 S -269.810330291 0
56 T -268.702071007 0
56 V -273.255925904 0
56 W -230.166063374 0
56 Y -175.000415708 0
57 A -261.600783068 0
57 C -261.030974389 0
57 D -263.681926417 0
57 E -260.809455041 0
57 F -272.974965276 1
57 G -259.294602044 0
57 H -267.6608398 0
57 I -255.58939044 0
57 K -260.58678303 0
57 L -266.57602048 0
57 M -265.843693221 0
57 N -264.972626368 0
57 P -239.393188089 0
57 Q -261.447245177 0
57 R -262.165709617 0
57 S -261.703321523 0
57 T -261.827392834 0
57 V -252.443503312 0
57 W -260.973041016 0
57 Y -271.4890777 0
58 A -270.753259294 0
58 C -269.965160429 0
58 D -261.68770949 0
58 E -267.794725415 0
58 F -40.9320872136 0
58 G -268.412561338 0
58 H -232.539848909 0
58 I -240.270254742 0
58 K -272.626370727 0
58 L -266.714219028 0
58 M -273.723756787 0
58 N -273.350683573 0
58 P -197.922990015 0
58 Q -276.317477594 1
58 R -272.017587636 0
58 S -271.183422548 0
58 T -265.893214452 0
58 V -249.811443049 0
58 W -243.462911371 0
58 Y -156.235021031 0
59 A -262.944237376 0
59 C -263.093058156 0
59 D -263.567612931 0
59 E -260.921055663 0
59 F -247.849858783 0
59 G -260.112145441 0
59 H -260.920870847 0
59 I -272.947690452 1
59 K -249.665343181 0
59 L -269.196074231 0
59 M -258.980871816 0
59 N -265.054889919 0
59 P -159.678254904 0
59 Q -263.709568131 0
59 R -235.782707914 0
59 S -263.791052914 0
59 T -265.033699889 0
59 V -268.796653182 0
59 W -238.046305077 0
59 Y -241.265666833 0
60 A -267.505401726 0
60 C -267.581515943 0
60 D -267.263980264 0
60 E -266.56531694 0
60 F -258.824316955 0
60 G -266.211945014 0
60 H -261.697217465 0
60 I -265.876917295 0
60 K -266.993910901 0
60 L -266.821077057 0
60 M -267.211712049 0
60 N -273.389140507 1
60 P -264.639886342 0
60 Q -268.141423638 0
60 R -269.362031196 0
60 S -268.884273812 0
60 T -266.303068609 0
60 V -262.691474301 0
60 W -260.607609298 0
60 Y -259.299772926 0
61 A -270.379599968 0
61 C -260.564044347 0
61 D -249.656384279 0
61 E -204.360152293 0
61 F 292.945946183 0
61 G -267.02827105 0
61 H -66.0885938795 0
61 I -125.858817325 0
61 K -123.525954969 0
61 L -97.1969937726 0
61 M -119.340610907 0
61 N -253.589455652 0
61 P -87.5048024115 0
61 Q -181.725448741 0
61 R -45.4142679107 0
61 S -278.617747723 1
61 T -242.784429524 0
61 V -252.127967576 0
61 W 1078.06374259 0
61 Y 612.044889413 0
62 A -268.035639556 0
62 C -265.017014369 0
62 D -262.262090668 0
62 E -268.411921817 0
62 F -265.911467339 0
62 G -265.889498854 0
62 H -266.269759425 0
62 I -272.787584897 0
62 K -269.655209013 0
62 L -270.526398644 0
62 M -268.345307055 0
62 N -266.464412196 0
62 P -231.113849605 0
62 Q -268.269375484 0
62 R -277.258219028 1
62 S -267.244027183 0
62 T -268.575580651 0
62 V -266.677432778 0
62 W -264.98644901 0
62 Y -265.398780133 0
63 A -270.056093728 0
63 C -268.834355994 0
63 D -272.352045709 0
63 E -271.938737853 0
63 F -272.087750019 0
63 G -267.274113752 0
63 H -271.945802054 0
63 I -273.930547466 0
63 K -273.089974723 0
63 L -273.484956048 0
63 M -271.312640377 0
63 N -271.585572242 0
63 P -245.490266751 0
63 Q -271.283696179 0
63 R -273.500459773 0
63 S -270.40522903 0
63 T -272.798340811 0
63 V -273.565063352 0
63 W -271.503951344 0
63 Y -272.398466209 1
64 A -268.138706624 0
64 C -268.499135006 0
64 D -270.148270287 0
64 E -268.014819916 0
64 F -271.936440955 0
64 G -265.02200327 0
64 H -270.345143605 0
64 I -253.58341095 0
64 K -267.906193749 0
64 L -268.688930127 0
64 M -269.129974672 0
64 N -270.935840511 0
64 P -214.177139108 0
64 Q -270.102269643 0
64 R -273.139938069 0
64 S -267.82580091 0
64 T -266.436217087 0
64 V -223.593450361 0
64 W -276.688048375 1
64 Y -272.908185835 0
65 A -274.666150908 1
65 C -274.666150908 1
65 D -274.666150908 1
65 E -274.666150908 1
65 F -274.666150908 1
65 G -274.666150908 1
65 H -274.666150908 1
65 I -274.666150908 1
65 K -274.666150908 1
65 L -274.666150908 1
65 M -274.666150908 1
65 N -274.666150908 1
65 P -274.666150908 1
65 Q -274.666150908 1
65 R -274.666150908 1
65 S -274.666150908 1
65 T -274.666150908 1
65 V -274.666150908 1
65 W -274.666150908 1
65 Y -274.666150908 1
66 A -269.950607538 0
66 C -268.563974632 0
66 D -275.625324619 0
66 E -274.58648864 0
66 F -269.578781098 0
66 G -265.34575232 0
66 H -271.54925625 0
66 I -272.247036675 0
66 K -271.124898449 0
66 L -274.511914164 0
66 M -272.865022209 0
66 N -274.47568619 1
66 P -90.8989999202 0
66 Q -272.82147312 0
66 R -270.47866984 0
66 S -271.31530256 0
66 T -269.394592244 0
66 V -270.419750485 0
66 W -270.438832052 0
66 Y -268.445530834 0
67 A -262.342547652 0
67 C -262.249760915 0
67 D -272.957734462 1
67 E -267.105931263 0
67 F -258.943154412 0
67 G -260.443858184 0
67 H -259.173771559 0
67 I -261.359920755 0
67 K -257.987462635 0
67 L -238.173214139 0
67 M -258.029300723 0
67 N -273.204813427 0
67 P -257.80682287 0
67 Q -256.751710924 0
67 R -257.781385918 0
67 S -263.628940032 0
67 T -260.549218102 0
67 V -258.865213908 0
67 W -223.331537204 0
67 Y -259.484837113 0
68 A -266.502185487 0
68 C -263.858747204 0
68 D -268.995167077 0
68 E -267.425069544 0
68 F -268.35023951 0
68 G -272.101538079 1
68 H -269.343539623 0
68 I -252.169698625 0
68 K -269.026317263 0
68 L -267.895381699 0
68 M -266.238820508 0
68 N -270.183455282 0
68 P -229.868499949 0
68 Q -265.824042646 0
68 R -268.472311687 0
68 S -267.78627063 0
68 T -264.982110228 0
68 V -252.604252964 0
68 W -267.34227069 0
68 Y -268.329647975 0
69 A -275.343293387 0
69 C -274.389671326 0
69 D -275.913530969 0
69 E -277.029390549 0
69 F -276.359448429 0
69 G -275.173247156 0
69 H -278.161070188 0
69 I -277.269148395 0
69 K -277.582421023 1
69 L -276.896490306 0
69 M -275.534161083 0
69 N -277.661348862 0
69 P -127.650205672 0
69 Q -276.277013577 0
69 R -277.893939131 0
69 S -276.279651581 0
69 T -277.376971636 0
69 V -277.803064891 0
69 W -274.936134131 0
69 Y -276.410030195 0
70 A -269.235425443 0
70 C -271.911616115 0
70 D -268.763824503 0
70 E -252.657832837 0
70 F -190.041172759 0
70 G -262.656266386 0
70 H -240.704530281 0
70 I -232.379568755 0
70 K -193.393431507 0
70 L -224.311198294 0
70 M -208.996046346 0
70 N -267.513269797 0
70 P -236.070773792 0
70 Q -240.394322624 0
70 R -110.891820012 0
70 S -270.637322647 0
70 T -278.756765009 1
70 V -269.651903818 0
70 W 245.958220596 0
70 Y -179.496900948 0
71 A -274.371784416 0
71 C -272.952949491 0
71 D -276.378954043 0
71 E -276.337190503 0
71 F -273.977144743 0
71 G -272.895006601 0
71 H -275.431824102 0
71 I -274.363528126 0
71 K -275.299093786 0
71 L -275.219964987 0
71 M -273.669902944 0
71 N -274.022824852 0
71 P -278.084336932 1
71 Q -274.515702112 0
71 R -274.476313856 0
71 S -275.395741437 0
71 T -274.233259866 0
71 V -274.70821832 0
71 W -274.523609684 0
71 Y -273.928364434 0
72 A -267.125287956 0
72 C -265.403575701 0
72 D -268.333843457 0
72 E -268.030475678 0
72 F -267.85573123 0
72 G -271.749864995 1
72 H -269.520375445 0
72 I -232.270166479 0
72 K -269.533986483 0
72 L -268.334631936 0
72 M -266.730636321 0
72 N -269.636103355 0
72 P -186.66597467 0
72 Q -267.210104508 0
72 R -267.569481066 0
72 S -267.077616504 0
72 T -258.897080573 0
72 V -235.111820331 0
72 W -266.569301939 0
72 Y -267.398568615 0
73 A -272.545086493 1
73 C -272.878869606 0
73 D -267.094543244 0
73 E -263.508675949 0
73 F -184.202536761 0
73 G -269.79587678 0
73 H -221.158655768 0
73 I -266.812008837 0
73 K -268.372796389 0
73 L -246.774383412 0
73 M -270.11425736 0
73 N -269.633337947 0
73 P -249.218048982 0
73 Q -268.52235346 0
73 R -270.552822049 0
73 S -271.171229958 0
73 T -274.757873021 0
73 V -271.542046343 0
73 W -270.464003322 0
73 Y -180.238328804 0
74 A -269.846285097 0
74 C -268.296448481 0
74 D -269.085852056 0
74 E -271.243072563 0
74 F -269.884817054 0
74 G -267.934123965 0
74 H -270.93167528 0
74 I -271.285744705 0
74 K -271.52303695 0
74 L -271.928326507 0
74 M -269.469317092 0
74 N -269.331967956 0
74 P -18.0574908909 0
74 Q -270.801147912 0
74 R -271.709866747 0
74 S -269.237050535 0
74 T -271.131939756 0
74 V -272.457655247 1
74 W -268.988018702 0
74 Y -270.299032423 0
75 A -270.023048776 0
75 C -268.216825861 0
75 D -273.455690654 0
75 E -268.614451584 0
75 F -258.276058698 0
75 G -268.921841488 0
75 H -264.691502103 0
75 I -249.072566275 0
75 K -266.213486179 0
75 L -243.367535724 0
75 M -267.519608557 0
75 N -275.589396916 1
75 P -220.04622154 0
75 Q -266.911353628 0
75 R -270.300931152 0
75 S -268.403794447 0
75 T -266.153386398 0
75 V -259.633172837 0
75 W -259.521970344 0
75 Y -260.976128423 0
76 A -276.922130854 1
76 C -272.248172824 0
76 D -271.390277356 0
76 E -272.220361293 0
76 F -265.833761061 0
76 G -274.13836852 0
76 H -261.506626161 0
76 I -274.997592489 0
76 K -276.467341827 0
76 L -277.459621596 0
76 M -274.738958726 0
76 N -274.040056006 0
76 P 33.5339279495 0
76 Q -273.899931665 0
76 R -276.830433731 0
76 S -274.025986336 0
76 T -274.17460282 0
76 V -273.905325383 0
76 W -265.178515348 0
76 Y -262.440294951 0
77 A -274.928595246 1
77 C -274.928595246 1
77 D -274.928595246 1
77 E -274.928595246 1
77 F -274.928595246 1
77 G -274.928595246 1
77 H -274.928595246 1
77 I -274.928595246 1
77 K -274.928595246 1
77 L -274.928595246 1
77 M -274.928595246 1
77 N -274.928595246 1
77 P -274.928595246 1
77 Q -274.928595246 1
77 R -274.928595246 1
77 S -274.928595246 1
77 T -274.928595246 1
77 V -274.928595246 1
77 W -274.928595246 1
77 Y -274.928595246 1
78 A -276.882575086 0
78 C -275.714424583 0
78 D -278.9226626 0
78 E -278.224449499 0
78 F -276.282478832 0
78 G -277.119987219 0
78 H -278.678409027 1
78 I -258.926784021 0
78 K -279.519898487 0
78 L -277.759721029 0
78 M -276.601843425 0
78 N -280.010949286 0
78 P -143.228596552 0
78 Q -278.0051127 0
78 R -278.90415284 0
78 S -276.902249293 0
78 T -272.68311932 0
78 V -265.19090724 0
78 W -275.736827004 0
78 Y -276.505718651 0
79 A -271.314597394 0
79 C -270.813601197 0
79 D -267.905313191 0
79 E -270.974733575 0
79 F -267.482673343 0
79 G -267.149846865 0
79 H -270.877961991 0
79 I -274.623648262 0
79 K -273.747228215 0
79 L -275.191447768 1
79 M -273.789275565 0
79 N -270.324283987 0
79 P -158.816515821 0
79 Q -272.978696481 0
79 R -275.184499704 0
79 S -271.535721225 0
79 T -273.063959742 0
79 V -274.246423561 0
79 W -270.537030705 0
79 Y -268.054064557 0
80 A -286.370284428 0
80 C -285.684152598 0
80 D -288.496931327 0
80 E -288.078564204 0
80 F -285.847879974 0
80 G -285.177598853 0
80 H -286.932338344 0
80 I -287.468676787 0
80 K -287.168825781 0
80 L -287.73329554 0
80 M -287.535677498 0
80 N -289.031038624 0
80 P -287.880782894 0
80 Q -285.878323172 0
80 R -286.675466123 0
80 S -287.288710475 1
80 T -286.137154879 0
80 V -286.925469299 0
80 W -288.071192784 0
80 Y -285.702213139 0
81 A -273.930972135 1
81 C -273.930972135 1
81 D -273.930972135 1
81 E -273.930972135 1
81 F -273.930972135 1
81 G -274.595095192 1
81 H -273.930972135 1
81 I -273.930972135 1
81 K -273.930972135 1
81 L -273.930972135 1
81 M -273.930972135 1
81 N -273.930972135 1
81 P -273.930972135 1
81 Q -273.930972135 1
81 R -273.930972135 1
81 S -273.930972135 1
81 T -273.930972135 1
81 V -273.930972135 1
81 W -273.930972135 1
81 Y -273.930972135 1
82 A -282.158619252 0
82 C -278.648741884 0
82 D -283.380353867 0
82 E -283.197764972 0
82 F -279.306390624 0
82 G -280.78419693 0
82 H -280.895247362 0
82 I -280.044556767 0
82 K -282.313701398 0
82 L -282.216782792 0
82 M -281.928593008 0
82 N -281.768654347 0
82 P -212.471353501 0
82 Q -281.391654317 0
82 R -281.688436417 0
82 S -281.687997157 1
82 T -280.378872232 0
82 V -280.46833766 0
82 W -280.82837128 0
82 Y -279.376894277 0
83 A -273.875838667 1
83 C -270.300468088 0
83 D -272.760957782 0
83 E -269.575356858 0
83 F -270.264930967 0
83 G -271.288188405 0
83 H -271.941082481 0
83 I -263.500207126 0
83 K -272.841916392 0
83 L -269.748730822 0
83 M -270.849443098 0
83 N -271.313022352 0
83 P -57.8329265522 0
83 Q -269.778675595 0
83 R -272.587820397 0
83 S -272.683043466 0
83 T -271.215319535 0
83 V -271.923926835 0
83 W -269.456206651 0
83 Y -270.87744092 0
84 A -263.071297565 0
84 C -263.289262355 0
84 D -264.164560424 0
84 E -262.851837956 0
84 F -269.105201991 0
84 G -260.987045373 0
84 H -268.049744088 0
84 I -255.307470369 0
84 K -258.556920688 0
84 L -272.418096806 1
84 M -268.650701104 0
84 N -266.583526132 0
84 P -190.970959184 0
84 Q -265.21657714 0
84 R -246.857410833 0
84 S -263.712366274 0
84 T -263.130222081 0
84 V -253.032286775 0
84 W -257.169547926 0
84 Y -266.369170418 0
85 A -268.276887937 0
85 C -268.69539808 0
85 D -268.373787264 0
85 E -269.942113026 0
85 F -249.550207194 0
85 G -267.839568079 0
85 H -264.779105468 0
85 I -262.993037679 0
85 K -270.008800332 0
85 L -275.684327854 1
85 M -271.711656798 0
85 N -271.088390521 0
85 P -21.8889799803 0
85 Q -269.854348377 0
85 R -271.578953232 0
85 S -268.578795406 0
85 T -270.537465865 0
85 V -259.802731875 0
85 W -152.247978467 0
85 Y -252.994288713 0
86 A -270.278039617 0
86 C -268.849336616 0
86 D -272.18896928 0
86 E -270.560233315 0
86 F -268.96124921 0
86 G -269.081562207 0
86 H -269.588539375 0
86 I -255.378100617 0
86 K -270.765234674 0
86 L -271.588160157 0
86 M -269.399962013 0
86 N -270.28108277 0
86 P -197.010999701 0
86 Q -272.680025392 1
86 R -271.738896998 0
86 S -270.169323877 0
86 T -270.292098101 0
86 V -251.926834877 0
86 W -269.34752384 0
86 Y -268.106636943 0
87 A -268.835366824 0
87 C -265.935342622 0
87 D -275.213237579 1
87 E -271.153080135 0
87 F -265.591787544 0
87 G -267.368794359 0
87 H -269.754925261 0
87 I -265.929831456 0
87 K -268.581231987 0
87 L -264.391107166 0
87 M -267.201753409 0
87 N -272.87649853 0
87 P -267.058028356 0
87 Q -267.221502179 0
87 R -267.96218252 0
87 S -269.987478827 0
87 T -268.845385222 0
87 V -266.480652938 0
87 W -268.886529698 0
87 Y -267.041584694 0
88 A -266.878596205 0
88 C -266.301736196 0
88 D -272.771281949 0
88 E -269.154348615 0
88 F -266.180383267 0
88 G -264.834256058 0
88 H -267.159062415 0
88 I -269.04850628 0
88 K -268.602278686 0
88 L -268.786326256 0
88 M -267.628615562 0
88 N -271.349097743 1
88 P -247.981541681 0
88 Q -266.428003317 0
88 R -267.981903506 0
88 S -268.488245442 0
88 T -267.623074461 0
88 V -268.791906118 0
88 W -266.328976854 0
88 Y -265.990855296 0
89 A -264.328295203 0
89 C -264.492033952 0
89 D -267.756308356 0
89 E -264.481887596 0
89 F -230.944865274 0
89 G -262.287432624 0
89 H -257.540061723 0
89 I -272.528563717 1
89 K -253.431717595 0
89 L -268.831345076 0
89 M -268.590191226 0
89 N -268.241488869 0
89 P -265.113108243 0
89 Q -264.558285341 0
89 R -244.59389383 0
89 S -265.462206125 0
89 T -268.05724131 0
89 V -268.115984044 0
89 W -75.4187108943 0
89 Y -207.617186666 0
90 A -271.635256904 1
90 C -268.236222981 0
90 D -269.91271026 0
90 E -271.534313785 0
90 F -268.94148837 0
90 G -269.637841615 0
90 H -269.982894967 0
90 I -270.070939027 0
90 K -271.628062298 0
90 L -267.69701601 0
90 M -269.694608329 0
90 N -269.433890498 0
90 P -245.965287344 0
90 Q -269.427507374 0
90 R -271.310603173 0
90 S -270.81545361 0
90 T -271.35375812 0
90 V -270.018974059 0
90 W -270.197633078 0
90 Y -268.739226979 0
91 A -268.807916902 0
91 C -265.843097272 0
91 D -272.738423811 1
91 E -269.401293146 0
91 F -268.471762092 0
91 G -265.985518267 0
91 H -270.685292692 0
91 I -268.574364597 0
91 K -269.023847374 0
91 L -265.413502776 0
91 M -268.467151629 0
91 N -269.432063978 0
91 P -262.732687366 0
91 Q -267.806641944 0
91 R -268.273989886 0
91 S -268.14956424 0
91 T -267.699318606 0
91 V -264.703114081 0
91 W -268.914672351 0
91 Y -268.360205782 0
92 A -272.942820177 1
92 C -268.327078683 0
92 D -266.663479549 0
92 E -272.043641289 0
92 F -9.47423680118 0
92 G -268.456074356 0
92 H -256.880450897 0
92 I -271.881554022 0
92 K -260.534380781 0
92 L -228.293685601 0
92 M -269.590836379 0
92 N -268.910166417 0
92 P -237.696954036 0
92 Q -269.865768196 0
92 R -156.795544795 0
92 S -271.0987882 0
92 T -268.643426901 0
92 V -271.557758708 0
92 W -27.1808636871 0
92 Y 164.811173313 0
93 A -268.727494075 0
93 C -267.993359651 0
93 D -263.970910786 0
93 E -262.632694846 0
93 F -244.704187486 0
93 G -264.427624443 0
93 H -258.169896394 0
93 I -268.78331943 0
93 K -249.644216261 0
93 L -254.376183972 0
93 M -260.626742931 0
93 N -265.485135781 0
93 P -55.8144167979 0
93 Q -262.110891254 0
93 R -251.832165929 0
93 S -266.286761943 0
93 T -267.316808543 0
93 V -271.507637811 1
93 W 82.3657407021 0
93 Y -248.372162788 0
94 A -273.67943144 1
94 C -271.055877371 0
94 D -272.614064309 0
94 E -274.551850926 0
94 F -272.330615094 0
94 G -272.028744225 0
94 H -273.717159603 0
94 I -273.115878778 0
94 K -274.143647976 0
94 L -273.264025871 0
94 M -273.489004707 0
94 N -273.161035593 0
94 P 14.4076545076 0
94 Q -272.738840517 0
94 R -273.905117891 0
94 S -272.776171431 0
94 T -273.228685235 0
94 V -271.516351426 0
94 W -274.016101635 0
94 Y -272.348397637 0
95 A -272.371577805 1
95 C -272.371577805 1
95 D -272.371577805 1
95 E -272.371577805 1
95 F -272.371577805 1
95 G -272.371577805 1
95 H -272.371577805 1
95 I -272.371577805 1
95 K -272.371577805 1
95 L -272.371577805 1
95 M -272.371577805 1
95 N -272.371577805 1
95 P -272.371577805 1
95 Q -272.371577805 1
95 R -272.371577805 1
95 S -272.371577805 1
95 T -272.371577805 1
95 V -272.371577805 1
95 W -272.371577805 1
95 Y -272.371577805 1
96 A -274.941397378 1
96 C -257.507129954 0
96 D -258.765614806 0
96 E -267.130244019 0
96 F -258.89560326 0
96 G -269.029772772 0
96 H -260.401935167 0
96 I -258.093795022 0
96 K -235.257015467 0
96 L -267.887026043 0
96 M -256.322053143 0
96 N -265.693251481 0
96 P 22.9038456862 0
96 Q -269.524218802 0
96 R -180.1580323 0
96 S -270.103929772 0
96 T -243.935434617 0
96 V -256.162136658 0
96 W -189.502673594 0
96 Y -223.340568698 0
97 A -269.524012544 0
97 C -267.689227584 0
97 D -266.262539919 0
97 E -268.702907587 0
97 F -264.070130631 0
97 G -266.360158331 0
97 H -260.029754283 0
97 I -222.428406511 0
97 K -273.704480595 1
97 L -269.966972311 0
97 M -270.854048069 0
97 N -269.680162599 0
97 P -17.419456602 0
97 Q -270.817959584 0
97 R -269.125771879 0
97 S -267.028028726 0
97 T -265.457896087 0
97 V -216.728971829 0
97 W -244.085008715 0
97 Y -253.899905203 0
98 A -270.760245193 0
98 C -267.547770596 0
98 D -266.771078962 0
98 E -268.183988328 0
98 F -268.171934903 0
98 G -266.95125191 0
98 H -270.229639568 0
98 I -271.098991106 0
98 K -269.394085053 0
98 L -268.511079184 0
98 M -268.236965981 0
98 N -267.792809907 0
98 P -61.3492474328 0
98 Q -268.45567779 0
98 R -273.03044119 1
98 S -268.368248471 0
98 T -270.030020477 0
98 V -270.963922807 0
98 W -269.787123025 0
98 Y -270.742716901 0
99 A -267.443914364 0
99 C -267.324401938 0
99 D -261.392584825 0
99 E -262.243608303 0
99 F -247.603625536 0
99 G -263.188027392 0
99 H -261.051833974 0
99 I -273.577008089 0
99 K -259.633580879 0
99 L -267.429092569 0
99 M -267.978896518 0
99 N -265.160230409 0
99 P -12.0461548406 0
99 Q -264.35397702 0
99 R -265.289715499 0
99 S -265.294024612 0
99 T -267.991930139 0
99 V -272.804930569 1
99 W -259.630686096 0
99 Y -248.864051053 0
100 A -280.748936028 0
100 C -279.398185606 0
100 D -283.005141932 0
100 E -262.124622795 0
100 F -186.471505966 0
100 G -276.569803699 0
100 H -259.081166706 0
100 I -261.163626471 0
100 K -165.856952848 0
100 L -264.598444736 0
100 M -226.820047473 0
100 N -268.003159859 0
100 P -125.261571107 0
100 Q -258.948346386 0
100 R 34.7993799098 0
100 S -276.862334792 0
100 T -278.36675436 0
100 V -278.160295708 1
100 W -32.7846261459 0
100 Y -148.744867782 0
101 A -278.843451 0
101 C -277.868191768 0
101 D -280.51471571 0
101 E -275.913884523 0
101 F -275.817628296 0
101 G -276.929383278 0
101 H -278.151740786 0
101 I -273.211352603 0
101 K -276.466843269 0
101 L -277.919444632 0
101 M -275.837353299 0
101 N -280.790843823 0
101 P 6.98817960795 0
101 Q -275.696996265 0
101 R -278.211166241 1
101 S -277.350160207 0
101 T -275.793283256 0
101 V -273.11169687 0
101 W -273.908353957 0
101 Y -275.75898971 0
102 A -276.815534955 0
102 C -272.874205224 0
102 D -277.749521028 1
102 E -279.89745226 0
102 F -271.904006255 0
102 G -275.133352974 0
102 H -271.735003407 0
102 I -249.464826071 0
102 K -273.498229558 0
102 L -275.752779272 0
102 M -275.288968477 0
102 N -274.591760052 0
102 P -150.042999295 0
102 Q -275.461500018 0
102 R -273.475446303 0
102 S -275.158122913 0
102 T -273.546595465 0
102 V -252.559195613 0
102 W -270.653051324 0
102 Y -271.330770943 0
103 A -276.933189624 0
103 C -273.574088798 0
103 D -278.681449272 0
103 E -279.93311363 0
103 F -275.365669389 0
103 G -276.678791133 0
103 H -277.877897048 0
103 I -275.321149591 0
103 K -278.131450828 0
103 L -276.716596798 0
103 M -275.793951785 0
103 N -276.79720428 0
103 P -278.927185199 1
103 Q -276.591880461 0
103 R -277.720054322 0
103 S -277.664892377 0
103 T -276.913313551 0
103 V -275.546610724 0
103 W -277.990292046 0
103 Y -276.347465357 0
104 A -285.468796792 0
104 C -281.897018628 0
104 D -285.935557933 0
104 E -287.138592723 0
104 F -283.965612694 0
104 G -283.001645118 0
104 H -284.557351295 0
104 I -276.323489601 0
104 K -286.559625547 0
104 L -287.229163287 0
104 M -286.822475839 0
104 N -285.097503493 0
104 P -272.29315097 0
104 Q -285.02917074 1
104 R -287.089737031 0
104 S -285.154390558 0
104 T -284.566827422 0
104 V -284.308000352 0
104 W -285.571599428 0
104 Y -283.065872688 0
105 A -283.640244897 0
105 C -269.145947843 0
105 D -281.147966693 0
105 E -270.916680606 0
105 F -202.46845541 0
105 G -287.639772141 1
105 H -251.028745328 0
105 I -265.996104436 0
105 K -267.006788633 0
105 L -274.921814121 0
105 M -273.503784977 0
105 N -276.681105477 0
105 P -150.467780285 0
105 Q -281.980544231 0
105 R -262.58417694 0
105 S -286.303157007 0
105 T -266.323685522 0
105 V -263.691308037 0
105 W -206.086244042 0
105 Y -250.977106412 0
106 A -275.88786865 0
106 C -275.098493948 0
106 D -274.472184188 0
106 E -278.753371203 0
106 F -271.110365587 0
106 G -272.744914098 0
106 H -272.337087853 0
106 I -282.928944675 1
106 K -271.022574199 0
106 L -277.919539494 0
106 M -275.490847012 0
106 N -276.35894855 0
106 P -279.281852196 0
106 Q -278.676910451 0
106 R -279.756549952 0
106 S -276.404103977 0
106 T -274.096613507 0
106 V -278.945288622 0
106 W -262.637458586 0
106 Y -270.035868505 0
107 A -282.52953905 0
107 C -280.75535881 0
107 D -279.441854864 0
107 E -282.962705281 0
107 F -278.756925414 0
107 G -281.854246073 0
107 H -281.506827439 0
107 I -278.442596181 0
107 K -282.850733272 0
107 L -282.507310171 0
107 M -283.732074518 0
107 N -280.701343056 0
107 P -48.4486471604 0
107 Q -282.556887434 0
107 R -288.719985042 1
107 S -280.017568904 0
107 T -279.234234046 0
107 V -281.418286897 0
107 W -282.688341942 0
107 Y -276.334244458 0
108 A -281.725998871 1
108 C -278.087004979 0
108 D -282.671629503 0
108 E -279.735520469 0
108 F -281.158543007 0
108 G -279.754597737 0
108 H -285.936216769 0
108 I -280.909890977 0
108 K -280.301271328 0
108 L -274.361625844 0
108 M -281.499251337 0
108 N -280.25193926 0
108 P -57.1361193093 0
108 Q -278.420009494 0
108 R -280.775345221 0
108 S -280.224260749 0
108 T -280.031158105 0
108 V -280.494808574 0
108 W -282.921437174 0
108 Y -280.517151017 0
109 A -270.924679169 0
109 C -269.856052006 0
109 D -270.858537836 0
109 E -269.962549495 0
109 F -278.199480064 0
109 G -267.158581302 0
109 H -275.368958049 0
109 I -270.437148323 0
109 K -271.736408344 0
109 L -271.024145957 0
109 M -273.508930716 0
109 N -272.569724422 0
109 P -226.326635046 0
109 Q -271.61637434 0
109 R -272.124290603 0
109 S -270.776744334 0
109 T -268.006000713 0
109 V -265.523457025 0
109 W -282.249489547 1
109 Y -276.68919533 0
110 A -290.956304069 0
110 C -287.027251121 0
110 D -291.853278435 0
110 E -291.611180781 0
110 F -285.334373839 0
110 G -288.969002007 0
110 H -287.903852519 0
110 I -289.449189361 0
110 K -289.410758792 0
110 L -289.640456091 0
110 M -287.4188583 0
110 N -288.412999264 0
110 P -287.406827302 0
110 Q -289.660735987 0
110 R -288.892955069 0
110 S -290.759265209 0
110 T -290.46869294 0
110 V -288.399304215 1
110 W -287.056095923 0
110 Y -285.163890237 0
111 A -283.208756344 1
111 C -279.964029339 0
111 D -278.784819327 0
111 E -282.241729077 0
111 F -281.199784977 0
111 G -281.230419413 0
111 H -282.440436385 0
111 I -282.986561652 0
111 K -280.926959368 0
111 L -281.457805391 0
111 M -282.486778588 0
111 N -283.011852301 0
111 P -266.012827661 0
111 Q -281.72266733 0
111 R -282.592172095 0
111 S -282.012502272 0
111 T -282.216640061 0
111 V -282.521665453 0
111 W -280.930399301 0
111 Y -281.044941887 0
112 A -279.598915058 0
112 C -277.382874165 0
112 D -276.323935084 0
112 E -276.416202708 0
112 F -286.575738084 0
112 G -267.485347624 0
112 H -284.821316385 0
112 I -250.014445592 0
112 K -277.92220691 0
112 L -273.73677375 0
112 M -279.624673989 0
112 N -278.430339306 0
112 P -205.428841476 0
112 Q -278.974677086 0
112 R -278.857478051 0
112 S -278.063778444 0
112 T -278.363977718 0
112 V -250.808017026 0
112 W -291.959957118 1
112 Y -286.752763565 0
113 A -290.324925386 0
113 C -288.139890664 0
113 D -287.340393937 0
113 E -291.67081937 0
113 F -286.52645653 0
113 G -279.861842955 0
113 H -286.4320727 0
113 I -290.812102981 0
113 K -290.988902962 0
113 L -286.054249446 0
113 M -290.49093208 0
113 N -288.928822392 0
113 P -168.170726824 0
113 Q -291.916639232 0
113 R -290.524026745 1
113 S -289.321993326 0
113 T -287.980821875 0
113 V -290.641925255 0
113 W -269.502565068 0
113 Y -286.397523548 0
114 A -282.571678677 0
114 C -280.796394399 0
114 D -283.054578162 0
114 E -284.573080411 0
114 F -281.036531631 0
114 G -281.313329204 0
114 H -281.997837669 0
114 I -285.806541009 0
114 K -283.159960273 0
114 L -284.319682982 0
114 M -283.395032908 0
114 N -283.642905841 1
114 P -6.30365435561 0
114 Q -284.096651143 0
114 R -285.154674439 0
114 S -282.070824166 0
114 T -283.458892749 0
114 V -284.34535765 0
114 W -280.972656128 0
114 Y -280.67279164 0
115 A -281.062338017 0
115 C -280.874582494 0
115 D -281.672320229 0
115 E -281.817936557 0
115 F -286.27655837 0
115 G -279.564776248 0
115 H -284.827294058 0
115 I -256.772984632 0
115 K -281.844578636 0
115 L -285.024136226 0
115 M -280.898829036 0
115 N -284.49047507 0
115 P -112.156125726 0
115 Q -280.871451331 0
115 R -283.996770224 1
115 S -281.6623312 0
115 T -283.483886104 0
115 V -283.252662605 0
115 W -286.269987615 0
115 Y -286.343396977 0
116 A -283.373212386 1
116 C -283.373212386 1
116 D -283.373212386 1
116 E -283.373212386 1
116 F -283.374148311 1
116 G -283.374148311 1
116 H -284.136408588 1
116 I -283.373212386 1
116 K -283.374148311 1
116 L -283.374148311 1
116 M -283.374148311 1
116 N -283.373212386 1
116 P -283.373212386 1
116 Q -283.374148311 1
116 R -283.373212386 1
116 S -283.373212386 1
116 T -283.373212386 1
116 V -283.374148311 1
116 W -283.373212386 1
116 Y -283.373212386 1
117 A -284.123427655 0
117 C -290.298081778 0
117 D -291.218909501 0
117 E -292.113082077 0
117 F -291.064889428 0
117 G -280.622496291 0
117 H -291.51402992 0
117 I -280.970358712 0
117 K -290.785683545 0
117 L -286.490006284 0
117 M -292.705548286 0
117 N -291.583698708 0
117 P 27.3695773312 0
117 Q -291.680393735 1
117 R -290.772670708 0
117 S -282.530224542 0
117 T -288.199727106 0
117 V -279.186001423 0
117 W -290.949689912 0
117 Y -291.181840642 0
118 A -271.14929948 0
118 C -269.722458782 0
118 D -274.574022305 0
118 E -269.492880934 0
118 F -266.738790426 0
118 G -272.33565501 0
118 H -272.401130672 0
118 I -234.284878304 0
118 K -270.615985511 0
118 L -265.147046581 0
118 M -270.374503298 0
118 N -275.081835326 1
118 P -170.099277829 0
118 Q -269.767954912 0
118 R -269.335768658 0
118 S -271.837984761 0
118 T -263.248485848 0
118 V -254.761255708 0
118 W -276.779220734 0
118 Y -277.811971756 0
119 A -278.00842339 0
119 C -278.238731394 0
119 D -278.876215164 0
119 E -277.494461629 0
119 F -277.766075838 0
119 G -269.170024738 0
119 H -280.118538732 0
119 I -274.642987575 0
119 K -279.21804552 0
119 L -276.658229578 0
119 M -279.806167532 0
119 N -277.479284992 0
119 P 215.163084113 0
119 Q -277.839583121 0
119 R -281.745827138 1
119 S -277.28780075 0
119 T -276.7682524 0
119 V -176.927967643 0
119 W -273.79969032 0
119 Y -279.047688724 0
120 A -260.241875198 0
120 C -260.110621306 0
120 D -269.938389201 1
120 E -261.224163783 0
120 F -259.770534699 0
120 G -257.833876798 0
120 H -260.659792923 0
120 I -263.624964487 0
120 K -260.469031582 0
120 L -261.770495515 0
120 M -259.232799642 0
120 N -264.117969515 0
120 P -258.26743725 0
120 Q -260.329296297 0
120 R -260.736637144 0
120 S -261.292205553 0
120 T -261.788230688 0
120 V -263.19381011 0
120 W -259.720332713 0
120 Y -259.580014322 0
121 A -268.472211399 0
121 C -278.592813546 0
121 D -268.973567472 0
121 E -264.278910983 0
121 F -266.226807693 0
121 G -265.973679495 0
121 H -265.930645079 0
121 I -277.381206381 0
121 K -266.475876863 0
121 L -273.680537953 0
121 M -268.269265836 0
121 N -280.142810381 0
121 P -256.602186219 0
121 Q -276.601886267 0
121 R -265.259793797 0
121 S -269.230479934 0
121 T -279.304251378 0
121 V -282.538243649 1
121 W -267.304462357 0
121 Y -266.30884731 0
122 A -269.669423279 0
122 C -264.385546045 0
122 D -268.983584682 0
122 E -269.805715426 0
122 F -266.904949989 0
122 G -268.522061279 0
122 H -266.035689415 0
122 I -260.631989368 0
122 K -269.597329204 0
122 L -269.364582364 0
122 M -268.768149453 0
122 N -269.241384281 0
122 P -243.567850359 0
122 Q -268.415105145 0
122 R -270.335705782 1
122 S -271.00415189 0
122 T -268.571254801 0
122 V -267.334797555 0
122 W -268.120720564 0
122 Y -266.607591632 0
123 A -270.97692074 0
123 C -270.295066319 0
123 D -272.158281462 0
123 E -271.776296601 0
123 F -270.201071405 0
123 G -270.278693191 0
123 H -270.548777657 0
123 I -272.044729131 0
123 K -273.850998363 0
123 L -271.046064732 0
123 M -270.7075235 0
123 N -271.097627335 0
123 P -247.796792805 0
123 Q -272.680102658 1
123 R -272.182074775 0
123 S -272.338387976 0
123 T -270.553789532 0
123 V -272.21789611 0
123 W -270.837510407 0
123 Y -270.082995528 0
124 A -267.231464817 0
124 C -265.17516168 0
124 D -271.63396074 0
124 E -271.349921952 0
124 F -281.931316164 0
124 G -264.017229834 0
124 H -272.538607746 0
124 I -261.690644386 0
124 K -268.428296977 0
124 L -270.84378214 0
124 M -270.966502709 0
124 N -270.788034073 0
124 P -174.058276278 0
124 Q -269.06180742 0
124 R -267.319897216 0
124 S -266.267674631 0
124 T -267.034101677 0
124 V -262.851743461 0
124 W -280.711924623 0
124 Y -283.45862819 1
125 A -266.569053474 0
125 C -268.267944243 0
125 D -266.389377853 0
125 E -267.042706311 0
125 F -252.183647387 0
125 G -264.843757083 0
125 H -264.192009151 0
125 I -273.306021467 0
125 K -267.938796703 0
125 L -262.136011923 0
125 M -267.397564655 0
125 N -267.479693624 0
125 P -219.754197522 0
125 Q -266.76253866 0
125 R -268.039711896 0
125 S -267.149608531 0
125 T -272.141024292 0
125 V -272.468403556 1
125 W -261.467144498 0
125 Y -254.034681488 0
126 A -272.208396901 0
126 C -272.707241558 0
126 D -272.829480016 0
126 E -273.738286597 0
126 F -271.992010682 0
126 G -270.493170803 0
126 H -273.01698419 0
126 I -273.738920664 0
126 K -273.382170708 0
126 L -274.801431763 0
126 M -272.577067079 0
126 N -273.26773204 0
126 P -222.248345014 0
126 Q -272.135470186 1
126 R -272.643912879 0
126 S -273.212865341 0
126 T -272.4413817 0
126 V -273.394064028 0
126 W -271.882664505 0
126 Y -271.765581142 0
127 A -266.95528019 0
127 C -261.132784139 0
127 D -269.477364539 0
127 E -265.91512766 0
127 F -269.110187031 0
127 G -275.967684606 1
127 H -270.705732325 0
127 I -258.882425315 0
127 K -268.85716 0
127 L -267.086382213 0
127 M -263.868029319 0
127 N -270.055211285 0
127 P -182.104765826 0
127 Q -264.893732577 0
127 R -267.90608623 0
127 S -269.308092845 0
127 T -265.934354828 0
127 V -258.575503821 0
127 W -265.706202666 0
127 Y -267.157548825 0
128 A -272.415010781 1
128 C -272.415010781 1
128 D -272.415010781 1
128 E -272.415010781 1
128 F -272.415010781 1
128 G -272.415010781 1
128 H -272.415010781 1
128 I -272.415010781 1
128 K -272.415010781 1
128 L -272.415010781 1
128 M -272.415010781 1
128 N -272.415010781 1
128 P -272.415010781 1
128 Q -272.415010781 1
128 R -272.415010781 1
128 S -272.415010781 1
128 T -272.415010781 1
128 V -272.415010781 1
128 W -272.415010781 1
128 Y -272.415010781 1
129 A -271.608403209 0
129 C -270.870573998 0
129 D -273.254170832 0
129 E -271.563734876 0
129 F -271.013753095 0
129 G -277.710728402 1
129 H -273.463572798 0
129 I -236.230580717 0
129 K -273.912732473 0
129 L -272.737773225 0
129 M -265.141537348 0
129 N -274.838741798 0
129 P -108.290113871 0
129 Q -272.679613888 0
129 R -274.674931479 0
129 S -270.906128006 0
129 T -265.317191478 0
129 V -234.762786141 0
129 W -269.935361426 0
129 Y -271.024869633 0
130 A -268.676600276 0
130 C -269.312579456 0
130 D -265.917216577 0
130 E -253.829338291 0
130 F -211.722423928 0
130 G -267.078535362 0
130 H -214.045992386 0
130 I -261.381529612 0
130 K -215.376336103 0
130 L -240.99559846 0
130 M -253.873596201 0
130 N -267.822751942 0
130 P -211.840385638 0
130 Q -258.461508622 0
130 R -246.516090802 0
130 S -267.179851549 0
130 T -269.888874617 0
130 V -273.485229279 1
130 W -219.881800559 0
130 Y -189.728220436 0
