1 A -47.1321095282 0
1 C -46.0334539715 0
1 D -44.7529251972 0
1 E -48.118236486 0
1 F -28.6648313796 0
1 G -47.760528565 0
1 H -45.1364566802 0
1 I -48.0972781178 0
1 K -47.7819074501 1
1 L -47.9994996492 0
1 M -46.4368968575 0
1 N -46.2466577044 0
1 P -46.5112138925 0
1 Q -45.9233227529 0
1 R -46.4559467341 0
1 S -49.9887628162 0
1 T -48.590791836 0
1 V -46.4197028452 0
1 W -40.1780280802 0
1 Y -45.4194758548 0
2 A -38.1912021771 0
2 C -36.9009771037 0
2 D -34.6726916257 0
2 E -38.0707496888 0
2 F -37.6795111464 0
2 G -35.2288092662 0
2 H -37.5990970692 0
2 I -38.6382695533 0
2 K -40.5239571463 1
2 L -35.5277087015 0
2 M -38.5627034693 0
2 N -35.7058689238 0
2 P -18.2053908814 0
2 Q -37.458231407 0
2 R -38.6033152486 0
2 S -38.5613379793 0
2 T -38.0026225042 0
2 V -38.8613110202 0
2 W -36.9860038245 0
2 Y -37.4008267953 0
3 A -40.5478345477 1
3 C -38.7986723279 0
3 D -33.3452696033 0
3 E -24.1703575117 0
3 F 191.206801479 0
3 G -33.5208094847 0
3 H 23.6927822553 0
3 I 19.5715190892 0
3 K 46.942308464 0
3 L -21.7471378105 0
3 M -13.0963781204 0
3 N -34.7964033178 0
3 P 55.6972749949 0
3 Q -21.2630922148 0
3 R 104.240867706 0
3 S -39.7480284322 0
3 T -35.1002568527 0
3 V -37.0540525843 0
3 W 377.751910241 0
3 Y 184.064998672 0
4 A -40.7457298205 0
4 C -41.0647945991 0
4 D -37.1658562859 0
4 E -41.7736336452 0
4 F -14.3303612754 0
4 G -36.9446228453 0
4 H -36.7371442108 0
4 I -45.3433867495 0
4 K -39.8799889863 0
4 L -42.7503110659 0
4 M -42.9602672122 0
4 N -39.5565130707 0
4 P -20.2068524582 0
4 Q -41.9134114576 0
4 R -41.6090710836 0
4 S -40.8389964425 0
4 T -42.7184313423 0
4 V -46.0564275036 1
4 W -29.4598770391 0
4 Y -26.8415635762 0
5 A -42.3874264485 0
5 C -44.5967010193 0
5 D -41.8593209254 0
5 E -42.5630549033 0
5 F -27.6315709014 0
5 G -32.2704211332 0
5 H -38.0076019453 0
5 I -50.2594589097 1
5 K -27.2760596499 0
5 L -46.9888240703 0
5 M -47.4248691506 0
5 N -46.3741238618 0
5 P 9.91291512818 0
5 Q -46.1042113359 0
5 R -19.9285145925 0
5 S -41.8653653062 0
5 T -43.4929587513 0
5 V -49.5886181579 0
5 W 197.670712151 0
5 Y 24.1579612496 0
6 A -46.884908659 0
6 C -46.5897472479 0
6 D -48.0102819041 0
6 E -49.4891164741 0
6 F -45.7578585476 0
6 G -42.2030495787 0
6 H -47.6944601594 0
6 I -52.1106905892 0
6 K -49.4701922584 0
6 L -49.859230619 0
6 M -47.9525396804 0
6 N -49.8902459702 1
6 P -41.4161512504 0
6 Q -47.9423502107 0
6 R -49.7435228554 0
6 S -47.7047055112 0
6 T -48.1445209749 0
6 V -51.5386243701 0
6 W -38.9623107012 0
6 Y -43.1534306032 0
7 A -45.2486470701 0
7 C -5.88942097564 0
7 D 9.88362208039 0
7 E 41.0192990071 0
7 F 812.6606009 0
7 G -63.2576561437 1
7 H 544.498843744 0
7 I 335.873371971 0
7 K 23.3826655462 0
7 L 593.991900002 0
7 M 97.9309565792 0
7 N 15.1351131437 0
7 P 239.766449794 0
7 Q 50.0541850597 0
7 R 23.0329935926 0
7 S -37.9065317475 0
7 T -1.13644366476 0
7 V 272.469824781 0
7 W 949.475631363 0
7 Y 803.897366938 0
8 A -50.1217748541 0
8 C -46.8936270437 0
8 D -54.4245878866 0
8 E -49.8384050439 1
8 F -46.4527411665 0
8 G -48.8157658031 0
8 H -48.3500741069 0
8 I -48.2501445222 0
8 K -49.8232331493 0
8 L -49.7036820258 0
8 M -48.3653388986 0
8 N -48.5455185649 0
8 P -29.98375288 0
8 Q -46.6955600037 0
8 R -48.6749914901 0
8 S -49.816446755 0
8 T -47.3862442017 0
8 V -46.7845765444 0
8 W -46.450083447 0
8 Y -45.8094077766 0
9 A -43.7938729312 0
9 C -41.1917894602 0
9 D -45.4887630695 0
9 E -46.6174765154 0
9 F -42.0690440056 0
9 G -42.0989436192 0
9 H -43.846532112 0
9 I -42.4245693874 0
9 K -44.6772912435 0
9 L -44.9433539762 0
9 M -43.206352865 0
9 N -44.1508838741 0
9 P 101.871584403 0
9 Q -45.1109021083 1
9 R -44.0356035638 0
9 S -43.7988029056 0
9 T -42.7031518232 0
9 V -43.1192700372 0
9 W -41.9163851845 0
9 Y -42.1232367496 0
10 A -46.400560754 0
10 C -48.3619267951 0
10 D -48.5276802588 0
10 E -46.9152320386 0
10 F -31.5709354868 0
10 G -42.3156747734 0
10 H -40.9976888836 0
10 I -54.4957422717 1
10 K -37.4972046258 0
10 L -51.4941932831 0
10 M -46.4195516759 0
10 N -48.7081106805 0
10 P 197.337262457 0
10 Q -49.3940588514 0
10 R -43.725297131 0
10 S -45.1264334983 0
10 T -49.4882724947 0
10 V -53.3165660898 0
10 W 448.484679892 0
10 Y -26.0990541241 0
11 A -43.9353971099 0
11 C -43.9370330333 0
11 D -43.2750201948 0
11 E -45.4194974345 0
11 F -44.4248465874 0
11 G -44.4795391422 0
11 H -46.2843555393 0
11 I -42.5838487941 0
11 K -47.414992083 0
11 L -46.6139405703 0
11 M -44.3974822841 0
11 N -45.9801428445 0
11 P -14.9844191573 0
11 Q -46.2623383839 0
11 R -48.0440961945 1
11 S -45.8642075818 0
11 T -45.7916416147 0
11 V -43.5871896264 0
11 W -44.229801807 0
11 Y -44.4726929357 0
12 A -49.9826553959 0
12 C -50.1732240139 0
12 D -47.3434944789 0
12 E -49.7761761711 0
12 F -42.0936471977 0
12 G -50.9928529128 0
12 H -47.4126696916 0
12 I -43.3672079919 0
12 K -48.1179077558 0
12 L -46.3821507276 0
12 M -48.3748770987 0
12 N -46.9787243463 0
12 P -1.49927505222 0
12 Q -48.3722687089 0
12 R -49.1520680921 0
12 S -51.0258185667 1
12 T -51.3734784263 0
12 V -40.8325761744 0
12 W -41.4774524849 0
12 Y -46.8213679065 0
13 A -58.5802155203 0
13 C -54.2127660927 0
13 D -58.933916421 0
13 E -58.4797733645 0
13 F -57.3195614878 0
13 G -57.3450671512 0
13 H -58.548158579 0
13 I -59.3209510304 1
13 K -57.9870163227 0
13 L -60.4190008004 0
13 M -56.1402465757 0
13 N -56.4871055988 0
13 P -45.8702141601 0
13 Q -51.4484044987 0
13 R -66.4608821622 0
13 S -58.9797516874 0
13 T -55.8108381413 0
13 V -55.4346696922 0
13 W -55.5257328192 0
13 Y -56.5282926232 0
14 A -49.9458369886 0
14 C -47.6066203523 0
14 D -47.3901982844 0
14 E -51.4357761269 0
14 F -46.5865889976 0
14 G -49.0400836556 0
14 H -49.590386541 0
14 I -50.0735653713 0
14 K -50.4772947595 0
14 L -47.0841090352 0
14 M -48.6334374224 0
14 N -45.6550084057 0
14 P -27.2026326356 0
14 Q -49.0886435021 0
14 R -50.8215355259 0
14 S -48.5479406604 1
14 T -48.651951697 0
14 V -50.3082689822 0
14 W -43.0408937793 0
14 Y -45.6870787734 0
15 A -49.4217380707 0
15 C -45.7156648241 0
15 D -49.4530732997 1
15 E -47.2712666953 0
15 F -47.5649708773 0
15 G -43.1670500732 0
15 H -47.369844988 0
15 I -32.3071895759 0
15 K -46.2412657982 0
15 L -45.5908998714 0
15 M -46.7806433895 0
15 N -45.2796750387 0
15 P -19.5427642393 0
15 Q -45.4159693767 0
15 R -45.1497992734 0
15 S -45.990370994 0
15 T -43.8564094656 0
15 V -31.1179610731 0
15 W -46.7317268958 0
15 Y -47.3095289247 0
16 A -39.9924814103 0
16 C -39.8940447093 0
16 D -36.2550707017 0
16 E -34.7590699746 0
16 F 30.9455725622 0
16 G -33.0137511569 0
16 H -28.9981673391 0
16 I -50.4545860668 0
16 K -27.4897148329 0
16 L -47.2453598504 1
16 M -39.0238543589 0
16 N -38.3496978747 0
16 P 185.471142347 0
16 Q -36.9803292289 0
16 R 27.329564932 0
16 S -39.5789400296 0
16 T -42.5371544874 0
16 V -49.9836707657 0
16 W 249.793024498 0
16 Y 166.265564528 0
17 A -53.5095653073 0
17 C -56.8513959091 0
17 D -55.5083437148 0
17 E -53.9027033091 0
17 F -53.6821965783 0
17 G -51.9207947778 0
17 H -58.6017389381 1
17 I 2.94775487502 0
17 K -42.4613458136 0
17 L -50.2448364658 0
17 M -58.3523984685 0
17 N -59.6964010087 0
17 P 70.3562962808 0
17 Q -58.3794349311 0
17 R -43.8133002855 0
17 S -56.9591898128 0
17 T -52.0042863575 0
17 V -33.8078552171 0
17 W -33.0370135424 0
17 Y -55.0950876551 0
18 A -51.5861140837 0
18 C -49.0430966047 0
18 D -53.1241071593 0
18 E -52.1717923724 0
18 F -51.1653983472 0
18 G -50.8576238561 0
18 H -51.7012539247 0
18 I -49.3151498002 0
18 K -51.4524433261 0
18 L -52.5042276343 0
18 M -50.5133336598 0
18 N -51.6258501108 0
18 P 367.065411428 0
18 Q -49.0240048481 1
18 R -59.8197405417 0
18 S -51.4703702296 0
18 T -52.1920784205 0
18 V -47.1611820184 0
18 W -50.6318673213 0
18 Y -49.8063924848 0
19 A -48.6218113039 0
19 C -45.9776844616 0
19 D -50.8267838762 0
19 E -51.0615393741 0
19 F -52.9788404008 0
19 G -45.7378142665 0
19 H -50.5714064924 0
19 I -53.2882207564 0
19 K -51.7902352322 0
19 L -52.8127379406 0
19 M -52.5666645194 0
19 N -50.7635792038 0
19 P 141.330714342 0
19 Q -52.3680400331 0
19 R -47.4151413387 0
19 S -47.3157239772 0
19 T -48.8612252857 1
19 V -50.4013424849 0
19 W -50.7824348971 0
19 Y -48.4061794586 0
20 A -47.1857450228 0
20 C -48.9094038439 0
20 D -48.0174126568 0
20 E -44.0703335245 0
20 F -45.8305492843 0
20 G -42.223636186 0
20 H -30.477145337 0
20 I 18.3241823158 0
20 K -35.7395928104 0
20 L -51.7938139134 1
20 M -43.7017598824 0
20 N -49.291592335 0
20 P 135.954168515 0
20 Q -36.0896710596 0
20 R -19.0287921818 0
20 S -46.1889034817 0
20 T -44.9488807331 0
20 V -11.3621140879 0
20 W -10.9973154761 0
20 Y -39.3589348487 0
21 A -49.5112806786 0
21 C -46.4576197972 0
21 D -45.3078369741 0
21 E -51.5767085441 0
21 F -23.0640138874 0
21 G -47.4829831604 0
21 H -51.0687225919 0
21 I 27.3542376305 0
21 K -53.1492263114 1
21 L -49.5395885369 0
21 M -52.1218819605 0
21 N -49.093300696 0
21 P 429.819769876 0
21 Q -52.596559304 0
21 R -52.8845459956 0
21 S -47.726411336 0
21 T -45.3366690925 0
21 V 43.0187638902 0
21 W -51.2100571954 0
21 Y -24.6629239423 0
22 A -44.5431309767 0
22 C -42.2689691563 0
22 D -45.5890631432 0
22 E -46.4407817598 0
22 F -43.8219795382 0
22 G -43.3279159219 0
22 H -45.4867814084 0
22 I -45.0789678887 0
22 K -45.909236995 1
22 L -45.7687328484 0
22 M -43.8489989434 0
22 N -44.9420354036 0
22 P 188.860943943 0
22 Q -43.9034069768 0
22 R -45.0697254478 0
22 S -44.1721195864 0
22 T -44.4076579327 0
22 V -44.8900760753 0
22 W -43.8508436087 0
22 Y -43.2081251691 0
23 A -46.6789316088 0
23 C -45.6716087047 0
23 D -49.1656262403 0
23 E -45.2931594189 1
23 F -45.6222759072 0
23 G -45.7889248739 0
23 H -45.5464172207 0
23 I -11.3663137925 0
23 K -44.4573049988 0
23 L -29.9399856409 0
23 M -45.7000198025 0
23 N -46.224422124 0
23 P 131.878709584 0
23 Q -43.9379378098 0
23 R -46.0681947716 0
23 S -45.0996790856 0
23 T -43.8974000152 0
23 V -30.2882489761 0
23 W -50.3113713464 0
23 Y -44.3899155261 0
24 A -37.7128632421 0
24 C -38.9788167657 0
24 D -46.6620396689 0
24 E -42.9086130327 0
24 F -40.6115536065 0
24 G -36.7484129456 0
24 H -40.3478797375 0
24 I -27.5658601359 0
24 K -21.2660880057 0
24 L -53.5149546874 1
24 M -35.7718087852 0
24 N -47.1584222756 0
24 P 140.813386382 0
24 Q -43.7851799302 0
24 R -31.8552607314 0
24 S -36.9902004785 0
24 T -32.401354343 0
24 V -20.8114742586 0
24 W -14.8148396923 0
24 Y -38.4865536411 0
25 A -40.9855901722 1
25 C -39.569162795 0
25 D -42.3443600201 0
25 E -42.0917083185 0
25 F -41.919549759 0
25 G -40.4180883295 0
25 H -42.2615623761 0
25 I -28.0376361048 0
25 K -48.5813381349 0
25 L -39.9113842202 0
25 M -46.685028128 0
25 N -43.3355415676 0
25 P 114.730982955 0
25 Q -45.5816460054 0
25 R -49.0989032554 0
25 S -40.8045774093 0
25 T -36.3415332384 0
25 V -29.5204747483 0
25 W -40.7776910783 0
25 Y -42.0561101682 0
26 A -40.7731525888 0
26 C -39.0198238968 0
26 D -37.5889502137 0
26 E -34.3410654576 0
26 F -30.4628176999 0
26 G -40.1271689471 0
26 H -34.2334998999 0
26 I -31.2715926586 0
26 K -15.0356567782 0
26 L -49.3280233633 1
26 M -7.21265456819 0
26 N -46.5876481075 0
26 P 204.6633357 0
26 Q -39.3713402488 0
26 R -4.42649037953 0
26 S -38.7610347071 0
26 T -37.3749495699 0
26 V -33.0757716377 0
26 W -18.4924364602 0
26 Y -22.5955415243 0
27 A -38.8131078608 0
27 C -35.0286348866 0
27 D -33.1621297146 0
27 E -32.7784041353 0
27 F 165.205659049 0
27 G -37.532754803 0
27 H -36.1483234229 0
27 I -30.7083656817 0
27 K -30.0534631385 0
27 L -32.0244992971 0
27 M -38.7809066577 0
27 N -34.8167026017 0
27 P -41.2886167134 1
27 Q -32.5259237147 0
27 R -37.7951805819 0
27 S -36.6521622257 0
27 T -36.3031953414 0
27 V -37.268038084 0
27 W -3.54595284039 0
27 Y 157.239941691 0
28 A -36.4961843448 0
28 C -34.0738292376 0
28 D -38.2393420727 0
28 E -39.4832808107 1
28 F -37.3812380806 0
28 G -35.0935244555 0
28 H -39.4634784804 0
28 I -35.6640793204 0
28 K -37.4564151055 0
28 L -35.8273967624 0
28 M -36.4675594088 0
28 N -36.4867048105 0
28 P -38.5080114282 0
28 Q -37.7476184825 0
28 R -36.8751511781 0
28 S -37.7155845643 0
28 T -35.5091679271 0
28 V -35.2293918679 0
28 W -39.0154192222 0
28 Y -37.4031205433 0
29 A -42.6879075882 0
29 C -41.2372380865 0
29 D -45.0414977001 0
29 E -44.2463199156 0
29 F -43.5120311494 0
29 G -42.6900153512 0
29 H -44.6817027002 0
29 I -42.8900591633 0
29 K -44.3920072237 0
29 L -44.5430942059 0
29 M -43.0160339266 0
29 N -45.0649387807 0
29 P -22.965689553 0
29 Q -42.5414575167 0
29 R -44.2224709776 0
29 S -44.50510156 0
29 T -44.5284377195 0
29 V -42.9186788119 0
29 W -44.1612544292 0
29 Y -44.6761509963 1
30 A -45.7115154583 0
30 C -49.0849739187 0
30 D -51.9066434424 0
30 E -47.1549054288 0
30 F -55.6794872262 0
30 G -41.4781654567 0
30 H -50.5115503369 0
30 I -43.6577071939 0
30 K -28.6867521787 0
30 L -34.9953657994 0
30 M -33.7164245483 0
30 N -51.0257678974 0
30 P 45.0566484038 0
30 Q -45.8635537955 0
30 R -27.9306122895 0
30 S -45.1544631608 0
30 T -49.1071091467 0
30 V -46.5212477563 0
30 W 142.810792402 0
30 Y -55.9441317042 1
31 A -29.5816565361 0
31 C -26.2016579735 0
31 D -29.0564994012 0
31 E -29.7708474937 0
31 F -27.4124126878 0
31 G -46.3404410048 1
31 H -29.5286262194 0
31 I -22.1233183078 0
31 K -34.5695838551 0
31 L -30.1420709052 0
31 M -28.5562348608 0
31 N -30.9096505076 0
31 P -24.3288901081 0
31 Q -27.8680372018 0
31 R -37.5369777412 0
31 S -27.2288621016 0
31 T 10.8330559992 0
31 V -22.3309135468 0
31 W -29.5615105617 0
31 Y -29.9480629745 0
32 A -53.5722058422 0
32 C -55.6354627775 0
32 D -49.2946622422 0
32 E -53.7241174465 1
32 F -46.5567378646 0
32 G -52.4538265359 0
32 H -49.7892786044 0
32 I -40.2012107617 0
32 K -61.2061802813 0
32 L -34.6114028982 0
32 M -56.2362874222 0
32 N -50.2305440632 0
32 P 61.8668124943 0
32 Q -56.0115323334 0
32 R -54.8342948158 0
32 S -52.412317756 0
32 T -49.4942079295 0
32 V -39.1850885624 0
32 W -44.8062019956 0
32 Y -45.9940596587 0
33 A -49.3415855742 0
33 C -47.5115920952 0
33 D -48.8198320355 0
33 E -47.9737248361 0
33 F -46.3869232958 0
33 G -50.0225741966 0
33 H -47.8830493781 0
33 I 23.1271718706 0
33 K -48.8280685851 0
33 L -48.0683751079 0
33 M -47.4954749934 0
33 N -51.3623194309 1
33 P 188.12480236 0
33 Q -47.4350305742 0
33 R -47.9280128341 0
33 S -51.4622934667 0
33 T -47.2503514576 0
33 V 19.124925008 0
33 W -45.3859850845 0
33 Y -47.1757729831 0
34 A -52.0502208888 0
34 C -52.6113429823 0
34 D -56.039124454 0
34 E -56.7765900512 0
34 F -49.6527407634 0
34 G -50.1529940157 0
34 H -54.6302970993 0
34 I -54.4678082426 0
34 K -57.5763732107 0
34 L -57.4226004969 1
34 M -54.1665916439 0
34 N -54.5337391191 0
34 P -44.3143622968 0
34 Q -55.2480146213 0
34 R -55.2765632122 0
34 S -55.0566384984 0
34 T -56.7853798239 0
34 V -55.085435045 0
34 W -49.2721775103 0
34 Y -50.2096013994 0
35 A -46.2090802143 0
35 C -44.0254931235 0
35 D -48.2377374615 1
35 E -46.9937857 0
35 F -45.3588647187 0
35 G -44.8745635787 0
35 H -46.6605692572 0
35 I -45.7783282488 0
35 K -47.4921873396 0
35 L -47.2741740296 0
35 M -46.2573603173 0
35 N -46.802107349 0
35 P -31.492301869 0
35 Q -47.4487648087 0
35 R -46.7771342922 0
35 S -47.3761601788 0
35 T -47.0610697517 0
35 V -46.0576811683 0
35 W -45.9334893972 0
35 Y -45.400319666 0
36 A -52.4937641664 1
36 C -28.9369031814 0
36 D -42.4462613933 0
36 E -20.4305281215 0
36 F -7.93222991375 0
36 G -48.7001226464 0
36 H -17.8227808259 0
36 I 1.51193989236 0
36 K -29.2395420798 0
36 L -4.21205757728 0
36 M -18.6256195754 0
36 N -40.3277776029 0
36 P -19.3330800504 0
36 Q -17.8127103468 0
36 R -21.1489330879 0
36 S -49.2351003024 0
36 T -20.7021563287 0
36 V 19.4855275116 0
36 W -4.90813281781 0
36 Y -13.567970866 0
37 A -49.3466404829 0
37 C -50.0253830984 0
37 D -43.9367918052 0
37 E -47.391774293 0
37 F -24.5484383249 0
37 G -42.1822535091 0
37 H -42.8400354143 0
37 I -41.7259515821 0
37 K -27.5776778079 0
37 L -59.3645474432 1
37 M -45.9196918563 0
37 N -44.8305113573 0
37 P 230.480767013 0
37 Q -50.2391044413 0
37 R -7.1431743493 0
37 S -48.5938112414 0
37 T -51.1703616039 0
37 V -29.752203126 0
37 W -29.3303314516 0
37 Y -15.3808664386 0
38 A -43.210884607 0
38 C -40.1073184639 0
38 D -40.7396042528 0
38 E -42.7356233347 0
38 F -50.3104552065 0
38 G -41.5324473504 0
38 H -48.6529950915 0
38 I -12.5304429244 0
38 K -44.1823304251 0
38 L -47.9932230577 0
38 M -50.5454366513 0
38 N -41.9227899759 0
38 P 302.483899142 0
38 Q -41.3053220297 0
38 R -46.1595702693 0
38 S -42.604900427 0
38 T -41.8612659165 0
38 V -4.31181223612 0
38 W -54.0922950213 1
38 Y -49.2791429004 0
39 A -45.2849024107 0
39 C -42.1523722165 0
39 D -44.0012831667 1
39 E -44.6675193459 0
39 F -42.3239853784 0
39 G -43.6228019131 0
39 H -43.7517476149 0
39 I -42.3491603612 0
39 K -44.8406499099 0
39 L -44.2828772215 0
39 M -43.7993805437 0
39 N -44.4988332923 0
39 P 248.945393445 0
39 Q -43.196837897 0
39 R -49.801118603 0
39 S -43.7460356093 0
39 T -43.8197683739 0
39 V -40.9300664965 0
39 W -46.0160022123 0
39 Y -42.2559520384 0
40 A -44.7193592206 0
40 C -43.5721485519 1
40 D -41.1624625314 0
40 E -40.0351610213 0
40 F -0.124296102782 0
40 G -42.336899711 0
40 H -41.5486179417 0
40 I -25.2822562819 0
40 K -36.2627611775 0
40 L -30.2287233706 0
40 M -43.6856885414 0
40 N -42.8509211301 0
40 P 179.994925229 0
40 Q -40.5536495127 0
40 R -40.7748800398 0
40 S -42.3519577663 0
40 T -38.7776004246 0
40 V 68.7440622314 0
40 W -37.6035902275 0
40 Y -19.1160929205 0
41 A -42.3845251724 0
41 C -42.4629686658 0
41 D -38.3441825146 0
41 E -41.7521854531 0
41 F -24.41072881 0
41 G -37.1982547096 0
41 H -37.2169645022 0
41 I -28.344742484 0
41 K -16.1631763826 0
41 L -52.0043053896 1
41 M -36.8515424491 0
41 N -44.4669628544 0
41 P 155.087727357 0
41 Q -39.899524897 0
41 R 64.9874096625 0
41 S -40.4297345376 0
41 T -41.9097297422 0
41 V -26.0655309611 0
41 W 223.956262725 0
41 Y -16.8147535129 0
42 A -52.2382403878 0
42 C -49.9521063818 0
42 D -50.4207639553 0
42 E -54.9100362419 0
42 F -50.3470668746 0
42 G -49.3681803241 0
42 H -50.0601105523 0
42 I -51.0916503286 0
42 K -49.6420998308 0
42 L -56.5192490361 0
42 M -47.3208658322 0
42 N -51.9882843585 0
42 P 175.824507825 0
42 Q -56.4181581252 0
42 R -49.8908053133 0
42 S -52.578203013 0
42 T -54.6927132079 1
42 V -53.4352790425 0
42 W 287.851684622 0
42 Y -49.9611945228 0
43 A -45.7081143725 0
43 C -40.4572798531 0
43 D -46.5065258407 0
43 E -38.9820475577 0
43 F -41.0953206969 0
43 G -45.8575118057 1
43 H -44.8083554551 0
43 I 1.77482063627 0
43 K -41.1249259995 0
43 L -36.8442289119 0
43 M -36.8742221431 0
43 N -47.237293606 0
43 P 97.4485340921 0
43 Q -39.3319960694 0
43 R -41.0765959035 0
43 S -45.1799440599 0
43 T -25.03635277 0
43 V 9.02595049258 0
43 W -38.7125849252 0
43 Y -41.1209320539 0
44 A -44.0467022474 0
44 C -43.4466421858 0
44 D -43.085988636 0
44 E -37.6349072201 0
44 F -40.4071311559 0
44 G -47.788764867 0
44 H -48.5970502057 0
44 I -40.8796822051 0
44 K -46.0563901667 0
44 L -44.7843695509 0
44 M -42.1570090003 0
44 N -43.6809026552 0
44 P 207.922573977 0
44 Q -44.3504143092 0
44 R -46.9725962174 0
44 S -43.5392049993 0
44 T -46.7306461446 0
44 V -47.4873354049 0
44 W -47.6733993947 1
44 Y -37.6057799275 0
45 A -43.4116211176 0
45 C -43.0761161643 0
45 D -39.7331564797 0
45 E -42.000440424 0
45 F 35.4401446488 0
45 G -37.3141373885 0
45 H -26.1910784578 0
45 I -8.32838983529 0
45 K -32.7861338082 0
45 L -23.6200304842 0
45 M -42.412146287 0
45 N -41.4919712636 0
45 P 148.868346374 0
45 Q -43.7302066782 0
45 R -18.9171230619 0
45 S -41.6552177542 0
45 T -43.656927876 0
45 V -49.467167072 1
45 W -11.9282744542 0
45 Y 39.0887411683 0
46 A -46.9867045711 0
46 C -45.2043726839 0
46 D -47.2572926594 0
46 E -48.8091388886 1
46 F -46.4350106924 0
46 G -45.8031102817 0
46 H -47.3611029974 0
46 I -47.5944238029 0
46 K -48.4018904486 0
46 L -48.211226638 0
46 M -46.8517491024 0
46 N -46.9356493 0
46 P -49.0045434259 0
46 Q -47.8010077954 0
46 R -47.6962108745 0
46 S -47.741265006 0
46 T -47.2304868665 0
46 V -47.5042612825 0
46 W -46.3671573391 0
46 Y -46.6419965799 0
47 A -42.3639833089 0
47 C -41.727281923 0
47 D -40.811411299 0
47 E -44.1795019632 0
47 F -43.3870830938 0
47 G -40.0111399014 0
47 H -46.8994530128 0
47 I -48.1350458739 0
47 K -45.5346130327 0
47 L -43.1076410852 0
47 M -42.4541361759 0
47 N -43.6242628347 0
47 P -32.440500411 0
47 Q -42.9776781878 0
47 R -40.7740527043 0
47 S -42.7739955446 0
47 T -47.8503377005 0
47 V -47.8197020971 0
47 W -35.6722095071 0
47 Y -42.8288014365 1
48 A -40.6547435428 0
48 C -37.8575535468 0
48 D -31.8666123705 0
48 E -37.5519638725 0
48 F -17.9019667792 0
48 G -38.9392170587 0
48 H -36.9815168039 0
48 I -30.0932319038 0
48 K -43.5124611108 0
48 L -33.0868175032 0
48 M -38.1224231289 0
48 N -37.1605614927 0
48 P -49.5995456313 1
48 Q -37.3528895167 0
48 R -39.3200478365 0
48 S -40.1044491171 0
48 T -37.1046681769 0
48 V -35.3850279538 0
48 W -36.9142434994 0
48 Y -17.306983664 0
49 A -42.1944895514 0
49 C -42.8063087647 0
49 D -40.0420652652 0
49 E -40.3358939861 0
49 F -37.7133179758 0
49 G -35.7699935684 0
49 H -44.2568626849 0
49 I -37.070089842 0
49 K -37.6005237758 0
49 L -52.7407473398 1
49 M -47.7078062962 0
49 N -44.0092325539 0
49 P 99.5554478933 0
49 Q -41.2574231129 0
49 R -35.3789876315 0
49 S -41.8225988888 0
49 T -40.2973091617 0
49 V -35.8630990113 0
49 W 17.4255150558 0
49 Y -3.78560625444 0
50 A -35.8611745937 0
50 C -34.0660734352 0
50 D -33.6889940428 0
50 E -36.75321514 0
50 F -36.9625489064 0
50 G -32.8282610911 0
50 H -35.8888732235 0
50 I -39.4715889063 0
50 K -36.3865585174 0
50 L -36.5627394955 0
50 M -36.090309708 0
50 N -35.5293330322 0
50 P 237.812111915 0
50 Q -35.6722509989 0
50 R -35.599697519 0
50 S -34.9777892675 0
50 T -37.2052524343 0
50 V -39.1877568472 1
50 W -34.2848239531 0
50 Y -36.6164948698 0
51 A -30.3968176404 0
51 C -32.0302095227 0
51 D -32.0209696849 0
51 E -31.239119595 0
51 F -30.2950754557 0
51 G -23.0496414082 0
51 H -32.3516552911 0
51 I 1.78965060323 0
51 K -17.7216007943 0
51 L -40.7191229598 1
51 M -34.5188993363 0
51 N -34.4795461142 0
51 P 20.1642970785 0
51 Q -32.6083173841 0
51 R -19.3343991028 0
51 S -29.8051828939 0
51 T -32.4174779914 0
51 V -38.6076973543 0
51 W 31.4742647497 0
51 Y -27.4744852028 0
52 A -39.3775827143 0
52 C -37.0026535783 0
52 D -42.7432864506 0
52 E -43.2543336497 1
52 F -39.5081532939 0
52 G -32.2557403329 0
52 H -41.3080935393 0
52 I -34.3434241933 0
52 K -37.6115690464 0
52 L -41.2014804891 0
52 M -37.2286077988 0
52 N -39.6823602205 0
52 P 168.439588495 0
52 Q -37.6152852432 0
52 R -36.9914004984 0
52 S -37.158805073 0
52 T -37.6598715649 0
52 V -39.9934114099 0
52 W -41.8272017372 0
52 Y -38.8318925478 0
53 A -39.0364694123 0
53 C -39.2724108145 0
53 D -40.7285483492 0
53 E -40.7856948639 0
53 F -35.5717778769 0
53 G -33.201147492 0
53 H -39.4452845191 0
53 I -42.1408283224 0
53 K -32.5754719635 0
53 L -36.5218870163 0
53 M -41.5338649941 0
53 N -41.822765818 0
53 P 144.553431357 0
53 Q -41.9747009885 0
53 R -39.7799984483 0
53 S -38.8720939913 0
53 T -40.9160562604 0
53 V -42.8048228897 0
53 W -52.0451323079 1
53 Y -11.5271920978 0
54 A -47.1088236694 0
54 C -45.6992301106 0
54 D -44.5087602877 0
54 E -47.9495655562 0
54 F -46.3447616728 0
54 G -44.3115949872 0
54 H -48.8123439224 0
54 I -45.3516729651 0
54 K -48.9099854787 0
54 L -48.7852439649 0
54 M -46.7904576966 0
54 N -48.9816476939 0
54 P 70.238076406 0
54 Q -49.6060205741 0
54 R -50.3871691531 1
54 S -46.4758716724 0
54 T -47.0992203368 0
54 V -45.2081020332 0
54 W -45.0908328402 0
54 Y -42.8705210069 0
55 A -55.2546788563 0
55 C -51.4656184987 0
55 D -54.0193127369 0
55 E -52.7110530042 0
55 F -50.4446093765 0
55 G -53.9168406407 0
55 H -53.4923337074 0
55 I -10.6762781371 0
55 K -54.4772459314 0
55 L -46.6321956868 0
55 M -53.1514877742 0
55 N -55.184733909 0
55 P 14.3448024241 0
55 Q -52.4504525681 1
55 R -54.7324679061 0
55 S -52.7556264776 0
55 T -29.078881516 0
55 V -24.0934388615 0
55 W -48.8390228689 0
55 Y -51.2054905733 0
56 A -48.3097295039 0
56 C -47.5793657438 0
56 D -49.0441850551 0
56 E -37.0396782628 0
56 F -56.8730592501 1
56 G -45.3676333278 0
56 H -55.0097842351 0
56 I -45.4764940095 0
56 K -47.6780061116 0
56 L -45.9343761482 0
56 M -49.6335647361 0
56 N -49.6993280545 0
56 P -44.5964715965 0
56 Q -49.1716558006 0
56 R -49.9539848196 0
56 S -48.9007932263 0
56 T -49.724431413 0
56 V -50.3193424888 0
56 W -54.4329180044 0
56 Y -29.9861344707 0
57 A -49.2025955337 0
57 C -46.2503993712 0
57 D -50.7488009385 0
57 E -52.1484253112 1
57 F -48.3786429212 0
57 G -47.5833718806 0
57 H -49.9171742958 0
57 I -49.8494988161 0
57 K -50.0351409704 0
57 L -50.71914596 0
57 M -47.7944581641 0
57 N -49.7281915851 0
57 P -35.3445785144 0
57 Q -49.312459628 0
57 R -49.559241365 0
57 S -48.8663834293 0
57 T -48.1942653939 0
57 V -49.1675590046 0
57 W -46.9251069208 0
57 Y -48.293544232 0
58 A -51.1571065254 0
58 C -47.9390952694 0
58 D -52.2243703593 0
58 E -51.7536519754 0
58 F -53.5781812354 0
58 G -52.1911664542 0
58 H -50.7196845101 0
58 I -49.5540089954 0
58 K -50.5687038038 0
58 L -49.9523309934 0
58 M -50.1953724564 0
58 N -49.4827058501 0
58 P -14.7850293246 0
58 Q -50.7657508617 1
58 R -49.9774466352 0
58 S -51.6882827741 0
58 T -52.2568349386 0
58 V -50.9651943048 0
58 W -49.5466553919 0
58 Y -53.7395241578 0
59 A -63.7258213004 0
59 C -52.2721251339 0
59 D -56.1771303106 0
59 E 20.8024955399 0
59 F 70.3888898945 0
59 G -61.0917258992 0
59 H -25.3346109788 0
59 I -30.3898677103 0
59 K 125.257635566 0
59 L -34.1880655122 0
59 M 115.488125166 0
59 N -55.657725019 0
59 P 285.700489207 0
59 Q 21.2020910424 0
59 R 316.794854602 0
59 S -63.629520457 1
59 T -5.3306743491 0
59 V 1.86917675862 0
59 W 645.868796771 0
59 Y 250.646372741 0
60 A -58.793112114 0
60 C -54.657806495 0
60 D -59.0602746731 0
60 E -55.102288399 0
60 F -51.0178218003 0
60 G -57.2461688282 0
60 H -55.966494556 0
60 I -45.2738416026 0
60 K -57.7081669069 1
60 L -57.8802728695 0
60 M -58.1316891848 0
60 N -59.2133978564 0
60 P 296.234058737 0
60 Q -55.9330973064 0
60 R -58.4331431753 0
60 S -56.7489584273 0
60 T -58.436745992 0
60 V -44.2668377825 0
60 W -55.7568472616 0
60 Y -53.3007273907 0
61 A -55.0275230241 0
61 C -52.6278356764 0
61 D -56.0810426688 0
61 E -57.1674330843 0
61 F -54.849204057 0
61 G -54.5095155771 0
61 H -56.2116525258 0
61 I -54.6595895366 0
61 K -56.6467773541 0
61 L -56.3393342272 0
61 M -55.2985098802 0
61 N -55.9498461909 0
61 P 67.4381515329 0
61 Q -54.7528612446 1
61 R -56.3421925612 0
61 S -56.012115504 0
61 T -55.7945401433 0
61 V -55.0438438665 0
61 W -54.6325143062 0
61 Y -54.8485483662 0
62 A -55.6603978137 0
62 C -56.3794742952 0
62 D -54.8543143154 0
62 E -55.1920070042 0
62 F -53.0745969554 0
62 G -54.2077851112 0
62 H -54.9793011692 0
62 I -56.8984441188 0
62 K -62.0961758908 0
62 L -56.496503005 1
62 M -55.9728783965 0
62 N -55.7881769247 0
62 P -42.9128931779 0
62 Q -55.090519052 0
62 R -59.6797413112 0
62 S -57.5463836074 0
62 T -55.7219442194 0
62 V -57.2090304975 0
62 W -54.0108645001 0
62 Y -52.6994708302 0
63 A -53.4473429267 0
63 C -50.9029664123 0
63 D -47.0559993446 0
63 E -33.6436542125 0
63 F 44.5606976781 0
63 G -45.3683875857 0
63 H 11.3250937886 0
63 I -21.4594456746 0
63 K 12.9157488015 0
63 L 58.5263223307 0
63 M 3.9449248452 0
63 N -43.211688089 0
63 P -42.997825607 0
63 Q -36.8613149841 0
63 R -26.4525406833 0
63 S -48.1052257401 0
63 T -46.9449714865 1
63 V -37.8133586069 0
63 W 18.5636923079 0
63 Y 50.3691898614 0
64 A -43.6835122368 0
64 C -42.7299588564 0
64 D -43.9511481008 0
64 E -45.6825066264 1
64 F -44.9083634315 0
64 G -42.6128243907 0
64 H -45.3102901253 0
64 I -43.0109171938 0
64 K -45.7066360151 0
64 L -44.8768526072 0
64 M -43.5379630865 0
64 N -44.1458729366 0
64 P -49.3659306934 0
64 Q -43.7036193722 0
64 R -44.4377926158 0
64 S -44.7541112054 0
64 T -44.4737169443 0
64 V -43.8248888192 0
64 W -44.4811940851 0
64 Y -44.9921598428 0
65 A -34.7845486805 0
65 C -37.4545574109 0
65 D -36.7561477002 0
65 E -36.1612534572 0
65 F -39.1920775317 0
65 G -40.6005644209 0
65 H -40.4929416883 0
65 I -8.52215967933 0
65 K -40.8039495488 0
65 L -38.8335736304 0
65 M -38.2915166055 0
65 N -41.8011937324 1
65 P 36.3183557471 0
65 Q -38.828153749 0
65 R -36.6083356718 0
65 S -39.0355044027 0
65 T -33.0782788961 0
65 V -21.0124799961 0
65 W -37.1543089265 0
65 Y -34.6363752499 0
66 A -27.460650559 0
66 C -26.1640509311 0
66 D 1.58646236363 0
66 E 36.0704611981 0
66 F 94.6901168908 0
66 G -44.3324149324 1
66 H 30.4508143466 0
66 I 217.29795243 0
66 K 58.7038852829 0
66 L 157.930207734 0
66 M 163.021748054 0
66 N 47.0250708687 0
66 P 223.520494556 0
66 Q 44.2220742307 0
66 R 20.6977834344 0
66 S -29.0586798792 0
66 T -16.0503857905 0
66 V 179.098146669 0
66 W 277.299884795 0
66 Y 125.691173469 0
67 A -48.0650283353 1
67 C -16.5809462455 0
67 D -15.2949400084 0
67 E 54.0475141386 0
67 F 27.87012174 0
67 G -45.1854281907 0
67 H 49.8319912617 0
67 I 111.523139474 0
67 K 12.6109365297 0
67 L 315.275523552 0
67 M 114.538189318 0
67 N -15.8794511914 0
67 P 238.58468475 0
67 Q -11.3116953924 0
67 R 4.66496562845 0
67 S -44.0715938132 0
67 T -14.1300990627 0
67 V 94.2186874213 0
67 W 110.774975394 0
67 Y 29.3303708902 0
68 A -45.1366156239 0
68 C -41.9105001664 0
68 D -43.272547424 0
68 E -46.4275600358 1
68 F -43.2101925116 0
68 G -43.240715941 0
68 H -43.7164429471 0
68 I -44.1502311888 0
68 K -42.9810975723 0
68 L -44.9420961117 0
68 M -43.7828882184 0
68 N -42.4534978673 0
68 P -11.6163917893 0
68 Q -46.3724767852 0
68 R -45.3992829894 0
68 S -43.351401578 0
68 T -42.3083760269 0
68 V -44.2515659126 0
68 W -44.345387649 0
68 Y -43.2216230141 0
69 A -40.9063669775 0
69 C -37.8492285247 0
69 D -38.6504976129 0
69 E -39.2472550863 0
69 F -39.4048960546 0
69 G -42.1524042041 0
69 H -37.8855707925 0
69 I -23.8132213426 0
69 K -41.1191777248 0
69 L -42.3977795503 0
69 M -40.9640333791 0
69 N -40.9005049156 0
69 P 49.8500971193 0
69 Q -40.512820098 0
69 R -42.8613165886 0
69 S -40.5857128516 1
69 T -38.8395597294 0
69 V -15.6138843058 0
69 W -35.682321738 0
69 Y -39.1481851546 0
70 A -44.3864469704 0
70 C -40.6334875481 0
70 D -41.9614707119 0
70 E -36.2327592659 0
70 F -31.5731651544 0
70 G -39.6914077261 0
70 H -38.0879545707 0
70 I -35.5593971762 0
70 K -29.0209646859 0
70 L -43.4557726594 0
70 M -9.50108562369 0
70 N -46.8408276805 0
70 P -1.30510217886 0
70 Q -27.9837574774 0
70 R -38.4460014917 0
70 S -41.6902908946 0
70 T -38.3798409741 0
70 V -45.4065190765 1
70 W -5.49274518071 0
70 Y -5.93246228627 0
71 A -47.0857269194 0
71 C -42.2771983264 0
71 D -43.9454488158 0
71 E -41.0277512386 0
71 F -41.3232795462 0
71 G -41.1101916831 0
71 H -43.276318681 0
71 I -31.7749275864 0
71 K -42.4516093659 0
71 L -49.4125141538 1
71 M -44.9284507862 0
71 N -42.8764842891 0
71 P 176.018755875 0
71 Q -39.2091060555 0
71 R -41.2513545619 0
71 S -42.7903078285 0
71 T -43.0047928837 0
71 V -27.7780797481 0
71 W -44.5524366826 0
71 Y -41.1636816158 0
72 A -45.6771230246 0
72 C -43.6959798315 0
72 D -46.5586161131 0
72 E -46.5732306471 0
72 F -45.9496307125 0
72 G -44.8652035718 0
72 H -46.3580169983 0
72 I -44.4186066435 0
72 K -46.779538045 0
72 L -46.5872715708 0
72 M -45.6882092437 0
72 N -46.3369870563 0
72 P 222.936078841 0
72 Q -44.2980699283 1
72 R -45.901059943 0
72 S -45.1063084958 0
72 T -45.4207920986 0
72 V -42.110135798 0
72 W -44.9138264788 0
72 Y -45.6750313946 0
73 A -47.5071872608 0
73 C -49.6362626215 0
73 D -45.1384676878 0
73 E -40.3387623001 0
73 F 152.828941536 0
73 G -44.4802263381 0
73 H 29.4324533391 0
73 I -46.0322334307 0
73 K -39.7845586092 0
73 L 26.9007102699 0
73 M -46.8074262986 0
73 N -44.945694256 0
73 P 109.39201585 0
73 Q -42.7745366371 0
73 R -41.4217070511 0
73 S -50.1256775974 0
73 T -43.5295027694 0
73 V -49.3929894759 1
73 W 38.0303993413 0
73 Y 128.568015523 0
74 A -39.8298753537 0
74 C -39.4258956431 0
74 D -48.614335775 0
74 E -48.5271128605 0
74 F -57.0688695532 1
74 G -35.35346918 0
74 H -54.4507534424 0
74 I -31.6215687675 0
74 K -39.9397038265 0
74 L -49.1557550258 0
74 M -48.2336416812 0
74 N -51.6047540872 0
74 P 118.730959018 0
74 Q -49.1754206327 0
74 R -26.7241138365 0
74 S -37.8848596979 0
74 T -38.5407678864 0
74 V -19.20888091 0
74 W -31.7926572188 0
74 Y -47.8553244488 0
75 A -46.3236405175 0
75 C -45.7517631369 0
75 D -45.4727749803 0
75 E -49.896015496 0
75 F -44.7482608063 0
75 G -43.7727666063 0
75 H -45.6648903477 0
75 I -49.2969275554 0
75 K -48.7656684263 0
75 L -47.2075490228 0
75 M -48.5447242642 0
75 N -44.5100731108 0
75 P 250.070409344 0
75 Q -48.8219320202 0
75 R -49.3742534191 1
75 S -45.3135305278 0
75 T -45.3074196745 0
75 V -48.0517018995 0
75 W -46.0059459598 0
75 Y -44.5784776349 0
76 A -48.3284655626 0
76 C -45.0263678165 0
76 D -49.0714398519 0
76 E -45.9620541023 1
76 F -44.6833019553 0
76 G -46.7948135656 0
76 H -46.4757660802 0
76 I -34.3727334597 0
76 K -46.8273755358 0
76 L -47.1281389352 0
76 M -44.6013090456 0
76 N -46.9856599361 0
76 P 318.473530496 0
76 Q -45.5207114012 0
76 R -46.4436685889 0
76 S -46.7049657005 0
76 T -46.9656511713 0
76 V -38.110364706 0
76 W -45.0765035847 0
76 Y -44.6869339541 0
77 A -58.948423443 1
77 C -51.8190644331 0
77 D -48.2637074932 0
77 E -39.3729069127 0
77 F 266.481700939 0
77 G -46.3990811363 0
77 H 59.7748295462 0
77 I -47.6468612095 0
77 K -21.177014067 0
77 L -20.0079648708 0
77 M -33.8625137264 0
77 N -48.2337979788 0
77 P 237.114456973 0
77 Q 22.6393432772 0
77 R 29.963320664 0
77 S -54.5639928289 0
77 T -48.9852957225 0
77 V -50.5146356005 0
77 W 144.31938655 0
77 Y 295.191249819 0
78 A -46.6277109519 0
78 C -41.7491180735 0
78 D -40.7527553447 0
78 E -43.0711198563 0
78 F -43.005383359 0
78 G -44.7069744386 0
78 H -43.7977798569 0
78 I 71.4042400642 0
78 K -43.7945231408 1
78 L -42.1255864832 0
78 M -44.0410133465 0
78 N -42.7764626668 0
78 P 240.274586609 0
78 Q -43.0043324061 0
78 R -44.03134707 0
78 S -44.1051745361 0
78 T -42.9790788392 0
78 V -29.8321851174 0
78 W -44.1847529875 0
78 Y -43.1637321349 0
79 A -43.5965780727 1
79 C -40.7503353653 0
79 D -41.1518473382 0
79 E -42.5175499595 0
79 F -40.225285154 0
79 G -42.2577633905 0
79 H -43.2610406817 0
79 I -39.7053295227 0
79 K -43.6887114637 0
79 L -42.4156343623 0
79 M -41.3725797875 0
79 N -43.1039217607 0
79 P 370.075619247 0
79 Q -41.6841177115 0
79 R -42.4513669624 0
79 S -41.5588900745 0
79 T -41.5805374576 0
79 V -39.4760158048 0
79 W -41.6208572587 0
79 Y -40.1206263491 0
80 A -45.4320156255 0
80 C -42.2926491379 0
80 D -42.9923223411 0
80 E -43.9611442927 1
80 F -42.503137992 0
80 G -43.3113054449 0
80 H -44.0301135441 0
80 I -39.3615447846 0
80 K -42.71976977 0
80 L -44.6035615269 0
80 M -44.6013491137 0
80 N -43.473468761 0
80 P 372.516951312 0
80 Q -43.8109454117 0
80 R -43.0164501332 0
80 S -43.5907735058 0
80 T -40.7551349441 0
80 V -41.0718329 0
80 W -41.5093871658 0
80 Y -42.4884141936 0
81 A -28.3153331477 0
81 C -21.5163436542 0
81 D -22.8532194445 0
81 E -23.5304559982 0
81 F -24.712390773 0
81 G -41.638117699 1
81 H -27.1471986075 0
81 I -12.8689419172 0
81 K -25.6097593742 0
81 L -26.1274487212 0
81 M -22.3964472995 0
81 N -26.8922673645 0
81 P 71.190059169 0
81 Q -23.9050682731 0
81 R -27.0796174042 0
81 S -28.4863831944 0
81 T -19.6237119255 0
81 V -12.9203929568 0
81 W -24.0562816149 0
81 Y -21.6990261963 0
82 A -47.7183152711 0
82 C -46.073320784 1
82 D -44.4431882522 0
82 E -45.8153450357 0
82 F -35.8184203823 0
82 G -41.8653551193 0
82 H -47.6608771813 0
82 I -37.6625738342 0
82 K -47.025020159 0
82 L -37.8196771033 0
82 M -46.4720901438 0
82 N -47.0384875318 0
82 P 51.247439617 0
82 Q -45.7006944449 0
82 R -46.5934534795 0
82 S -45.361871029 0
82 T -42.7622841997 0
82 V 32.5105010128 0
82 W -46.5905250697 0
82 Y -32.5822544822 0
83 A -43.5069603466 0
83 C -40.8930140069 0
83 D -45.5118707646 1
83 E -44.0486839248 0
83 F -42.2471048474 0
83 G -40.4376996707 0
83 H -43.4006597922 0
83 I -44.9146382641 0
83 K -44.2748274765 0
83 L -44.3687243258 0
83 M -43.2768286818 0
83 N -45.1545556625 0
83 P -40.2489388557 0
83 Q -43.5106552652 0
83 R -43.3757940132 0
83 S -43.3543415084 0
83 T -42.0940742128 0
83 V -44.1781168796 0
83 W -41.8398240503 0
83 Y -42.2038599153 0
84 A -36.5503227447 0
84 C -38.2490428981 0
84 D -31.5380121161 0
84 E -33.0513446142 0
84 F 13.9191967186 0
84 G -30.5426454706 0
84 H -16.0685906192 0
84 I -47.2916085542 1
84 K -12.5395124275 0
84 L -36.9513811882 0
84 M -17.4464022462 0
84 N -38.8778329881 0
84 P 73.5975168067 0
84 Q -32.242738282 0
84 R -5.3942909533 0
84 S -35.2066884515 0
84 T -38.1550581023 0
84 V -42.672269003 0
84 W -13.2767458964 0
84 Y -0.0915429392483 0
85 A -38.8375984761 0
85 C -38.0433603415 0
85 D -40.3016015918 0
85 E -41.0676800593 0
85 F -37.9407983543 0
85 G -35.0431344705 0
85 H -40.1616714128 0
85 I -41.7221616011 0
85 K -40.9259306041 0
85 L -41.5054487642 0
85 M -39.2908162426 0
85 N -40.6069045144 0
85 P 166.640705493 0
85 Q -39.4964863185 0
85 R -40.7858278309 0
85 S -39.2956020339 0
85 T -39.2576206219 1
85 V -41.3979850973 0
85 W -37.7887185589 0
85 Y -37.9739479054 0
86 A -32.2762400958 0
86 C -34.3940219384 0
86 D -33.0664572618 0
86 E -28.8048839271 0
86 F 333.174420495 0
86 G -28.2311655976 0
86 H 5.93289397822 0
86 I -41.4449440698 1
86 K -24.7909322683 0
86 L -22.3725601045 0
86 M -32.2281376083 0
86 N -35.1846525823 0
86 P -10.4210422215 0
86 Q -25.4946346143 0
86 R -24.1265835863 0
86 S -32.9085958936 0
86 T -34.8184583647 0
86 V -39.1110127053 0
86 W -18.4124693967 0
86 Y -12.2132584667 0
87 A -38.0681298707 0
87 C -37.6097357137 0
87 D -39.6977240484 0
87 E -39.2195570372 0
87 F -37.1713857111 0
87 G -32.2139997888 0
87 H -38.7893689985 0
87 I -44.127653285 1
87 K -40.1077915447 0
87 L -42.0826608219 0
87 M -39.4971124905 0
87 N -39.8891128079 0
87 P 152.888135289 0
87 Q -39.555056083 0
87 R -41.4839969515 0
87 S -39.3696076696 0
87 T -38.8549374497 0
87 V -42.5215362806 0
87 W -36.5267060281 0
87 Y -36.9743894179 0
88 A -37.7110814125 0
88 C -39.2798668726 0
88 D -40.0732869927 0
88 E -41.1207954437 0
88 F -19.4032188298 0
88 G -31.1239904899 0
88 H -37.6425625136 0
88 I -46.2927472462 0
88 K -40.6145314805 0
88 L -45.9331765425 1
88 M -43.4838889361 0
88 N -44.0337168597 0
88 P -32.5817691753 0
88 Q -42.8876418783 0
88 R -42.9804738527 0
88 S -38.8093318549 0
88 T -41.1019924891 0
88 V -43.6519691228 0
88 W -29.1291660176 0
88 Y -17.9095971636 0
89 A -47.4020084623 0
89 C -46.7378468295 0
89 D -47.7412240216 0
89 E -48.2605277075 0
89 F -44.9891132795 0
89 G -47.1330835231 0
89 H -46.4422719281 0
89 I -50.2269836523 0
89 K -49.7163907964 0
89 L -49.5517373677 0
89 M -48.0183998393 0
89 N -48.554049111 0
89 P 40.3006828692 0
89 Q -47.0796231441 0
89 R -48.9432855872 0
89 S -47.8349380014 1
89 T -47.6862890454 0
89 V -49.1781980006 0
89 W -43.3857735588 0
89 Y -45.4944243916 0
