1 A 59.6100859829 0
1 C 61.9861284752 0
1 D 57.6755601503 0
1 E 58.2963600279 0
1 F 59.9732722178 0
1 G 58.9696432757 1
1 H 58.1504874743 0
1 I 65.1667407025 0
1 K 59.5366408783 0
1 L 58.7806665279 0
1 M 60.2712530946 0
1 N 59.0101021116 0
1 P 56.5285902303 0
1 Q 61.5333124292 0
1 R 59.7270794048 0
1 S 57.7314877476 0
1 T 60.7198896214 0
1 V 65.1379100084 0
1 W 62.5657581577 0
1 Y 60.2259452501 0
2 A 55.6489680232 0
2 C 57.5716746504 0
2 D 57.8657906814 0
2 E 56.3638909305 0
2 F 77.7581795086 0
2 G 51.9516554146 0
2 H 61.3196696046 0
2 I 96.7307094853 0
2 K 55.939328633 0
2 L 57.6264145767 1
2 M 57.6060800774 0
2 N 55.5086879995 0
2 P 65.1091346502 0
2 Q 56.6266323965 0
2 R 56.7846628218 0
2 S 56.2130537374 0
2 T 65.5247536478 0
2 V 73.3275241939 0
2 W 64.9913826888 0
2 Y 64.0309811281 0
3 A 69.6932150024 0
3 C 71.7610118423 0
3 D 68.5031859143 0
3 E 71.4394499343 0
3 F 75.2267301317 0
3 G 58.7102080333 1
3 H 69.8141117231 0
3 I 78.1506536824 0
3 K 70.027493384 0
3 L 73.3657059556 0
3 M 73.7218211754 0
3 N 68.6870036603 0
3 P 165.639661775 0
3 Q 74.4297308599 0
3 R 71.8110191606 0
3 S 70.9209978579 0
3 T 72.947301702 0
3 V 77.5390288163 0
3 W 70.8668544596 0
3 Y 72.2285005383 0
4 A 53.2535581622 0
4 C 55.043507787 0
4 D 50.9388603197 0
4 E 51.8714776705 0
4 F 53.5563391745 0
4 G 53.510326875 1
4 H 52.0540561453 0
4 I 72.3385437069 0
4 K 51.7594154475 0
4 L 51.7530726998 0
4 M 52.9927007255 0
4 N 51.3348550021 0
4 P 61.9351338922 0
4 Q 52.9213862537 0
4 R 52.3445105853 0
4 S 52.2900986959 0
4 T 52.7400452541 0
4 V 71.6417959317 0
4 W 53.8567947175 0
4 Y 53.7182750175 0
5 A 58.4956462434 0
5 C 56.1129106415 0
5 D 55.9018025081 0
5 E 55.1446683379 0
5 F 51.7096697716 0
5 G 59.6194226214 0
5 H 53.9440894962 0
5 I 59.052517584 0
5 K 57.8491556169 0
5 L 54.6704681502 0
5 M 56.6649192592 0
5 N 54.6830615852 0
5 P 86.4830160301 0
5 Q 55.1757706273 0
5 R 55.0172687863 0
5 S 58.8700764935 0
5 T 55.9579194665 0
5 V 59.5976869546 0
5 W 52.5970157103 0
5 Y 49.9722576394 1
6 A 55.4190667608 0
6 C 56.4102421315 0
6 D 55.057934422 0
6 E 53.8601138862 0
6 F 54.3178850288 0
6 G 60.5072504298 0
6 H 54.1415063236 0
6 I 50.3000918456 0
6 K 54.405442569 0
6 L 53.0048446886 0
6 M 53.9298425281 1
6 N 54.692421206 0
6 P 138.657084217 0
6 Q 54.5877962764 0
6 R 54.7060987221 0
6 S 55.2595244026 0
6 T 53.4099502759 0
6 V 51.642842428 0
6 W 55.6975527404 0
6 Y 54.7197345283 0
7 A 63.3782044856 0
7 C 63.30946255 0
7 D 64.0291589149 0
7 E 62.0277179679 0
7 F 59.9828287283 0
7 G 68.42969043 0
7 H 62.5274699062 0
7 I 62.999659813 0
7 K 62.566711546 0
7 L 58.454583455 1
7 M 62.283397906 0
7 N 61.6951603257 0
7 P 105.940184948 0
7 Q 62.5320529063 0
7 R 51.471638099 0
7 S 63.675978324 0
7 T 62.979469322 0
7 V 63.661706552 0
7 W 63.4022625286 0
7 Y 54.0518454396 0
8 A 54.3800361803 0
8 C 47.9677458181 0
8 D 55.1417714278 0
8 E 167.107022811 0
8 F 118.640857099 0
8 G 56.9386809099 1
8 H 71.010259869 0
8 I 49.7425239214 0
8 K 67.0478649782 0
8 L 71.8682769787 0
8 M 157.473356675 0
8 N 51.0278922686 0
8 P 147.685505971 0
8 Q 59.7541503145 0
8 R 63.5057878293 0
8 S 59.5955659681 0
8 T 51.2821139769 0
8 V 52.1203280847 0
8 W 155.721270451 0
8 Y 127.322647805 0
9 A 49.9942335026 0
9 C 53.237685624 0
9 D 49.0200637193 0
9 E 46.8726499219 0
9 F 51.5689245854 0
9 G 51.1178333577 0
9 H 50.2273267653 0
9 I 50.3763371694 0
9 K 49.0082743885 0
9 L 49.6352169915 0
9 M 50.9234380359 0
9 N 50.4884554619 0
9 P 52.5858961624 0
9 Q 50.4752900991 0
9 R 49.4368133515 0
9 S 49.4088309564 1
9 T 50.0055829486 0
9 V 50.3637229346 0
9 W 50.6526746186 0
9 Y 51.4844571539 0
10 A 49.1400750365 1
10 C 50.8251333946 0
10 D 51.9089696156 0
10 E 49.7030890788 0
10 F 49.0519054754 0
10 G 53.7468914635 0
10 H 49.6686784918 0
10 I 51.7782594587 0
10 K 49.3343952507 0
10 L 52.4866200021 0
10 M 50.3899542268 0
10 N 50.6811357681 0
10 P 104.412678951 0
10 Q 50.7640304066 0
10 R 49.2363883764 0
10 S 48.2655288458 0
10 T 49.6891740403 0
10 V 51.9735768699 0
10 W 49.4957542198 0
10 Y 49.2114694491 0
11 A 44.2049134055 0
11 C 46.62176132 0
11 D 43.8185408945 0
11 E 49.7628042329 0
11 F 120.883729833 0
11 G 48.360170717 0
11 H 57.0889674501 0
11 I 48.3280072055 0
11 K 72.8336358794 0
11 L 58.7165413919 0
11 M 50.2995572391 1
11 N 47.1802014745 0
11 P 75.3657302573 0
11 Q 55.2453673679 0
11 R 82.3394944375 0
11 S 44.4768133561 0
11 T 44.2646258736 0
11 V 44.367718791 0
11 W 133.20510103 0
11 Y 205.723758004 0
12 A 58.8414906441 0
12 C 61.2715415606 0
12 D 58.6308076794 0
12 E 61.618580779 0
12 F 60.4434085907 0
12 G 60.6593215239 0
12 H 58.6114400178 0
12 I 64.3368016098 0
12 K 58.3813257102 0
12 L 58.3701537475 0
12 M 60.4773723299 0
12 N 58.9304861882 0
12 P 56.1615064791 0
12 Q 63.0921005439 0
12 R 51.8545230997 0
12 S 61.7669912371 1
12 T 60.6980374402 0
12 V 63.0851821125 0
12 W 60.0081856664 0
12 Y 60.6186813739 0
13 A 58.2115593987 0
13 C 52.3928943774 0
13 D 55.464302263 0
13 E 57.9363170585 0
13 F 49.4208277242 0
13 G 64.5648787804 0
13 H 52.1691989324 0
13 I 52.0335708181 0
13 K 54.4485876115 0
13 L 47.3523813735 0
13 M 55.2283265406 0
13 N 48.7282873001 0
13 P 60.7800686092 0
13 Q 50.4687343477 0
13 R 41.6232426489 1
13 S 58.152356197 0
13 T 55.0670305569 0
13 V 54.0627975931 0
13 W 51.7128936527 0
13 Y 49.6722575958 0
14 A 57.7956744941 0
14 C 55.9603824413 0
14 D 64.0228509881 0
14 E 65.2369310624 0
14 F 68.7769306557 0
14 G 60.0338711961 0
14 H 65.6289402959 0
14 I 59.3284630493 0
14 K 66.1783659613 0
14 L 79.1412841715 0
14 M 60.9249881655 0
14 N 60.9289642644 0
14 P 49.5762909094 1
14 Q 63.7519751697 0
14 R 65.2743381897 0
14 S 54.0613123509 0
14 T 55.6365635688 0
14 V 57.1009895473 0
14 W 60.5122891139 0
14 Y 65.9076852166 0
15 A 53.9574559989 0
15 C 53.8781334653 0
15 D 39.9144177657 0
15 E 51.137600588 0
15 F 44.3096468623 0
15 G 56.2245294496 0
15 H 43.509437293 0
15 I 49.9941983712 0
15 K 45.6218048956 0
15 L 42.4742079095 0
15 M 42.9527701838 1
15 N 52.6866624702 0
15 P 66.8218730988 0
15 Q 53.0559034257 0
15 R 47.9674461818 0
15 S 52.1688111415 0
15 T 51.3901075471 0
15 V 50.0560877658 0
15 W 45.2185214633 0
15 Y 44.9442461021 0
16 A 53.5089309458 0
16 C 54.3812295931 0
16 D 53.821952182 0
16 E 53.8531992394 0
16 F 50.5056895371 0
16 G 61.8010898133 0
16 H 49.2917567207 0
16 I 46.0884196874 1
16 K 52.7736908125 0
16 L 50.8374619498 0
16 M 53.9593496774 0
16 N 54.3244629037 0
16 P 61.9839186772 0
16 Q 52.8447973771 0
16 R 52.7953214068 0
16 S 53.4327137175 0
16 T 52.6293054277 0
16 V 46.3321754187 0
16 W 49.5904131225 0
16 Y 51.6885460081 0
17 A 48.8665325796 0
17 C 49.518009214 0
17 D 48.5843488827 0
17 E 47.4741552564 0
17 F 48.417607265 0
17 G 51.3309583356 0
17 H 48.8338835255 1
17 I 46.5932851902 0
17 K 47.2814178726 0
17 L 46.6196672377 0
17 M 49.1475952599 0
17 N 46.5549836659 0
17 P 49.7941834695 0
17 Q 49.8186599773 0
17 R 47.4610715993 0
17 S 48.0663064457 0
17 T 48.476561439 0
17 V 47.0723384294 0
17 W 50.0313990342 0
17 Y 48.8181967834 0
18 A 52.9801890892 0
18 C 52.8104928653 0
18 D 57.3780939837 0
18 E 54.4650140633 0
18 F 45.853837164 1
18 G 56.4353364243 0
18 H 49.663260989 0
18 I 61.7999566336 0
18 K 58.5559865695 0
18 L 53.5496823816 0
18 M 52.3267919418 0
18 N 55.2669217163 0
18 P 98.6938478863 0
18 Q 53.8636422846 0
18 R 66.0900909019 0
18 S 54.3498435361 0
18 T 54.975966785 0
18 V 59.9773139967 0
18 W 98.9494857636 0
18 Y 48.9518610131 0
19 A 66.4002454571 0
19 C 70.1230513426 0
19 D 69.8834302268 0
19 E 68.9762623688 0
19 F 67.1447644557 0
19 G 55.078066349 1
19 H 64.6093123004 0
19 I 75.1666381933 0
19 K 66.4895430783 0
19 L 66.57585272 0
19 M 70.0483077905 0
19 N 63.9634425818 0
19 P 101.793255436 0
19 Q 68.7929394585 0
19 R 65.3353277413 0
19 S 63.4931652722 0
19 T 67.3022057246 0
19 V 76.5501152155 0
19 W 69.1466837309 0
19 Y 68.9615888888 0
20 A 46.5136532294 0
20 C 48.1597721512 0
20 D 49.2622189565 0
20 E 47.7401863429 0
20 F 45.4859017855 0
20 G 49.9038278876 0
20 H 46.0550682185 0
20 I 48.8084710233 0
20 K 45.1823596978 0
20 L 45.1859871301 0
20 M 47.7818822482 0
20 N 46.1238314392 1
20 P 77.3960503063 0
20 Q 48.4009970427 0
20 R 43.9129504111 0
20 S 46.8498302018 0
20 T 53.7180854398 0
20 V 47.1529833606 0
20 W 48.4588910883 0
20 Y 45.9783209989 0
21 A 54.2511664775 0
21 C 52.5022820286 0
21 D 53.7021848588 1
21 E 50.9457181196 0
21 F 51.5444466513 0
21 G 54.769653088 0
21 H 49.5958453368 0
21 I 49.5011150077 0
21 K 48.0811552598 0
21 L 53.5822101776 0
21 M 55.2247395945 0
21 N 50.0116830368 0
21 P 54.4036035319 0
21 Q 49.6890159665 0
21 R 49.2371367237 0
21 S 54.1132938465 0
21 T 53.7139722814 0
21 V 49.414169269 0
21 W 50.9467459317 0
21 Y 51.3880562305 0
22 A 53.0591081509 0
22 C 55.6928517801 0
22 D 55.4044324625 0
22 E 52.6707887609 0
22 F 52.4079274144 0
22 G 54.0317977003 0
22 H 53.4062622633 0
22 I 55.4439440934 0
22 K 52.369652707 0
22 L 55.0338189383 0
22 M 55.3611723347 0
22 N 53.2714341849 0
22 P 68.962113608 0
22 Q 55.2468080919 0
22 R 52.7266652537 0
22 S 52.0683027145 0
22 T 55.6015923655 0
22 V 58.0787326721 0
22 W 51.0204302223 1
22 Y 52.9461432726 0
23 A 46.8625857294 0
23 C 53.051728197 0
23 D 50.93974792 0
23 E 48.5824322162 1
23 F 54.7006093821 0
23 G 52.6958689941 0
23 H 52.5444266963 0
23 I 58.8607415495 0
23 K 51.2281731536 0
23 L 52.8018252836 0
23 M 49.7692290576 0
23 N 51.5782239029 0
23 P 184.582544287 0
23 Q 49.1431604166 0
23 R 48.5943016394 0
23 S 51.0125884762 0
23 T 51.8177849166 0
23 V 55.32873577 0
23 W 53.7749701643 0
23 Y 54.7439369067 0
24 A 36.3650206089 0
24 C 38.8224991663 0
24 D 38.5222109879 1
24 E 35.5524659131 0
24 F 42.270487106 0
24 G 36.8853388283 0
24 H 42.3706227496 0
24 I 36.5537589627 0
24 K 42.1251884181 0
24 L 35.9939674975 0
24 M 36.2194914396 0
24 N 40.9535142378 0
24 P 291.239547868 0
24 Q 37.9696671469 0
24 R 36.5001382526 0
24 S 37.0843445899 0
24 T 35.5405787757 0
24 V 33.3401139063 0
24 W 47.1411149633 0
24 Y 43.9857718261 0
25 A 47.9533343444 0
25 C 51.0995169103 0
25 D 49.678366407 0
25 E 49.4060056276 0
25 F 52.2684053618 0
25 G 50.6204145891 0
25 H 49.6574423415 0
25 I 47.0404281546 0
25 K 48.1667230721 0
25 L 47.7812049431 0
25 M 49.3415637547 0
25 N 49.2565835548 0
25 P 305.249092988 0
25 Q 50.5607817119 0
25 R 49.4651162004 1
25 S 50.0862333957 0
25 T 49.3119569502 0
25 V 47.3352463041 0
25 W 51.9367011175 0
25 Y 52.0308113451 0
26 A 51.0223341288 0
26 C 53.0757974198 0
26 D 52.9947496611 0
26 E 52.1798591734 0
26 F 49.4542075491 0
26 G 51.5693104012 0
26 H 50.8837081649 0
26 I 79.0046611404 0
26 K 49.4661669787 0
26 L 56.4250939458 0
26 M 52.1897915921 0
26 N 52.607781935 0
26 P 531.089463378 0
26 Q 51.1688300999 0
26 R 49.3745034762 0
26 S 52.2311586675 0
26 T 50.2273238786 0
26 V 94.7320488578 0
26 W 49.0039642485 0
26 Y 46.200022812 1
27 A 53.606376829 0
27 C 57.8707728286 0
27 D 50.5689317382 0
27 E 50.3824760715 0
27 F 42.4988933582 0
27 G 57.7897748499 0
27 H 46.0123013945 0
27 I 68.5083982441 0
27 K 54.871909947 0
27 L 49.1720053886 0
27 M 47.0496520815 0
27 N 50.4767984505 0
27 P 207.846995764 0
27 Q 50.0218737828 0
27 R 64.7343476053 0
27 S 55.5817210491 0
27 T 55.414406166 0
27 V 71.7672505553 0
27 W 91.109554742 0
27 Y 39.882504906 1
28 A 44.8211136001 0
28 C 54.0027253259 0
28 D 48.83607532 0
28 E 45.8840093981 0
28 F 47.5924459568 0
28 G 47.905937135 0
28 H 46.6101518635 0
28 I 51.4423036175 0
28 K 45.2613117889 0
28 L 52.2890066744 0
28 M 47.0186232025 0
28 N 48.828277897 0
28 P 307.634235289 0
28 Q 47.2329838894 0
28 R 45.4949047329 1
28 S 46.492859234 0
28 T 46.3006149618 0
28 V 44.9601754699 0
28 W 47.1899112425 0
28 Y 47.9303565265 0
29 A 48.6833299959 0
29 C 51.0706317024 0
29 D 48.6806182048 0
29 E 49.4643855734 1
29 F 52.3183238042 0
29 G 50.1789193269 0
29 H 49.69807275 0
29 I 51.5456064055 0
29 K 49.0072552691 0
29 L 50.6487109131 0
29 M 48.5201215076 0
29 N 48.5009608317 0
29 P 362.516428263 0
29 Q 50.0552839303 0
29 R 48.4554787334 0
29 S 49.4874262575 0
29 T 51.0199984972 0
29 V 52.4316132929 0
29 W 53.6014532632 0
29 Y 52.4085720202 0
30 A 51.3726250273 0
30 C 52.0123711129 0
30 D 54.7911844114 0
30 E 51.8762921695 0
30 F 59.6817628309 0
30 G 53.6603803253 0
30 H 48.8711833601 0
30 I 52.9173848094 0
30 K 51.1382188909 0
30 L 49.2204096433 0
30 M 52.1466203954 0
30 N 47.0700079916 1
30 P 313.853100625 0
30 Q 50.2507101414 0
30 R 51.6082055294 0
30 S 51.62924748 0
30 T 50.5301915419 0
30 V 60.4689134366 0
30 W 55.4799275932 0
30 Y 59.0521353551 0
31 A 48.9403845287 0
31 C 50.9023245542 0
31 D 54.0875669365 0
31 E 45.8446968411 0
31 F 57.0895743343 0
31 G 53.0025613463 0
31 H 57.4186244597 0
31 I 78.6617409834 0
31 K 49.7289126575 0
31 L 53.038722964 0
31 M 42.8119304226 1
31 N 53.654193582 0
31 P 109.543879428 0
31 Q 48.396731857 0
31 R 42.5577731476 0
31 S 50.2341605312 0
31 T 52.0783892585 0
31 V 53.2749395655 0
31 W 108.731150159 0
31 Y 61.3227050399 0
32 A 50.1751495034 0
32 C 52.7888130546 0
32 D 48.5452733108 0
32 E 48.2595131158 0
32 F 50.490303274 0
32 G 51.2560330361 0
32 H 49.5016716409 0
32 I 51.1609304446 0
32 K 48.8293086233 0
32 L 49.1390788979 0
32 M 50.1741726694 0
32 N 49.4990977706 0
32 P 82.3020686036 0
32 Q 50.5574006584 0
32 R 49.6511901983 0
32 S 49.2684329765 0
32 T 49.783559371 0
32 V 50.7361533963 0
32 W 50.3476673563 0
32 Y 50.4892717144 1
33 A 53.5612368958 0
33 C 54.221281975 0
33 D 50.6153397088 0
33 E 51.5597494466 0
33 F 52.101977051 0
33 G 53.4880117522 0
33 H 50.7286376331 0
33 I 51.3241313975 0
33 K 50.0901471124 0
33 L 49.8112124217 0
33 M 52.605504774 0
33 N 51.0834463874 0
33 P 186.307632816 0
33 Q 54.7348126845 0
33 R 56.5656229115 1
33 S 50.964247875 0
33 T 52.2619870571 0
33 V 50.8387348168 0
33 W 51.2169716489 0
33 Y 52.0791402156 0
34 A 45.9302372105 0
34 C 45.8275441271 0
34 D 42.5838390918 0
34 E 42.6364067077 0
34 F 41.1514836548 0
34 G 44.4227275245 0
34 H 43.2102910556 0
34 I 95.32499624 0
34 K 47.5126434546 0
34 L 49.3516458325 0
34 M 39.6877433542 0
34 N 43.1708078415 0
34 P 246.359240847 0
34 Q 42.8477154743 0
34 R 43.5900722568 0
34 S 48.8901336159 0
34 T 45.3887813535 0
34 V 99.2734250967 0
34 W 164.439226426 0
34 Y 38.8235078294 1
35 A 51.0089886422 0
35 C 50.6117060994 0
35 D 61.2435765227 0
35 E 57.8867325147 0
35 F 306.759338021 0
35 G 54.5486691012 0
35 H 139.997468784 0
35 I 104.803097995 0
35 K 79.3471792624 0
35 L 65.5911206334 0
35 M 64.6007812816 0
35 N 63.2631118009 0
35 P 44.0541471823 1
35 Q 65.4427462733 0
35 R 73.5501570879 0
35 S 52.1706167396 0
35 T 58.9372872484 0
35 V 59.618400008 0
35 W 420.102169845 0
35 Y 205.243844108 0
36 A 61.1287155145 0
36 C 62.7536956699 0
36 D 58.5697694874 0
36 E 51.1493449427 0
36 F 60.0786240296 0
36 G 61.8479973921 0
36 H 49.5748302451 0
36 I 51.6529806018 0
36 K 60.1159900233 0
36 L 61.6735228036 0
36 M 61.7159313898 0
36 N 58.4768025241 1
36 P 67.7982734026 0
36 Q 63.2376849505 0
36 R 60.0723026182 0
36 S 59.4654662535 0
36 T 65.3312840119 0
36 V 51.8430157194 0
36 W 55.4710390705 0
36 Y 60.0819542758 0
37 A 51.3546109021 0
37 C 54.5029456236 0
37 D 55.5304201237 0
37 E 53.3449237923 0
37 F 51.9240925903 0
37 G 56.0509018731 0
37 H 50.3268396535 0
37 I 53.3556671517 0
37 K 51.8548897568 0
37 L 53.4374601949 0
37 M 52.897523275 0
37 N 54.5417604612 0
37 P 106.509365254 0
37 Q 51.5145478012 1
37 R 47.5824448953 0
37 S 49.635899101 0
37 T 49.5283359073 0
37 V 52.5808386122 0
37 W 59.356405478 0
37 Y 55.6691770868 0
38 A 53.2668528871 0
38 C 53.2641639759 0
38 D 66.0013235534 0
38 E 70.4899059823 0
38 F 314.07279096 0
38 G 58.0981874617 0
38 H 88.1178609657 0
38 I 71.5230445585 0
38 K 154.519341666 0
38 L 172.906771686 0
38 M 189.243565777 0
38 N 59.4318717206 0
38 P 85.3013796597 0
38 Q 68.1067046044 0
38 R 120.914856785 0
38 S 56.3573620028 0
38 T 53.649607462 0
38 V 51.1809473082 1
38 W 205.686102512 0
38 Y 371.059912429 0
39 A 52.9983182155 0
39 C 52.8358343254 0
39 D 50.943410822 0
39 E 50.8763837742 0
39 F 58.2846775963 0
39 G 57.8329289185 0
39 H 54.2998371658 0
39 I 50.4306422215 0
39 K 58.5299680967 0
39 L 47.3126522994 0
39 M 49.2665098784 0
39 N 50.1870557394 0
39 P 60.6286019793 0
39 Q 51.4626978174 0
39 R 52.5548536103 0
39 S 51.0086750903 0
39 T 47.9577692122 0
39 V 51.8832660751 0
39 W 58.8576866162 0
39 Y 48.2382915045 1
40 A 54.3842297037 0
40 C 49.6485510485 0
40 D 53.5812145351 0
40 E 50.8358904707 0
40 F 48.0227062449 0
40 G 59.3175110304 0
40 H 48.7590941161 0
40 I 45.638431296 0
40 K 51.2175090482 0
40 L 46.8643818773 0
40 M 47.3880078807 0
40 N 50.2365357425 0
40 P 118.501765954 0
40 Q 49.8293571885 0
40 R 48.205520987 0
40 S 48.6328389165 0
40 T 50.0940811211 0
40 V 45.9003148237 0
40 W 50.4324907413 0
40 Y 44.3383631974 1
41 A 57.8698955621 0
41 C 59.8655591614 0
41 D 56.0678147707 0
41 E 54.7228114808 0
41 F 49.8445775164 0
41 G 63.2048441709 0
41 H 56.3353650589 0
41 I 53.3246677753 0
41 K 54.9046703107 0
41 L 53.7383818818 0
41 M 55.1294559238 0
41 N 55.4084634968 0
41 P 68.5615866952 0
41 Q 55.5041350647 0
41 R 47.8839291805 1
41 S 55.5383887262 0
41 T 54.4474959138 0
41 V 53.4592229072 0
41 W 45.0931096978 0
41 Y 49.6519167138 0
42 A 36.517249809 0
42 C 44.6394124446 0
42 D 48.0532946787 0
42 E 38.3914205588 0
42 F 44.7104850427 0
42 G 39.3493584373 0
42 H 35.697009854 0
42 I 46.7217586028 0
42 K 43.7569481831 0
42 L 43.894662265 0
42 M 43.667054581 0
42 N 47.5490860442 0
42 P 35.1550238935 1
42 Q 44.1143366608 0
42 R 47.5378007995 0
42 S 36.5689311082 0
42 T 42.451577925 0
42 V 43.2237185136 0
42 W 70.300607448 0
42 Y 48.1850628432 0
43 A 32.9081575707 0
43 C 29.1848403821 0
43 D 25.731889484 0
43 E 33.6718814571 0
43 F 171.031774337 0
43 G 37.3584152315 0
43 H 69.8314028553 0
43 I 29.8261207967 0
43 K 57.9698858333 0
43 L 60.1227692846 0
43 M 45.5919575764 0
43 N 24.5017349682 0
43 P 40.9388537941 0
43 Q 27.7670355793 0
43 R 37.893607041 0
43 S 31.692466152 0
43 T 28.2977237646 0
43 V 22.6877635327 1
43 W 183.33371409 0
43 Y 227.593904561 0
44 A 48.3513953547 0
44 C 50.4496898198 0
44 D 47.0508916171 1
44 E 45.8299702655 0
44 F 49.0891503189 0
44 G 49.4692067803 0
44 H 47.677419911 0
44 I 47.5982696868 0
44 K 47.1148819772 0
44 L 46.4688011189 0
44 M 48.628303268 0
44 N 47.2660721826 0
44 P 203.671971344 0
44 Q 48.3950576048 0
44 R 48.5533961922 0
44 S 46.9675828104 0
44 T 46.6974290678 0
44 V 47.2585075034 0
44 W 49.8987062958 0
44 Y 49.329899784 0
45 A 42.736091047 0
45 C 44.7603418886 0
45 D 42.1020516411 0
45 E 42.9818461154 0
45 F 37.7275890634 0
45 G 46.1882111759 0
45 H 41.8793454394 0
45 I 42.3690301142 0
45 K 41.8471684011 0
45 L 43.7003771282 0
45 M 46.063894355 0
45 N 41.3004021509 0
45 P 72.8033151097 0
45 Q 43.4551941582 1
45 R 42.4026694653 0
45 S 40.4145039926 0
45 T 43.4676467326 0
45 V 42.5719331047 0
45 W 45.7443400335 0
45 Y 44.2512713967 0
46 A 26.4483565572 0
46 C 30.6155169535 0
46 D 25.2050079435 0
46 E 26.2197461652 0
46 F 30.7841880832 0
46 G 34.16875316 0
46 H 28.0766456975 0
46 I 26.7611495399 0
46 K 26.743993769 0
46 L 25.6772351473 0
46 M 27.0257207994 0
46 N 26.704842875 0
46 P 44.1806644611 0
46 Q 26.4052859427 0
46 R 27.5342363887 0
46 S 25.269545917 0
46 T 26.3923940092 0
46 V 26.8837242334 0
46 W 28.155945989 0
46 Y 29.3145635778 1
47 A 37.1827536451 0
47 C 43.9259219805 0
47 D 38.6403457642 0
47 E 40.5383961792 0
47 F 56.8068978155 0
47 G 32.1153482683 0
47 H 42.2809492289 0
47 I 51.6861032932 0
47 K 37.3912143184 0
47 L 42.4548158273 0
47 M 43.4753388382 0
47 N 37.1648826434 0
47 P 143.288674699 0
47 Q 38.828871817 0
47 R 42.1313366272 0
47 S 35.4524724189 1
47 T 42.9048752643 0
47 V 50.1207642906 0
47 W 47.1499769625 0
47 Y 59.0180275832 0
48 A 39.7235589071 0
48 C 42.1751055053 0
48 D 39.4422720012 0
48 E 38.6316211123 0
48 F 42.833681531 0
48 G 41.6181650728 0
48 H 42.3245887975 0
48 I 40.8055921287 0
48 K 40.101599348 0
48 L 40.8697832087 0
48 M 42.0551638397 0
48 N 39.4277368655 1
48 P 49.0182788018 0
48 Q 42.2192352494 0
48 R 41.422397089 0
48 S 39.9379756366 0
48 T 40.5943431129 0
48 V 41.0933867364 0
48 W 41.9774038793 0
48 Y 42.5871223369 0
49 A 39.6935499041 0
49 C 36.6063029681 0
49 D 37.4843909972 0
49 E 28.6412201091 0
49 F 37.9508386087 0
49 G 43.0346703193 0
49 H 34.2689144657 0
49 I 33.7846821406 0
49 K 108.812911383 0
49 L 43.8369698132 0
49 M 36.9732175653 0
49 N 34.0645059496 0
49 P 37.5663888833 0
49 Q 35.7963240241 1
49 R 40.7788767448 0
49 S 39.7997164729 0
49 T 34.8200686137 0
49 V 36.3422486302 0
49 W 34.6446506719 0
49 Y 36.894966325 0
50 A 49.3923219808 0
50 C 52.0474027766 0
50 D 48.907534066 0
50 E 48.3883646414 0
50 F 50.9849261776 0
50 G 50.3219934876 0
50 H 51.3869040161 0
50 I 51.7366899516 0
50 K 48.4013938337 0
50 L 48.7465715639 0
50 M 45.8986325141 0
50 N 49.3436547782 1
50 P 63.6919899711 0
50 Q 51.3507289092 0
50 R 49.8420659589 0
50 S 49.00369847 0
50 T 50.6893233748 0
50 V 51.6521103652 0
50 W 50.4923369667 0
50 Y 52.1011764177 0
51 A 37.9718395032 0
51 C 38.8993144049 0
51 D 38.9362404755 0
51 E 40.2367532978 0
51 F 40.6763469926 0
51 G 38.5375833643 0
51 H 37.6482324254 0
51 I 43.8418822781 0
51 K 40.7107559504 0
51 L 35.9591895213 0
51 M 40.1851302445 0
51 N 38.1392181255 1
51 P 247.015982363 0
51 Q 41.3521202713 0
51 R 40.5261314551 0
51 S 38.3849926606 0
51 T 40.6781688045 0
51 V 46.7065488984 0
51 W 37.6039998837 0
51 Y 41.0352248333 0
52 A 48.7506832061 0
52 C 38.205008159 0
52 D 44.1124201784 0
52 E 48.135373743 0
52 F 37.0747821509 1
52 G 50.5445213513 0
52 H 37.3668053186 0
52 I 32.3137279934 0
52 K 44.5896987227 0
52 L 70.5825589878 0
52 M 39.6645937051 0
52 N 38.8181935791 0
52 P 133.683938524 0
52 Q 49.1751215435 0
52 R 65.9108992585 0
52 S 36.668185571 0
52 T 37.8610259694 0
52 V 30.485222811 0
52 W 98.6204284158 0
52 Y 53.9725662994 0
53 A 41.9431826318 0
53 C 42.488179767 0
53 D 43.325654356 0
53 E 38.4951652518 0
53 F 59.3994475838 0
53 G 45.0133989347 0
53 H 51.4133667924 0
53 I 43.1679655108 0
53 K 50.9280746968 0
53 L 36.5361671446 0
53 M 57.4327118985 0
53 N 38.3950271583 0
53 P 386.421805763 0
53 Q 37.9565391895 0
53 R 47.9468999276 0
53 S 44.2853017785 0
53 T 45.8378360509 0
53 V 42.1788704397 1
53 W 34.2567355533 0
53 Y 74.9169496875 0
54 A 47.7059784763 0
54 C 50.1872340794 0
54 D 49.1259496301 0
54 E 47.2402866218 0
54 F 47.0598335217 0
54 G 48.8071654781 0
54 H 46.706456023 1
54 I 49.0690683266 0
54 K 46.9663131941 0
54 L 48.8635267824 0
54 M 49.5282622495 0
54 N 49.0298542385 0
54 P 164.092000244 0
54 Q 49.6496813277 0
54 R 47.5763093405 0
54 S 47.5464218141 0
54 T 48.1214597678 0
54 V 48.6714557949 0
54 W 48.1245824571 0
54 Y 47.6501628769 0
55 A 50.9234013212 0
55 C 54.093711684 0
55 D 49.897752447 1
55 E 51.0983445818 0
55 F 54.5658085402 0
55 G 53.4839608719 0
55 H 52.4829881016 0
55 I 53.904020592 0
55 K 51.8833960269 0
55 L 51.7211653245 0
55 M 52.6306955477 0
55 N 52.346994284 0
55 P 160.245217722 0
55 Q 54.2508905841 0
55 R 52.7971454515 0
55 S 51.4843035414 0
55 T 52.8751047313 0
55 V 58.2099417836 0
55 W 48.311994686 0
55 Y 54.631918814 0
56 A 46.6605733625 1
56 C 46.6610913474 1
56 D 46.6605733625 1
56 E 46.6605733625 1
56 F 46.6605733625 1
56 G 46.6605733625 1
56 H 45.4852703579 1
56 I 46.6605733625 1
56 K 45.4852703579 1
56 L 46.6605733625 1
56 M 46.6605733625 1
56 N 45.4852703579 1
56 P 46.6605733625 1
56 Q 46.6610913474 1
56 R 46.6605733625 1
56 S 46.6732900511 1
56 T 45.4852703579 1
56 V 45.4852703579 1
56 W 46.6605733625 1
56 Y 45.4852703579 1
57 A 53.8023833452 0
57 C 55.8676418524 0
57 D 56.8162537296 0
57 E 48.3914774813 0
57 F 191.946299632 0
57 G 57.463370396 0
57 H 93.5983304747 0
57 I 48.4653502284 0
57 K 49.7937211015 0
57 L 47.4496601374 0
57 M 50.5505645093 0
57 N 53.7375074189 0
57 P 270.474700639 0
57 Q 46.5793849042 0
57 R 46.0712256491 0
57 S 55.3658283626 0
57 T 55.5532331131 0
57 V 52.4393621213 1
57 W 79.6842146049 0
57 Y 94.8566536467 0
58 A 56.5125627759 0
58 C 56.8985960126 0
58 D 52.0423725637 0
58 E 56.2651310254 0
58 F 53.3479588982 0
58 G 56.9595628346 0
58 H 55.4584162449 0
58 I 56.1369152128 0
58 K 54.8184301117 0
58 L 51.4290211904 0
58 M 53.9174784779 0
58 N 54.5789726845 1
58 P 374.452188296 0
58 Q 54.88857447 0
58 R 55.5963423456 0
58 S 52.4822389731 0
58 T 55.5753043657 0
58 V 54.9750024452 0
58 W 58.2010989884 0
58 Y 53.6255157957 0
59 A 52.4433502866 0
59 C 52.9241187073 0
59 D 51.643505641 0
59 E 49.7743600812 0
59 F 51.6039697155 0
59 G 54.1559056904 0
59 H 51.1777978185 0
59 I 51.5630616995 1
59 K 49.5832090384 0
59 L 49.4010998526 0
59 M 52.2152931324 0
59 N 51.7745922466 0
59 P 156.592500183 0
59 Q 52.8216658433 0
59 R 51.8137438389 0
59 S 52.1897408945 0
59 T 53.0720039078 0
59 V 52.7356401219 0
59 W 52.9877702388 0
59 Y 51.3784169591 0
60 A 50.5892765159 0
60 C 53.7879924239 0
60 D 57.2094861775 0
60 E 54.4669158923 0
60 F 99.8509056241 0
60 G 50.2782967353 0
60 H 62.5331981435 0
60 I 88.9815518987 0
60 K 65.9934375935 0
60 L 57.4248097144 0
60 M 97.2175023945 0
60 N 51.5849229991 0
60 P 189.991746581 0
60 Q 54.6932751607 0
60 R 74.7036350532 0
60 S 52.2729599124 0
60 T 44.2509744207 1
60 V 50.3229571627 0
60 W 107.2314292 0
60 Y 172.882370218 0
61 A 50.1101950786 0
61 C 49.7294451739 0
61 D 52.7263003106 0
61 E 59.3072658371 0
61 F 239.365483521 0
61 G 53.1902960347 0
61 H 70.2847765218 0
61 I 49.9297805042 1
61 K 52.3235503933 0
61 L 55.6917195065 0
61 M 54.7158799977 0
61 N 49.2836748557 0
61 P 169.104070705 0
61 Q 54.7532785295 0
61 R 52.396585799 0
61 S 51.4727370143 0
61 T 53.8240405741 0
61 V 49.6071773678 0
61 W 60.951604856 0
61 Y 352.432128175 0
62 A 54.1474272878 0
62 C 56.9077772382 0
62 D 55.2217074052 0
62 E 53.62680281 0
62 F 55.5766449507 0
62 G 56.2378785179 0
62 H 55.4660510513 0
62 I 53.7594625155 0
62 K 53.3823546966 1
62 L 51.0946070351 0
62 M 55.6552504461 0
62 N 54.9446465125 0
62 P 288.400573146 0
62 Q 55.980619864 0
62 R 54.468146362 0
62 S 54.6913354464 0
62 T 53.9048387041 0
62 V 55.9894878032 0
62 W 57.6633597145 0
62 Y 55.6425166237 0
63 A 46.5853337776 0
63 C 48.2718790504 0
63 D 44.4814598705 0
63 E 46.1216984044 0
63 F 45.219988065 0
63 G 48.7917893849 0
63 H 43.9795985341 0
63 I 51.9406845504 0
63 K 52.9581868714 0
63 L 57.7829721752 0
63 M 47.9017419395 0
63 N 44.9549844443 0
63 P 365.760701008 0
63 Q 46.7819109401 1
63 R 44.5308253679 0
63 S 47.5842805207 0
63 T 47.7544211117 0
63 V 50.3740063796 0
63 W 40.586324852 0
63 Y 45.4237859802 0
64 A 45.6141504469 0
64 C 46.8114059537 0
64 D 40.1025060626 0
64 E 37.9339549992 0
64 F 49.6057701382 0
64 G 47.7592728134 0
64 H 37.1161582407 1
64 I 47.416833722 0
64 K 43.2849772283 0
64 L 39.2002933411 0
64 M 39.1403487103 0
64 N 35.8762455826 0
64 P 286.797238634 0
64 Q 38.7440869208 0
64 R 41.6422157445 0
64 S 46.8906563076 0
64 T 47.4551029343 0
64 V 47.7820811501 0
64 W 38.0512941161 0
64 Y 106.707170415 0
65 A 48.3601023536 0
65 C 47.0225973234 0
65 D 47.808345881 0
65 E 46.9158557921 0
65 F 45.5094396498 0
65 G 49.6557692622 0
65 H 47.3183280027 0
65 I 43.0759658392 0
65 K 44.6521741955 0
65 L 43.0451140099 0
65 M 49.2744891569 0
65 N 47.0496380062 0
65 P 243.641213563 0
65 Q 47.5496101933 0
65 R 45.0382764005 0
65 S 47.0911429078 0
65 T 44.1627858854 1
65 V 43.0490131507 0
65 W 46.6457502717 0
65 Y 44.9617146628 0
66 A 49.5102699744 0
66 C 52.3797126154 0
66 D 46.9568789835 0
66 E 48.2720313207 0
66 F 50.0962417488 0
66 G 50.9387105868 0
66 H 49.2311733011 0
66 I 50.50425719 0
66 K 48.8903336186 0
66 L 49.4334185327 0
66 M 49.7485255039 0
66 N 50.3746579875 0
66 P 314.095363875 0
66 Q 51.0080651504 0
66 R 49.8437012385 0
66 S 49.9554305406 0
66 T 50.2933464305 0
66 V 49.1140538684 1
66 W 51.0139589777 0
66 Y 50.1480897878 0
67 A 46.795524022 0
67 C 49.6421303313 0
67 D 49.6540522312 0
67 E 50.2582348803 0
67 F 50.1907553061 0
67 G 47.1464672534 0
67 H 48.8545724133 0
67 I 52.0391152709 0
67 K 46.9193195104 0
67 L 48.1247317942 0
67 M 48.9691519581 0
67 N 48.2865798864 0
67 P 86.729801688 0
67 Q 50.4526551712 0
67 R 46.2687972486 0
67 S 46.7446574797 0
67 T 48.1152758325 1
67 V 50.9128669218 0
67 W 50.8190196326 0
67 Y 50.8066509597 0
68 A 49.6657634779 0
68 C 52.5532332402 0
68 D 61.4254190902 0
68 E 53.0339316629 0
68 F 175.445335856 0
68 G 52.6743700379 0
68 H 92.1250655693 0
68 I 51.4409353893 0
68 K 53.1385261279 0
68 L 62.2657172348 0
68 M 48.624400986 0
68 N 54.9141295846 0
68 P 200.349452554 0
68 Q 49.926623334 0
68 R 42.9339230687 0
68 S 48.5910847643 0
68 T 49.8238166863 1
68 V 55.8667383438 0
68 W 109.119164848 0
68 Y 176.288178265 0
69 A 47.4462719484 0
69 C 47.5913354669 0
69 D 48.9089871341 0
69 E 48.7757984858 0
69 F 51.0265601717 0
69 G 49.473653399 0
69 H 43.9232452224 0
69 I 50.5114017598 0
69 K 46.572333519 0
69 L 51.5083032261 0
69 M 49.5483458226 0
69 N 47.2540857996 0
69 P 485.094203826 0
69 Q 49.7166965369 0
69 R 45.5024854052 0
69 S 48.500235772 0
69 T 47.2518017078 1
69 V 57.5476241987 0
69 W 49.3827072771 0
69 Y 51.281461633 0
70 A 50.9575682703 0
70 C 55.6738012839 0
70 D 53.3883844403 0
70 E 51.9011000465 0
70 F 54.2947623171 0
70 G 52.7621574165 0
70 H 52.6242574341 0
70 I 53.4915263055 0
70 K 51.5417649781 0
70 L 52.4409201067 0
70 M 52.6658851099 0
70 N 52.4556029521 0
70 P 277.695645067 0
70 Q 53.0241389217 0
70 R 51.9508133482 0
70 S 51.8100564145 0
70 T 53.1078086226 1
70 V 54.287215009 0
70 W 53.7649560278 0
70 Y 54.3136755089 0
71 A 56.2666362243 0
71 C 57.975586128 0
71 D 55.0564734434 0
71 E 54.9685081557 0
71 F 54.9489174155 0
71 G 55.9752199157 0
71 H 54.3265098486 0
71 I 61.7310986351 0
71 K 54.7127883455 1
71 L 54.324686537 0
71 M 55.9460180812 0
71 N 54.5110158455 0
71 P 157.524337794 0
71 Q 56.3046714988 0
71 R 54.5690534328 0
71 S 55.5967872435 0
71 T 55.9950438547 0
71 V 62.1314770124 0
71 W 55.708921597 0
71 Y 55.2004757029 0
72 A 66.2559828939 0
72 C 70.9546164026 0
72 D 67.3915285069 0
72 E 71.4750305284 0
72 F 70.1612095853 0
72 G 54.2574708436 1
72 H 67.2579136276 0
72 I 85.0223411875 0
72 K 70.6548806451 0
72 L 68.6145965536 0
72 M 72.2883768368 0
72 N 67.0929010387 0
72 P 175.023411281 0
72 Q 72.2000862185 0
72 R 67.7467022409 0
72 S 66.5547172304 0
72 T 77.1604762899 0
72 V 84.4184109893 0
72 W 69.9359537811 0
72 Y 71.9617062847 0
73 A 53.5126089138 0
73 C 54.3114296034 0
73 D 52.8281269877 0
73 E 52.2862027611 1
73 F 58.7734780402 0
73 G 55.1678856456 0
73 H 53.8059106515 0
73 I 57.1518093388 0
73 K 60.0459269181 0
73 L 50.8078144651 0
73 M 55.9146032826 0
73 N 46.6651055422 0
73 P 158.853696463 0
73 Q 56.0224421995 0
73 R 53.263347495 0
73 S 53.9584611389 0
73 T 55.2766823792 0
73 V 55.317580117 0
73 W 48.7945242413 0
73 Y 59.8306666228 0
74 A 54.6594857223 0
74 C 55.5013559361 0
74 D 54.9082860045 0
74 E 53.5351204956 0
74 F 51.9131936394 0
74 G 57.9771687809 0
74 H 52.7024222838 0
74 I 56.5386669352 0
74 K 52.6294834369 0
74 L 52.6292349394 0
74 M 52.1918374865 0
74 N 54.139054059 1
74 P 73.1759860615 0
74 Q 53.9202302871 0
74 R 53.6273416335 0
74 S 52.858652891 0
74 T 56.1843967796 0
74 V 56.2763292734 0
74 W 54.2469002344 0
74 Y 52.0350953287 0
75 A 58.7604396752 0
75 C 52.3273965686 0
75 D 48.6998514066 0
75 E 56.8637404943 0
75 F 40.1461526761 1
75 G 63.309023611 0
75 H 44.6530282155 0
75 I 77.1988811054 0
75 K 51.9730339408 0
75 L 44.66283928 0
75 M 47.1686248355 0
75 N 46.8158092597 0
75 P 52.1628188986 0
75 Q 48.8393620677 0
75 R 58.2982569432 0
75 S 54.7686093147 0
75 T 54.1968249059 0
75 V 55.0743146193 0
75 W 45.4779475846 0
75 Y 42.5029181454 0
76 A 56.0792838653 0
76 C 58.0156300369 0
76 D 53.51916235 0
76 E 56.2960523609 0
76 F 58.0424049215 0
76 G 54.967686245 0
76 H 55.580721547 0
76 I 64.3953987276 0
76 K 55.8123271519 0
76 L 55.8038289611 0
76 M 56.9816547193 0
76 N 56.8480875604 0
76 P 67.2864838806 0
76 Q 57.1939886776 0
76 R 54.7092452512 0
76 S 53.0006916206 0
76 T 53.8543307333 1
76 V 63.7600846707 0
76 W 58.2256379352 0
76 Y 58.3486775958 0
77 A 57.8768477137 0
77 C 61.3663851032 0
77 D 56.3852551929 0
77 E 55.1286376602 1
77 F 58.4526918682 0
77 G 58.6793721746 0
77 H 57.9684175466 0
77 I 58.2110429777 0
77 K 57.3277874529 0
77 L 57.4121941332 0
77 M 58.8662877738 0
77 N 58.0889986226 0
77 P 58.9652660765 0
77 Q 58.635424345 0
77 R 57.4532906259 0
77 S 57.374951216 0
77 T 57.4769150293 0
77 V 58.1747072819 0
77 W 57.4345831118 0
77 Y 60.1883165807 0
78 A 55.4477143402 0
78 C 58.1457545588 0
78 D 54.1438211722 0
78 E 54.5491235322 0
78 F 57.7259612048 0
78 G 56.9870875937 0
78 H 56.1165418593 0
78 I 54.6120668672 0
78 K 54.797634617 0
78 L 53.5078167794 0
78 M 54.5929981679 0
78 N 55.4655867115 0
78 P 75.2040404812 0
78 Q 55.8009827887 0
78 R 51.6585783688 0
78 S 55.2656357218 0
78 T 54.2461671339 1
78 V 54.5229232581 0
78 W 55.2888024928 0
78 Y 57.88698547 0
79 A 53.7746797201 0
79 C 60.1054437108 0
79 D 50.3242977921 1
79 E 55.9084980619 0
79 F 57.1329844878 0
79 G 57.492084697 0
79 H 55.8291052034 0
79 I 59.564469453 0
79 K 60.3837636091 0
79 L 56.9525379639 0
79 M 58.2433743244 0
79 N 60.734952589 0
79 P 113.214925161 0
79 Q 58.3949294692 0
79 R 61.4732872975 0
79 S 54.8910450931 0
79 T 57.6543318711 0
79 V 60.7574647364 0
79 W 65.3477892337 0
79 Y 57.136067508 0
80 A 47.3231392745 0
80 C 48.6372738979 0
80 D 50.5626433275 0
80 E 47.3321127345 0
80 F 67.4197426079 0
80 G 51.5145835136 0
80 H 52.5899165202 0
80 I 44.0732617581 0
80 K 46.8811805617 0
80 L 47.2760041338 0
80 M 45.9000452538 0
80 N 47.0825954839 0
80 P 342.229256334 0
80 Q 46.3173681137 0
80 R 43.2985980043 0
80 S 47.90751708 0
80 T 47.018971508 0
80 V 44.4689682192 1
80 W 54.489079053 0
80 Y 71.8041742578 0
81 A 50.8257997931 0
81 C 54.0339848513 0
81 D 54.8676649478 0
81 E 52.8938630261 0
81 F 51.8506818232 0
81 G 54.663281309 0
81 H 53.8834337272 0
81 I 53.5866186129 0
81 K 50.2865827911 1
81 L 52.1568837177 0
81 M 53.4458111069 0
81 N 54.2268629094 0
81 P 319.556922438 0
81 Q 54.2654939808 0
81 R 52.6327788736 0
81 S 54.309995594 0
81 T 53.9979732633 0
81 V 54.052858568 0
81 W 48.1852799506 0
81 Y 51.7098394374 0
82 A 51.6150471414 0
82 C 51.777714998 0
82 D 54.8571348152 0
82 E 54.0472829766 0
82 F 51.9547643406 0
82 G 55.9750949789 0
82 H 49.5291625691 0
82 I 46.4959830025 0
82 K 50.6898269238 0
82 L 55.2721698699 0
82 M 49.0948357621 1
82 N 51.9021684398 0
82 P 253.363760481 0
82 Q 49.7134918039 0
82 R 50.1101281229 0
82 S 52.4364827838 0
82 T 47.8026312892 0
82 V 47.0563571178 0
82 W 60.4758443418 0
82 Y 51.2869268784 0
83 A 50.1472758812 0
83 C 53.2003327277 0
83 D 52.4942405703 0
83 E 48.625492294 0
83 F 85.5440057133 0
83 G 55.2365959011 0
83 H 64.6229820291 0
83 I 47.4946556471 0
83 K 54.6256110904 0
83 L 46.9529850149 0
83 M 46.1133020873 1
83 N 51.9401927348 0
83 P 329.566211702 0
83 Q 51.1019724182 0
83 R 56.9366750907 0
83 S 52.8314439514 0
83 T 50.3838055111 0
83 V 53.4129485418 0
83 W 125.787352887 0
83 Y 91.5197799154 0
84 A 50.6361256838 0
84 C 53.249944717 0
84 D 55.2425633482 0
84 E 49.4209146586 1
84 F 67.0047968854 0
84 G 53.704870647 0
84 H 69.1574604975 0
84 I 51.2406233753 0
84 K 50.8739612684 0
84 L 53.4208795984 0
84 M 51.1484684696 0
84 N 53.6059587158 0
84 P 410.480068964 0
84 Q 51.6741709389 0
84 R 49.9300156946 0
84 S 52.3498116878 0
84 T 52.8538838415 0
84 V 50.5404820745 0
84 W 77.4469088609 0
84 Y 58.4804458067 0
85 A 49.3006832082 0
85 C 53.0668392445 0
85 D 50.8274957585 0
85 E 51.1388748381 0
85 F 49.8907854436 0
85 G 51.843234316 0
85 H 49.4386229307 0
85 I 53.6431485851 0
85 K 49.4670814955 0
85 L 50.2513748693 0
85 M 49.4669513251 0
85 N 51.3851084891 0
85 P 175.944226708 0
85 Q 51.4070500212 0
85 R 49.4564534902 1
85 S 50.7727103183 0
85 T 53.558692663 0
85 V 80.3341892108 0
85 W 47.67111025 0
85 Y 50.173669322 0
86 A 49.2441410141 0
86 C 55.9659888361 0
86 D 55.9116770588 0
86 E 79.4080773967 0
86 F 120.515934709 0
86 G 55.6932186861 0
86 H 82.290750756 0
86 I 55.1549793182 0
86 K 86.3516053073 0
86 L 63.9724293882 0
86 M 59.9760248413 0
86 N 59.9314476143 0
86 P 128.91538708 0
86 Q 60.2225883447 0
86 R 55.1674297075 0
86 S 54.4355937521 0
86 T 61.1352157877 0
86 V 47.0715408468 1
86 W 214.577115928 0
86 Y 170.377477299 0
87 A 57.0764411015 0
87 C 57.2492319225 0
87 D 61.3344989263 0
87 E 64.345860903 0
87 F 68.0729065737 0
87 G 61.0374107757 0
87 H 66.7793934796 0
87 I 52.7581208702 0
87 K 67.9147373357 0
87 L 107.509713524 0
87 M 64.6450947326 0
87 N 57.8778531538 0
87 P 308.084275581 0
87 Q 63.7603451893 0
87 R 78.6923632375 0
87 S 59.3119766617 0
87 T 60.0628019245 0
87 V 50.217657323 1
87 W 94.2422238427 0
87 Y 75.4855845436 0
88 A 50.8524139768 0
88 C 54.0127365722 0
88 D 60.8607816045 0
88 E 51.5298007058 1
88 F 89.5373991897 0
88 G 52.8604381586 0
88 H 60.1826863677 0
88 I 59.869683826 0
88 K 49.6068569692 0
88 L 53.7352553473 0
88 M 52.2354444849 0
88 N 56.6917288708 0
88 P 202.764239174 0
88 Q 55.5869885388 0
88 R 51.8862456144 0
88 S 52.4244283974 0
88 T 54.3135072425 0
88 V 59.1265755713 0
88 W 80.5236092918 0
88 Y 87.7446399456 0
89 A 54.0024696712 0
89 C 56.0883557965 0
89 D 54.3519283455 0
89 E 51.1709878332 0
89 F 50.5354830801 0
89 G 56.5810621539 0
89 H 49.8083346016 0
89 I 57.3910420549 0
89 K 51.9077080816 0
89 L 50.9315934538 0
89 M 50.53442944 0
89 N 56.2206322901 0
89 P 233.885381288 0
89 Q 52.3931400414 1
89 R 53.2962067765 0
89 S 51.5713313241 0
89 T 51.9154227681 0
89 V 58.1879131463 0
89 W 52.2219609548 0
89 Y 51.9772076689 0
90 A 44.9795075784 0
90 C 47.3381590614 0
90 D 55.871823774 0
90 E 41.4417081135 0
90 F 276.969730135 0
90 G 46.4815804757 0
90 H 105.253498091 0
90 I 60.6355647208 0
90 K 52.2455271232 0
90 L 55.5870301858 0
90 M 37.1783271598 1
90 N 53.8374376065 0
90 P 356.959273507 0
90 Q 39.455268261 0
90 R 55.494266541 0
90 S 47.9492383583 0
90 T 53.8315029678 0
90 V 98.5383535775 0
90 W 101.345311643 0
90 Y 398.519300145 0
91 A 52.7872420885 1
91 C 52.7872420885 1
91 D 52.7878847309 1
91 E 52.7872420885 1
91 F 52.7872420885 1
91 G 52.7872420885 1
91 H 52.7878847309 1
91 I 52.7872420885 1
91 K 52.7872420885 1
91 L 52.7872420885 1
91 M 52.7878847309 1
91 N 52.7872420885 1
91 P 52.7872420885 1
91 Q 52.7872420885 1
91 R 52.7872420885 1
91 S 52.7878847309 1
91 T 52.7872420885 1
91 V 52.7878847309 1
91 W 52.7878847309 1
91 Y 52.7878847309 1
92 A 39.9679156994 0
92 C 40.4568838081 0
92 D 42.4141461498 0
92 E 39.6160239665 0
92 F 62.6123166516 0
92 G 44.2268872197 0
92 H 54.262104906 0
92 I 40.2872403921 0
92 K 54.1196910338 0
92 L 37.7201349756 0
92 M 78.0360249221 0
92 N 38.319051266 0
92 P 104.910356423 0
92 Q 43.2039351084 0
92 R 60.6099619171 0
92 S 40.7630696492 0
92 T 37.9220386378 0
92 V 35.9971979767 1
92 W 287.156323705 0
92 Y 87.3993696918 0
93 A 38.9535434693 0
93 C 43.5309231826 0
93 D 40.77130436 0
93 E 40.5800338673 0
93 F 42.027756798 0
93 G 42.9147125705 0
93 H 43.1833665014 0
93 I 45.603745062 0
93 K 38.1990359288 0
93 L 38.012385913 0
93 M 41.7300271518 0
93 N 39.7519642549 0
93 P 451.22908157 0
93 Q 42.4767254455 0
93 R 36.0816953627 0
93 S 40.2205843868 0
93 T 38.5949731935 1
93 V 43.482680655 0
93 W 39.815182776 0
93 Y 41.8573279339 0
94 A 39.2450346485 0
94 C 38.4686887373 0
94 D 39.0350714585 0
94 E 38.5354106177 0
94 F 39.0868208062 0
94 G 29.4015898658 0
94 H 36.4723519015 0
94 I 33.4659304708 0
94 K 37.632646159 0
94 L 43.7516639652 0
94 M 32.1325854529 0
94 N 39.5098303423 0
94 P 184.470071007 0
94 Q 39.6632250704 1
94 R 34.0241857352 0
94 S 37.4710041765 0
94 T 38.3651382331 0
94 V 43.3082486806 0
94 W 39.1573068332 0
94 Y 39.1512743471 0
95 A 34.2951139093 0
95 C 35.6758890137 0
95 D 35.1117752123 0
95 E 27.0670171465 0
95 F 30.1194499672 0
95 G 38.0142430446 0
95 H 32.6209649416 0
95 I 25.0645261937 0
95 K 36.732895987 0
95 L 26.0155684704 0
95 M 24.4100770507 0
95 N 30.0644640889 0
95 P 72.4254227321 0
95 Q 29.5442316661 0
95 R 25.7389931325 0
95 S 33.2405016663 0
95 T 35.3865022857 0
95 V 34.5900493768 0
95 W 34.1387387011 0
95 Y 33.7869458581 1
96 A 33.4520003708 0
96 C 51.4574675882 0
96 D 37.5359084817 0
96 E 35.1361617787 0
96 F 68.5364355537 0
96 G 35.3793240194 0
96 H 43.4750767849 0
96 I 35.3975974211 0
96 K 33.1734292854 0
96 L 67.220372043 0
96 M 32.7035368151 0
96 N 33.9091898135 0
96 P 480.778536221 0
96 Q 35.4132666298 1
96 R 30.8558950039 0
96 S 33.9449739683 0
96 T 37.0410297137 0
96 V 37.4636910213 0
96 W 39.0380939684 0
96 Y 72.1324039735 0
97 A 38.6005437671 0
97 C 40.2105275565 0
97 D 38.2141457103 0
97 E 37.2728950895 0
97 F 38.6079102824 0
97 G 39.1069536278 0
97 H 39.6914371966 0
97 I 39.0736054665 0
97 K 35.4258617691 1
97 L 36.4954700663 0
97 M 37.0026022512 0
97 N 38.3752329176 0
97 P 115.195191413 0
97 Q 37.9131218288 0
97 R 38.5777074783 0
97 S 37.2002766883 0
97 T 37.1716241194 0
97 V 39.2746686447 0
97 W 39.0385480155 0
97 Y 37.7258420321 0
98 A 37.4794435901 0
98 C 38.3633051364 0
98 D 34.3018366913 0
98 E 36.8812287728 1
98 F 32.3435989181 0
98 G 40.0849965776 0
98 H 35.2424657216 0
98 I 34.6333979977 0
98 K 36.3470846941 0
98 L 34.6896409202 0
98 M 37.8891754057 0
98 N 36.6140722491 0
98 P 121.81664426 0
98 Q 38.8440426492 0
98 R 31.6639152255 0
98 S 36.3868864495 0
98 T 36.5566777761 0
98 V 34.8357524367 0
98 W 38.7851600751 0
98 Y 31.6819879977 0
99 A 34.0501272011 0
99 C 107.086892696 0
99 D 37.875992334 0
99 E 37.9110772145 0
99 F 189.686996608 0
99 G 36.124309911 0
99 H 50.8502333658 0
99 I 106.586908938 0
99 K 47.2757362415 0
99 L 37.2368629897 0
99 M 34.0573921802 0
99 N 36.5317646066 0
99 P 141.366356044 0
99 Q 37.9811493185 0
99 R 35.9866410678 0
99 S 36.2132576506 1
99 T 40.4717531754 0
99 V 118.951841472 0
99 W 240.677000939 0
99 Y 70.2443268401 0
100 A 36.8344451194 0
100 C 40.3260946562 0
100 D 36.8669405102 0
100 E 36.9230491201 0
100 F 37.0147989953 0
100 G 38.1086649662 0
100 H 36.8511651281 0
100 I 38.2581788803 0
100 K 36.5616151561 0
100 L 37.4408229301 0
100 M 38.2047787739 0
100 N 40.3684916719 0
100 P 332.216032716 0
100 Q 38.8977898598 1
100 R 36.2081705716 0
100 S 36.8806645644 0
100 T 39.5692140657 0
100 V 38.2665821519 0
100 W 35.3465513938 0
100 Y 36.870479328 0
101 A 48.6075059588 1
101 C 51.3395338223 0
101 D 48.9730507643 0
101 E 46.9038879144 0
101 F 47.9965825516 0
101 G 47.9387938303 0
101 H 46.432160725 0
101 I 47.7658192152 0
101 K 46.2998207799 0
101 L 47.0191532036 0
101 M 46.5634071502 0
101 N 48.926806517 0
101 P 188.553064855 0
101 Q 47.8146922363 0
101 R 43.8683959416 0
101 S 46.6433642143 0
101 T 47.4446179325 0
101 V 50.3466643781 0
101 W 48.354150753 0
101 Y 47.9379609154 0
102 A 43.2695356607 0
102 C 43.6236085501 0
102 D 38.224726181 0
102 E 38.9704672769 0
102 F 40.1105133654 0
102 G 51.0953786143 0
102 H 38.8543497985 0
102 I 37.493769743 0
102 K 43.3305627592 0
102 L 36.7210838482 0
102 M 38.8819492492 0
102 N 40.1597519513 0
102 P 125.476505013 0
102 Q 40.6639387528 0
102 R 29.9858200803 0
102 S 45.3190297309 0
102 T 41.6606766475 0
102 V 49.8440339452 0
102 W 37.8600809573 0
102 Y 36.0303897449 1
103 A 46.516216527 0
103 C 45.460828268 0
103 D 48.9355874238 0
103 E 53.7622964095 0
103 F 48.3403878465 0
103 G 47.8039061114 0
103 H 45.4771117406 0
103 I 62.8306690884 0
103 K 50.9142155831 0
103 L 52.8798972015 0
103 M 48.0220726505 0
103 N 45.054193528 0
103 P 196.939774218 0
103 Q 53.8497947784 0
103 R 45.7957241388 0
103 S 46.285542196 0
103 T 59.9017644811 0
103 V 54.6542093644 0
103 W 44.4884444911 0
103 Y 47.1937976294 1
