1 A -242.957942019 1
1 C -240.02998105 0
1 D -244.462484951 0
1 E -242.765171037 0
1 F -241.380761287 0
1 G -242.522777086 0
1 H -243.748559224 0
1 I -238.896341442 0
1 K -242.489072061 0
1 L -242.966033073 0
1 M -241.829126912 0
1 N -242.940912335 0
1 P -238.763538654 0
1 Q -240.796723523 0
1 R -242.05115934 0
1 S -243.123976498 0
1 T -239.728277639 0
1 V -239.422247465 0
1 W -241.401421341 0
1 Y -240.903561384 0
2 A -243.783313003 0
2 C -242.727788909 0
2 D -242.899090255 0
2 E -244.490356958 0
2 F -245.539157668 0
2 G -240.658131747 0
2 H -245.524744706 0
2 I -248.411843636 0
2 K -245.269607804 0
2 L -244.016875743 0
2 M -244.2636478 0
2 N -244.571428757 0
2 P -234.749933243 0
2 Q -242.574638017 0
2 R -245.856628135 0
2 S -244.543675734 0
2 T -246.659633601 1
2 V -248.636711716 0
2 W -243.942875953 0
2 Y -245.595233416 0
3 A -238.475892553 0
3 C -238.553030933 0
3 D -235.621275156 0
3 E -236.896755741 0
3 F -246.578174173 1
3 G -234.927430888 0
3 H -243.038018208 0
3 I -156.256981157 0
3 K -240.263787139 0
3 L -240.475172363 0
3 M -239.75124274 0
3 N -239.525104631 0
3 P -192.558320171 0
3 Q -238.182640301 0
3 R -241.247943596 0
3 S -237.504461631 0
3 T -238.544514861 0
3 V -228.672062356 0
3 W -245.676740994 0
3 Y -245.348095238 0
4 A -246.22928665 0
4 C -244.976610044 0
4 D -244.757842614 0
4 E -246.06970187 0
4 F -245.981735421 0
4 G -241.931645639 0
4 H -246.661781133 0
4 I -248.861782867 0
4 K -246.285308334 1
4 L -246.940983171 0
4 M -246.267358169 0
4 N -246.1402827 0
4 P -238.553342617 0
4 Q -244.59214673 0
4 R -247.228453201 0
4 S -245.930221082 0
4 T -246.581648934 0
4 V -248.800578562 0
4 W -244.044093217 0
4 Y -245.179603808 0
5 A -242.30818202 0
5 C -243.964160641 0
5 D -240.720487809 0
5 E -237.98367649 0
5 F -218.534751323 0
5 G -235.982413517 0
5 H -234.207508652 0
5 I -247.11169411 0
5 K -222.410803634 0
5 L -243.265004371 0
5 M -233.478600022 0
5 N -244.466603302 0
5 P -130.917815462 0
5 Q -236.777719276 0
5 R -217.901834964 0
5 S -242.448707512 0
5 T -246.851511808 0
5 V -252.438726282 1
5 W -227.552079127 0
5 Y -190.219934856 0
6 A -248.932813463 0
6 C -248.041827809 0
6 D -245.901402548 0
6 E -249.512091509 0
6 F -242.998963021 0
6 G -244.29174537 0
6 H -244.795169125 0
6 I -252.521694066 0
6 K -246.712142924 0
6 L -248.342404388 0
6 M -249.531972634 0
6 N -247.201802141 0
6 P -84.3119175998 0
6 Q -247.681556187 0
6 R -250.147933769 0
6 S -247.440880284 0
6 T -249.546971823 1
6 V -253.195970927 0
6 W -242.252409905 0
6 Y -241.885869914 0
7 A -237.357481832 0
7 C -238.333556638 0
7 D -238.19134783 0
7 E -240.694145517 0
7 F -235.842403897 0
7 G -233.694254575 0
7 H -241.504380101 0
7 I -240.890538577 0
7 K -235.050098048 0
7 L -247.609496598 1
7 M -243.72140901 0
7 N -239.458770357 0
7 P -151.505609716 0
7 Q -238.039135322 0
7 R -223.674068649 0
7 S -237.435484627 0
7 T -236.618291345 0
7 V -230.795503574 0
7 W -222.71122134 0
7 Y -223.75139267 0
8 A -240.764266654 0
8 C -241.235131268 0
8 D -240.222185705 0
8 E -243.774360926 0
8 F -233.646948193 0
8 G -236.500004251 0
8 H -241.514553514 0
8 I -247.817370845 1
8 K -241.603550495 0
8 L -245.02079015 0
8 M -242.581350918 0
8 N -242.182178927 0
8 P -152.025307332 0
8 Q -242.804187077 0
8 R -243.562648147 0
8 S -241.403760661 0
8 T -242.666523683 0
8 V -246.674162588 0
8 W -236.468036039 0
8 Y -232.971753389 0
9 A -244.332279355 0
9 C -244.421771376 0
9 D -245.594938672 0
9 E -244.216175736 0
9 F -243.810512082 0
9 G -238.036539774 0
9 H -241.572903055 0
9 I -248.813853507 0
9 K -241.363363554 0
9 L -238.613006576 0
9 M -242.746754339 0
9 N -249.010826036 1
9 P -154.415559765 0
9 Q -243.264900452 0
9 R -242.343191415 0
9 S -243.734936155 0
9 T -245.981355574 0
9 V -248.424231103 0
9 W -243.714739311 0
9 Y -242.098195375 0
10 A -247.273349469 0
10 C -245.357310602 0
10 D -248.701116215 0
10 E -249.619665753 1
10 F -244.056790698 0
10 G -245.872768761 0
10 H -245.757208629 0
10 I -246.267028671 0
10 K -247.176548997 0
10 L -246.53442846 0
10 M -248.037670724 0
10 N -245.90931915 0
10 P -247.606488404 0
10 Q -247.041655495 0
10 R -246.864808854 0
10 S -248.045952185 0
10 T -248.987205092 0
10 V -246.882367807 0
10 W -244.722553142 0
10 Y -244.2879265 0
11 A -246.733245599 1
11 C -243.321116085 0
11 D -247.509979476 0
11 E -247.118891357 0
11 F -247.640075005 0
11 G -245.195981452 0
11 H -249.499580487 0
11 I -245.319192737 0
11 K -249.263494391 0
11 L -247.311770658 0
11 M -246.620769523 0
11 N -247.067826703 0
11 P -231.81860053 0
11 Q -245.715386595 0
11 R -251.315945022 0
11 S -246.663458524 0
11 T -245.354978495 0
11 V -245.153014537 0
11 W -249.154826774 0
11 Y -248.04130936 0
12 A -245.239268708 0
12 C -242.838963752 0
12 D -246.022174198 0
12 E -248.047771253 1
12 F -242.663118794 0
12 G -242.78772523 0
12 H -245.292727252 0
12 I -241.899196433 0
12 K -246.00883839 0
12 L -244.663403464 0
12 M -244.424180179 0
12 N -244.944679297 0
12 P -215.817338434 0
12 Q -244.803641426 0
12 R -244.78932888 0
12 S -244.607583804 0
12 T -244.32794618 0
12 V -232.886819554 0
12 W -243.85425861 0
12 Y -242.376257662 0
13 A -240.592907343 0
13 C -239.962780677 0
13 D -242.7321371 0
13 E -238.762077219 0
13 F -240.765335701 0
13 G -246.916066934 1
13 H -242.941351388 0
13 I -214.049499125 0
13 K -243.53836412 0
13 L -241.973980164 0
13 M -236.866491934 0
13 N -244.246006216 0
13 P -157.640181708 0
13 Q -240.586920683 0
13 R -242.526969132 0
13 S -240.503097379 0
13 T -229.571994545 0
13 V -211.432373109 0
13 W -238.649155861 0
13 Y -240.692059672 0
14 A -247.420253475 0
14 C -246.402946631 0
14 D -245.062547246 0
14 E -247.443455888 0
14 F -245.936124541 0
14 G -245.703244139 0
14 H -247.056065654 0
14 I -244.399247461 0
14 K -248.869068974 0
14 L -249.348881473 0
14 M -247.594424226 0
14 N -248.085105093 0
14 P -134.602210781 0
14 Q -248.531164287 0
14 R -248.287818712 0
14 S -248.075119982 0
14 T -248.758234498 1
14 V -244.851831165 0
14 W -245.997199335 0
14 Y -245.25635626 0
15 A -245.23054772 0
15 C -244.760180626 0
15 D -241.115292263 0
15 E -245.91250669 0
15 F -243.344850475 0
15 G -242.127923449 0
15 H -243.980614676 0
15 I -247.876541449 0
15 K -246.82734928 1
15 L -247.197000435 0
15 M -247.247160908 0
15 N -244.376194514 0
15 P -228.129081091 0
15 Q -247.424784258 0
15 R -247.361643288 0
15 S -246.275840595 0
15 T -246.39280741 0
15 V -248.42891047 0
15 W -242.844461587 0
15 Y -243.290164505 0
16 A -245.111021209 0
16 C -242.251696098 0
16 D -242.413110547 0
16 E -241.638353645 0
16 F -245.879538457 0
16 G -241.788746061 0
16 H -245.408728865 1
16 I -239.873621291 0
16 K -236.388867664 0
16 L -236.656758233 0
16 M -242.405572598 0
16 N -244.132088265 0
16 P -123.068256284 0
16 Q -240.653299691 0
16 R -243.212693053 0
16 S -243.768641065 0
16 T -242.303524773 0
16 V -244.475001482 0
16 W -239.874289318 0
16 Y -245.472344346 0
17 A -248.07603126 0
17 C -248.523559287 0
17 D -251.02045901 0
17 E -250.786861522 1
17 F -249.059256634 0
17 G -243.629468824 0
17 H -248.421224394 0
17 I -252.280570321 0
17 K -250.052954687 0
17 L -249.773130458 0
17 M -249.345586465 0
17 N -249.216970098 0
17 P -233.079270032 0
17 Q -249.447268674 0
17 R -249.574245441 0
17 S -248.983522771 0
17 T -250.452839794 0
17 V -252.574416562 0
17 W -238.215932619 0
17 Y -248.994225391 0
18 A -241.326586948 0
18 C -243.5438618 0
18 D -239.177281456 0
18 E -240.213670311 0
18 F -223.728131959 0
18 G -239.523780904 0
18 H -229.600709373 0
18 I -252.866277137 1
18 K -231.940775322 0
18 L -244.176455529 0
18 M -243.754764567 0
18 N -240.345525778 0
18 P -216.467966203 0
18 Q -240.595647217 0
18 R -229.669900727 0
18 S -243.561467593 0
18 T -246.599545928 0
18 V -249.949782385 0
18 W -185.288044332 0
18 Y -220.178052854 0
19 A -248.306893329 0
19 C -246.849683303 0
19 D -248.924992922 0
19 E -250.005988062 1
19 F -249.214640688 0
19 G -245.089349342 0
19 H -249.408635105 0
19 I -250.647961251 0
19 K -249.885651499 0
19 L -251.80986563 0
19 M -250.49211675 0
19 N -249.84249131 0
19 P -235.221540234 0
19 Q -248.61883157 0
19 R -248.623504818 0
19 S -249.087984215 0
19 T -247.883813577 0
19 V -249.624555168 0
19 W -251.774391987 0
19 Y -249.42142953 0
20 A -238.290132496 0
20 C -242.695458111 0
20 D -242.139549307 0
20 E -224.960260717 0
20 F -216.489220698 0
20 G -230.5840942 0
20 H -69.7612516481 0
20 I -232.688341745 0
20 K -17.6115746742 0
20 L -223.442613774 0
20 M -104.468157761 0
20 N -243.940164322 0
20 P -154.807511959 0
20 Q -213.563616402 0
20 R 1.91860011947 0
20 S -243.18385502 0
20 T -248.890371932 0
20 V -253.765562664 1
20 W 420.662258229 0
20 Y -203.001597614 0
21 A -244.944275239 0
21 C -241.195027854 0
21 D -242.149938307 0
21 E -240.377121091 0
21 F -241.889965101 0
21 G -244.470957342 0
21 H -243.301213402 0
21 I -231.005970388 0
21 K -243.792604249 0
21 L -243.097959513 0
21 M -241.70436087 0
21 N -243.152276751 0
21 P -247.697733833 1
21 Q -241.72561515 0
21 R -244.776994807 0
21 S -244.49879507 0
21 T -240.286457436 0
21 V -234.170075138 0
21 W -243.025072444 0
21 Y -241.790084942 0
22 A -245.166400602 0
22 C -242.700471881 0
22 D -246.51816862 1
22 E -245.984880864 0
22 F -172.294677597 0
22 G -244.014670029 0
22 H -242.374797889 0
22 I -241.524574274 0
22 K -243.183729227 0
22 L -215.542800046 0
22 M -242.477867347 0
22 N -243.818259833 0
22 P -47.1966988953 0
22 Q -239.429820379 0
22 R -242.57843583 0
22 S -245.124386725 0
22 T -230.774303653 0
22 V -242.439880936 0
22 W -89.056992271 0
22 Y -186.057311658 0
23 A -248.68086398 0
23 C -248.536945959 0
23 D -250.499877917 1
23 E -249.896049743 0
23 F -251.188029468 0
23 G -248.547509438 0
23 H -251.107464684 0
23 I -250.156602759 0
23 K -250.580522581 0
23 L -250.087176174 0
23 M -248.771052607 0
23 N -251.221073754 0
23 P -224.415844427 0
23 Q -249.189562665 0
23 R -251.034676966 0
23 S -250.133468693 0
23 T -250.848206556 0
23 V -250.528406883 0
23 W -248.603466736 0
23 Y -250.518460924 0
24 A -251.823234372 0
24 C -251.000430197 0
24 D -247.712312409 0
24 E -250.561324769 1
24 F -241.618212039 0
24 G -248.149566768 0
24 H -248.363112718 0
24 I -252.636748758 0
24 K -253.205979398 0
24 L -252.931013459 0
24 M -253.009566806 0
24 N -249.653252664 0
24 P -113.005352821 0
24 Q -252.873735062 0
24 R -253.145706523 0
24 S -252.161254008 0
24 T -253.823641115 0
24 V -254.228070714 0
24 W -246.443740574 0
24 Y -241.925105877 0
25 A -247.751213385 0
25 C -246.477371813 0
25 D -242.459612136 0
25 E -245.048288061 0
25 F -248.938072733 0
25 G -244.567614686 0
25 H -246.528417363 0
25 I -240.185443745 0
25 K -243.854185669 0
25 L -238.075638735 0
25 M -243.085998963 0
25 N -247.665881017 0
25 P -245.943949276 0
25 Q -245.333613515 0
25 R -246.784054113 0
25 S -246.551709285 0
25 T -246.612925225 0
25 V -243.8427091 0
25 W -247.406670589 0
25 Y -249.940025992 1
26 A -242.061887095 0
26 C -241.789611424 0
26 D -242.579898067 0
26 E -245.635681903 0
26 F -184.559708161 0
26 G -239.628361637 0
26 H -237.765588009 0
26 I -251.077670839 1
26 K -239.246134727 0
26 L -247.05209388 0
26 M -249.078054336 0
26 N -243.589432739 0
26 P -119.038855363 0
26 Q -245.47208289 0
26 R -242.602286841 0
26 S -242.271163371 0
26 T -245.128767862 0
26 V -247.752073999 0
26 W -226.989772024 0
26 Y -219.722361444 0
27 A -245.035355508 0
27 C -243.464428906 0
27 D -240.559005153 0
27 E -242.805390355 0
27 F -234.638324603 0
27 G -242.064153014 0
27 H -243.558733329 0
27 I -244.855220679 0
27 K -237.831849506 0
27 L -251.806088404 1
27 M -246.782163697 0
27 N -242.921361275 0
27 P -78.7365205676 0
27 Q -244.745369273 0
27 R -227.01219885 0
27 S -243.824907159 0
27 T -243.886563616 0
27 V -242.180996535 0
27 W -169.635162762 0
27 Y -189.039801142 0
28 A -249.599016833 0
28 C -247.209398786 0
28 D -251.181292341 1
28 E -251.247327942 0
28 F -249.434681268 0
28 G -247.721514465 0
28 H -249.225949931 0
28 I -250.56548163 0
28 K -249.730427356 0
28 L -249.655115496 0
28 M -249.192695886 0
28 N -248.44776298 0
28 P -189.194369461 0
28 Q -249.650632951 0
28 R -250.226735863 0
28 S -249.765153284 0
28 T -250.108182501 0
28 V -250.585870569 0
28 W -247.600965652 0
28 Y -248.737521079 0
29 A -253.303817935 1
29 C -243.186799483 0
29 D -241.093666764 0
29 E -230.419947222 0
29 F 138.524246658 0
29 G -249.917502962 0
29 H 55.6452398242 0
29 I -222.315302419 0
29 K -219.969670973 0
29 L -219.703471643 0
29 M -233.872737988 0
29 N -244.234168648 0
29 P -127.188622021 0
29 Q -234.276619343 0
29 R -233.999003709 0
29 S -248.538610755 0
29 T -246.341534273 0
29 V -247.723284312 0
29 W 71.8157290677 0
29 Y 118.99659593 0
30 A -250.08868254 1
30 C -240.002342063 0
30 D -238.178173882 0
30 E -224.730168714 0
30 F -206.585266695 0
30 G -244.753895793 0
30 H -214.528167263 0
30 I -213.155512415 0
30 K -145.435444895 0
30 L -67.0322174662 0
30 M -189.541711392 0
30 N -236.447471754 0
30 P -16.7281278866 0
30 Q -225.819266814 0
30 R -231.152331382 0
30 S -246.165282735 0
30 T -228.650325468 0
30 V -216.627965228 0
30 W -172.188827949 0
30 Y -205.5116056 0
31 A -243.420811467 0
31 C -242.291137734 0
31 D -241.694858322 0
31 E -247.106092777 1
31 F -241.909944011 0
31 G -240.226771197 0
31 H -243.914151126 0
31 I -245.454536666 0
31 K -243.879859634 0
31 L -246.068445226 0
31 M -244.972952564 0
31 N -243.076427788 0
31 P -61.902679376 0
31 Q -244.523680348 0
31 R -242.501369594 0
31 S -242.545249338 0
31 T -242.784532678 0
31 V -243.269030022 0
31 W -242.837134171 0
31 Y -241.666539012 0
32 A -246.157377669 0
32 C -243.165228222 0
32 D -244.270208916 0
32 E -245.760941399 1
32 F -243.539572476 0
32 G -243.541600224 0
32 H -245.367149423 0
32 I -244.809348415 0
32 K -248.868553567 0
32 L -246.550540842 0
32 M -244.808422491 0
32 N -245.969485288 0
32 P -11.8741803616 0
32 Q -244.715262428 0
32 R -246.558475358 0
32 S -245.51678127 0
32 T -244.817158785 0
32 V -244.103949294 0
32 W -243.838747277 0
32 Y -243.803137666 0
33 A -239.6054974 0
33 C -240.249192998 0
33 D -240.817715021 0
33 E -241.638079538 0
33 F -240.311688654 0
33 G -237.856047511 0
33 H -243.458183966 0
33 I -229.697089015 0
33 K -241.684092323 0
33 L -238.195601747 0
33 M -241.339027184 0
33 N -242.252121084 0
33 P -26.9003239585 0
33 Q -249.263167234 1
33 R -240.837694216 0
33 S -240.79451165 0
33 T -239.374041574 0
33 V -230.672286253 0
33 W -242.091988149 0
33 Y -239.939585604 0
34 A -235.675241032 0
34 C -231.403813058 0
34 D -235.607736756 0
34 E -232.838189019 0
34 F -233.130818579 0
34 G -245.032385021 1
34 H -235.55569287 0
34 I -206.297835197 0
34 K -236.951678488 0
34 L -235.020005551 0
34 M -227.437669226 0
34 N -238.167070722 0
34 P -153.858324221 0
34 Q -234.60786251 0
34 R -230.877744792 0
34 S -234.102856119 0
34 T -215.782386957 0
34 V -206.479269965 0
34 W -233.190369269 0
34 Y -234.261568313 0
35 A -243.501969901 0
35 C -244.43715945 0
35 D -244.157918736 0
35 E -243.717064277 0
35 F -247.947559354 0
35 G -234.337666277 0
35 H -247.460395759 0
35 I -249.135740308 0
35 K -246.079191624 0
35 L -237.68262176 0
35 M -245.008067895 0
35 N -247.552194307 0
35 P -110.118315782 0
35 Q -242.222668672 0
35 R -248.591966425 0
35 S -243.780331066 0
35 T -246.004673773 0
35 V -249.491596504 0
35 W -234.440319244 0
35 Y -249.871548053 1
36 A -241.559086738 0
36 C -240.557495868 0
36 D -243.08551494 1
36 E -244.050071767 0
36 F -244.04696941 0
36 G -240.322188062 0
36 H -244.086886763 0
36 I -244.394832681 0
36 K -243.876849088 0
36 L -244.536767655 0
36 M -245.527002844 0
36 N -242.811284646 0
36 P -241.55481758 0
36 Q -242.268644421 0
36 R -243.415561149 0
36 S -242.89815132 0
36 T -243.289704946 0
36 V -243.917213533 0
36 W -244.544032726 0
36 Y -244.022761057 0
37 A -234.181722125 0
37 C -232.241077662 0
37 D -234.067197916 0
37 E -238.235034877 0
37 F -204.530433469 0
37 G -232.955222263 0
37 H -234.616269682 0
37 I -238.025011563 0
37 K -239.077714198 0
37 L -243.41229068 1
37 M -239.995754529 0
37 N -235.712594583 0
37 P -190.885001529 0
37 Q -240.566613189 0
37 R -234.920104244 0
37 S -234.936418238 0
37 T -233.192596744 0
37 V -236.766642749 0
37 W -229.28275594 0
37 Y -224.114121072 0
38 A -240.502955086 0
38 C -238.490883859 0
38 D -242.104986132 0
38 E -240.999122224 0
38 F -237.216029778 0
38 G -238.249403769 0
38 H -239.579992185 0
38 I -228.117707059 0
38 K -240.437695504 0
38 L -241.095881388 0
38 M -240.284034545 0
38 N -240.119323108 0
38 P -243.654059366 1
38 Q -239.189229452 0
38 R -241.160988097 0
38 S -241.060349581 0
38 T -239.501822415 0
38 V -238.299511558 0
38 W -239.780836466 0
38 Y -236.392223133 0
39 A -243.119198344 0
39 C -242.017827099 0
39 D -244.209992645 0
39 E -236.731056123 0
39 F -245.250029729 1
39 G -239.647238406 0
39 H -244.163143148 0
39 I -232.100244287 0
39 K -239.828426124 0
39 L -190.429184777 0
39 M -239.892751926 0
39 N -242.760403168 0
39 P -191.949337913 0
39 Q -237.155418554 0
39 R -241.134263559 0
39 S -243.248715276 0
39 T -241.709902433 0
39 V -239.707567009 0
39 W -241.246808907 0
39 Y -244.567185816 0
40 A -240.142299898 0
40 C -237.658233932 0
40 D -245.637565293 0
40 E -243.765501786 0
40 F -241.394439896 0
40 G -243.687865439 0
40 H -243.352911117 0
40 I -235.172582792 0
40 K -244.166866348 0
40 L -244.145488883 0
40 M -236.908806771 0
40 N -240.511129675 0
40 P -201.271677266 0
40 Q -241.17152613 0
40 R -243.036242473 0
40 S -244.57577061 1
40 T -245.054368042 0
40 V -238.803572299 0
40 W -238.532497339 0
40 Y -243.438721182 0
41 A -244.500807226 0
41 C -244.353906431 1
41 D -245.170886292 0
41 E -245.347927248 0
41 F -241.695703374 0
41 G -242.785893776 0
41 H -244.156559069 0
41 I -241.41248418 0
41 K -246.53344681 0
41 L -246.309457797 0
41 M -245.663716389 0
41 N -244.308625453 0
41 P -225.742610399 0
41 Q -244.260478967 0
41 R -245.441576423 0
41 S -245.445096017 0
41 T -244.876131253 0
41 V -242.692210145 0
41 W -241.828986164 0
41 Y -241.417598406 0
42 A -236.672944319 0
42 C -236.003059293 0
42 D -237.692480546 0
42 E -238.476407257 0
42 F -237.90408429 0
42 G -235.895697164 0
42 H -234.053760532 0
42 I -222.600326481 0
42 K -241.798910355 0
42 L -236.874421241 0
42 M -237.674605439 0
42 N -239.526095473 0
42 P -166.677113916 0
42 Q -239.097050721 0
42 R -244.670266925 1
42 S -237.111118553 0
42 T -234.271103703 0
42 V -224.495957446 0
42 W -218.763701243 0
42 Y -237.441729006 0
43 A -243.907345375 1
43 C -241.129227893 0
43 D -242.825630334 0
43 E -240.591418231 0
43 F -240.034722524 0
43 G -241.763811674 0
43 H -242.513903199 0
43 I -239.992428882 0
43 K -240.193521875 0
43 L -237.977650391 0
43 M -238.716708323 0
43 N -244.239895792 0
43 P 165.847149746 0
43 Q -236.315888682 0
43 R -244.318948474 0
43 S -244.501226959 0
43 T -231.50917404 0
43 V -236.025699875 0
43 W -233.86010536 0
43 Y -239.950557552 0
44 A -177.400674971 0
44 C -154.347481268 0
44 D 214.174546785 0
44 E -36.3240900102 0
44 F 71.0771959255 0
44 G -244.676999447 1
44 H 141.272802406 0
44 I 281.408796326 0
44 K 46.6264824747 0
44 L 82.7683137939 0
44 M 130.241520135 0
44 N -118.06404616 0
44 P -136.853419055 0
44 Q -31.0550171228 0
44 R 49.9028852604 0
44 S -185.492468564 0
44 T -133.931414225 0
44 V -73.3561106621 0
44 W 119.834723733 0
44 Y 84.6696732998 0
45 A -243.058940066 1
45 C -242.373915809 0
45 D -242.331797608 0
45 E -243.235923108 0
45 F -239.731932832 0
45 G -241.774901387 0
45 H -242.372920588 0
45 I -243.640944445 0
45 K -243.4180456 0
45 L -240.535514979 0
45 M -241.549357489 0
45 N -244.468821387 0
45 P -117.372549539 0
45 Q -242.2859181 0
45 R -243.423636464 0
45 S -244.32528017 0
45 T -244.524579603 0
45 V -243.635324475 0
45 W -234.155530427 0
45 Y -238.604701992 0
46 A -244.984085954 0
46 C -243.216929665 1
46 D -248.332648089 0
46 E -243.043601152 0
46 F -238.163571687 0
46 G -241.210532273 0
46 H -245.828419334 0
46 I -238.815120372 0
46 K -241.396985532 0
46 L -239.904641289 0
46 M -242.078302874 0
46 N -247.809046677 0
46 P -206.791373033 0
46 Q -242.415757606 0
46 R -244.081667219 0
46 S -245.135431242 0
46 T -242.929911479 0
46 V -240.428441307 0
46 W -239.314426182 0
46 Y -237.993722526 0
47 A -244.206730291 0
47 C -240.408991865 0
47 D -242.486181296 0
47 E -241.650497572 0
47 F -240.408938237 0
47 G -242.504063258 0
47 H -241.546146435 0
47 I -232.251210414 0
47 K -236.166187952 0
47 L -222.192198693 0
47 M -240.802548359 0
47 N -239.989473499 0
47 P -238.991690329 0
47 Q -239.513354256 0
47 R -188.790851347 0
47 S -245.908265921 1
47 T -237.779160777 0
47 V -238.496559684 0
47 W -240.565162626 0
47 Y -233.601021889 0
48 A -244.657522859 0
48 C -241.545098011 0
48 D -242.325166957 0
48 E -241.768805224 0
48 F -240.366571449 0
48 G -241.215416815 0
48 H -243.256079504 0
48 I -240.835719063 0
48 K -243.196972301 0
48 L -238.498938589 0
48 M -242.167649048 0
48 N -241.023947835 0
48 P -219.740895687 0
48 Q -241.729341915 0
48 R -243.588331613 0
48 S -242.425169343 0
48 T -244.070962828 1
48 V -243.218433453 0
48 W -240.107681772 0
48 Y -240.947338202 0
49 A -244.934182677 0
49 C -244.126149533 1
49 D -249.736232973 0
49 E -243.57797829 0
49 F -205.230534683 0
49 G -243.162241044 0
49 H -210.534842879 0
49 I -203.016767822 0
49 K -208.173465189 0
49 L -182.660802248 0
49 M -244.467437056 0
49 N -233.568904046 0
49 P -234.347840539 0
49 Q -240.921695994 0
49 R -200.19602365 0
49 S -245.337187583 0
49 T -240.91063654 0
49 V -212.633536346 0
49 W -177.035900041 0
49 Y -155.879112981 0
50 A -247.635082733 1
50 C -246.803271725 0
50 D -242.28508395 0
50 E -233.259339557 0
50 F -26.5208571569 0
50 G -242.039597538 0
50 H -34.3646696695 0
50 I -213.814462936 0
50 K -224.69386368 0
50 L -245.736956217 0
50 M -219.568002593 0
50 N -245.50285861 0
50 P 17.4211356153 0
50 Q -233.252838782 0
50 R -216.078038659 0
50 S -246.292501229 0
50 T -248.365029916 0
50 V -245.727748969 0
50 W -18.2464240085 0
50 Y -3.23831485335 0
51 A -232.32558061 0
51 C -225.759095063 0
51 D -220.610985321 0
51 E -214.335004878 0
51 F -200.423728766 0
51 G -247.565206326 1
51 H -216.531388792 0
51 I -103.48840615 0
51 K -145.84840205 0
51 L -152.650162305 0
51 M -167.620745902 0
51 N -218.944581918 0
51 P -140.514279315 0
51 Q -213.306374111 0
51 R 23.5854127848 0
51 S -235.304502169 0
51 T -197.129854225 0
51 V -197.100638652 0
51 W -213.474579474 0
51 Y -189.63281213 0
52 A -244.070569288 0
52 C -242.867795935 0
52 D -238.580489651 0
52 E -243.50894913 0
52 F -238.966971298 0
52 G -237.65789369 0
52 H -245.279325488 0
52 I -242.535823743 0
52 K -246.186862728 1
52 L -246.145839795 0
52 M -244.378020013 0
52 N -243.30522789 0
52 P -186.119033326 0
52 Q -245.160780379 0
52 R -246.721443935 0
52 S -243.846556961 0
52 T -243.618228499 0
52 V -240.224694807 0
52 W -246.325735597 0
52 Y -240.281985881 0
53 A -237.883079987 0
53 C -237.01375466 0
53 D -237.754095317 0
53 E -237.47617317 0
53 F -224.188647408 0
53 G -235.12505732 0
53 H -231.450630084 0
53 I -242.40474205 0
53 K -237.692460124 0
53 L -245.340914715 1
53 M -240.306638416 0
53 N -239.130361484 0
53 P -69.480653372 0
53 Q -237.333566624 0
53 R -240.706754485 0
53 S -238.082186236 0
53 T -238.808076472 0
53 V -241.128833861 0
53 W 151.376206753 0
53 Y -200.223708593 0
54 A -239.041701771 0
54 C -237.52516381 0
54 D -237.772252022 0
54 E -240.074000408 0
54 F -238.994963636 0
54 G -236.494552844 0
54 H -239.979161486 0
54 I -240.954940158 0
54 K -240.309896585 0
54 L -239.773947029 0
54 M -240.028292108 0
54 N -238.285960769 0
54 P -19.6786377908 0
54 Q -239.263870082 0
54 R -239.098968824 0
54 S -238.630198462 0
54 T -240.948295992 0
54 V -243.490329805 1
54 W -238.013753837 0
54 Y -239.183963429 0
55 A -241.67949715 0
55 C -237.312724297 0
55 D -243.459304181 0
55 E -241.9541938 0
55 F -239.125870838 0
55 G -239.354954012 0
55 H -240.545481255 0
55 I -233.647139446 0
55 K -240.259179758 0
55 L -237.093923191 0
55 M -238.926316372 0
55 N -241.139366412 0
55 P -184.666776627 0
55 Q -238.381763468 0
55 R -239.680748382 0
55 S -242.292737518 1
55 T -236.094710672 0
55 V -234.535202992 0
55 W -240.508859648 0
55 Y -238.77355964 0
56 A -107.364096576 0
56 C 242.081335629 0
56 D 179.473183191 0
56 E 361.732540551 0
56 F 279.95964633 0
56 G -242.817273826 1
56 H 201.013460142 0
56 I 347.744033188 0
56 K 367.115278105 0
56 L 1225.07019489 0
56 M 378.026270369 0
56 N 152.19319814 0
56 P -12.441033489 0
56 Q 306.209340198 0
56 R 405.006960114 0
56 S -116.694866133 0
56 T 167.276972492 0
56 V 243.769320736 0
56 W 243.812353956 0
56 Y 258.243633933 0
57 A -241.395487433 0
57 C -240.006067692 0
57 D -240.45846519 0
57 E -242.761149461 0
57 F -241.988162731 0
57 G -239.613078146 0
57 H -242.614028562 0
57 I -239.874552873 0
57 K -242.865920461 0
57 L -242.824221017 0
57 M -241.401824313 0
57 N -241.37650711 0
57 P -214.666226485 0
57 Q -241.533906665 0
57 R -243.284707448 0
57 S -242.351413886 0
57 T -243.431090893 1
57 V -239.96582263 0
57 W -241.145874407 0
57 Y -242.191614224 0
58 A -236.021573271 0
58 C -236.977768166 0
58 D -233.467133642 0
58 E -234.644495978 0
58 F -201.132501455 0
58 G -231.567279153 0
58 H -224.83552111 0
58 I -241.705366759 0
58 K -223.763639172 0
58 L -218.419998718 0
58 M -230.534435753 0
58 N -234.513062522 0
58 P -219.752996767 0
58 Q -234.519849178 0
58 R -235.154867624 0
58 S -235.787123276 0
58 T -239.7122475 0
58 V -243.696328694 1
58 W -195.743485708 0
58 Y -198.833721571 0
59 A -237.80818035 0
59 C -236.722942024 0
59 D -243.925994403 1
59 E -239.281195533 0
59 F -233.692230601 0
59 G -232.61970915 0
59 H -238.53532049 0
59 I -233.62432258 0
59 K -238.888295509 0
59 L -240.208482611 0
59 M -238.5759028 0
59 N -242.802382348 0
59 P -129.785108337 0
59 Q -237.025601494 0
59 R -238.535879885 0
59 S -239.335425869 0
59 T -236.375856815 0
59 V -230.512404164 0
59 W -237.401892512 0
59 Y -234.124492644 0
60 A -237.945607789 0
60 C -237.791410705 0
60 D -241.066077186 0
60 E -237.312917693 0
60 F -228.915090767 0
60 G -233.162467208 0
60 H -237.021616906 0
60 I -228.890164886 0
60 K -216.801091418 0
60 L -238.323855014 0
60 M -238.52079888 0
60 N -240.241522092 0
60 P -227.368639138 0
60 Q -245.21488917 1
60 R -224.840447698 0
60 S -238.217423681 0
60 T -234.666126786 0
60 V -230.526380551 0
60 W -155.5841749 0
60 Y -225.546223607 0
61 A -242.550613759 0
61 C -240.340686976 0
61 D -240.304642306 0
61 E -241.723005524 0
61 F -238.96699155 0
61 G -242.803983838 0
61 H -241.266225418 0
61 I -241.398187094 0
61 K -244.773136014 0
61 L -241.925438541 0
61 M -241.818329778 0
61 N -242.665889025 0
61 P -228.238012642 0
61 Q -242.498985091 0
61 R -244.148205143 0
61 S -243.517601927 1
61 T -240.577687957 0
61 V -241.023717089 0
61 W -239.119345219 0
61 Y -238.7444419 0
62 A -244.309167432 0
62 C -242.712729201 0
62 D -247.234731307 1
62 E -244.912104744 0
62 F -244.037085297 0
62 G -242.771498178 0
62 H -243.525735382 0
62 I -240.323441377 0
62 K -244.755297852 0
62 L -242.149551973 0
62 M -243.943559953 0
62 N -243.162817798 0
62 P -222.219486831 0
62 Q -243.876007435 0
62 R -244.566465146 0
62 S -244.954644897 0
62 T -242.043824833 0
62 V -241.783892306 0
62 W -244.00581891 0
62 Y -244.160846212 0
63 A -240.106778543 0
63 C -236.885585395 0
63 D -227.33998897 0
63 E -221.601042672 0
63 F -43.9594916565 0
63 G -237.549931474 0
63 H -228.538595267 0
63 I -226.814515956 0
63 K -224.624506519 0
63 L -174.703416693 0
63 M -220.236707508 0
63 N -231.237365432 0
63 P -26.6485302438 0
63 Q -244.043218819 1
63 R -199.711407923 0
63 S -238.357544258 0
63 T -231.357304614 0
63 V -232.632652212 0
63 W 27.6183638559 0
63 Y -138.030650845 0
64 A -240.844202466 0
64 C -240.774157443 0
64 D -240.714433074 0
64 E -243.463535633 0
64 F -242.543016113 0
64 G -239.551736341 0
64 H -243.895456703 0
64 I -243.127794401 0
64 K -244.232674536 0
64 L -243.434755591 0
64 M -241.141103468 0
64 N -242.945304067 0
64 P -163.875072928 0
64 Q -241.938519934 0
64 R -246.729934764 0
64 S -243.468580295 1
64 T -244.618808112 0
64 V -244.079832266 0
64 W -240.957340248 0
64 Y -242.873157448 0
65 A -243.644278032 0
65 C -241.126720331 0
65 D -241.305869417 0
65 E -245.623734676 0
65 F -250.723285606 1
65 G -241.376394128 0
65 H -249.100186974 0
65 I -236.695946898 0
65 K -246.42935577 0
65 L -242.264203829 0
65 M -244.578769287 0
65 N -242.435055996 0
65 P -130.125990693 0
65 Q -244.717538804 0
65 R -246.008035943 0
65 S -241.978319594 0
65 T -234.692740038 0
65 V -238.073133557 0
65 W -249.46131522 0
65 Y -249.521383839 0
66 A -238.455076009 0
66 C -237.762116234 0
66 D -237.293841623 0
66 E -236.852574304 0
66 F -242.377383084 0
66 G -234.044062498 0
66 H -242.685793058 0
66 I -234.71932099 0
66 K -231.122123495 0
66 L -250.638067644 1
66 M -240.970332455 0
66 N -242.276184844 0
66 P -210.833200485 0
66 Q -236.543775472 0
66 R -227.048466239 0
66 S -237.905007478 0
66 T -235.976557108 0
66 V -235.073311151 0
66 W -210.412153288 0
66 Y -236.607824617 0
67 A -245.321342927 0
67 C -245.239709537 0
67 D -250.518604005 1
67 E -247.568276974 0
67 F -244.254889962 0
67 G -247.08100871 0
67 H -246.826152478 0
67 I -244.753462042 0
67 K -246.747586434 0
67 L -246.417318131 0
67 M -245.419259373 0
67 N -249.723561988 0
67 P -242.630571105 0
67 Q -246.469215148 0
67 R -245.926825106 0
67 S -247.96718381 0
67 T -247.293110663 0
67 V -245.554313871 0
67 W -243.748285162 0
67 Y -244.465367465 0
68 A -248.474395148 0
68 C -245.928980157 0
68 D -250.412203014 1
68 E -252.221281151 0
68 F -246.648101909 0
68 G -247.532509687 0
68 H -249.591127899 0
68 I -248.102283484 0
68 K -249.521238356 0
68 L -249.603399551 0
68 M -248.898328999 0
68 N -248.782434045 0
68 P -246.24076301 0
68 Q -248.702349041 0
68 R -249.042357446 0
68 S -249.269643854 0
68 T -248.539477066 0
68 V -247.452800402 0
68 W -248.046328144 0
68 Y -246.499692941 0
69 A -249.873030185 0
69 C -247.233938029 0
69 D -251.090133583 1
69 E -251.240514091 0
69 F -248.873653134 0
69 G -248.940285724 0
69 H -250.568170362 0
69 I -249.759306813 0
69 K -251.180473988 0
69 L -251.166560348 0
69 M -249.421939346 0
69 N -249.934865646 0
69 P -235.065263114 0
69 Q -248.960365097 0
69 R -250.874849378 0
69 S -250.347843661 0
69 T -249.593417158 0
69 V -249.825509398 0
69 W -249.705746776 0
69 Y -248.621898819 0
70 A -251.116425015 0
70 C -248.48355887 0
70 D -249.739760144 0
70 E -251.182541934 0
70 F -250.50912433 0
70 G -246.907205626 0
70 H -250.009637476 0
70 I -243.126930757 0
70 K -251.498185403 0
70 L -253.086873612 0
70 M -250.196878012 0
70 N -250.207517241 0
70 P -222.100420555 0
70 Q -251.82161843 1
70 R -254.176228631 0
70 S -249.724059155 0
70 T -247.457976149 0
70 V -237.612302942 0
70 W -255.458270307 0
70 Y -250.303971112 0
71 A -249.219638494 0
71 C -248.819504855 0
71 D -248.093049374 0
71 E -249.026568387 0
71 F -247.058714991 0
71 G -247.489303483 0
71 H -248.383979417 0
71 I -252.027037569 1
71 K -249.954251309 0
71 L -253.445107956 0
71 M -249.844960547 0
71 N -249.51143589 0
71 P 7.64301182888 0
71 Q -248.926140784 0
71 R -250.343069313 0
71 S -248.293875563 0
71 T -248.743363748 0
71 V -250.4968951 0
71 W -248.263876026 0
71 Y -246.507747708 0
72 A -251.374409805 0
72 C -248.86652672 0
72 D -250.617237244 0
72 E -251.043888293 1
72 F -249.06548459 0
72 G -249.866557247 0
72 H -250.63335604 0
72 I -249.346220592 0
72 K -252.031449913 0
72 L -251.587986232 0
72 M -250.851789044 0
72 N -251.203125657 0
72 P 32.4313249621 0
72 Q -250.04054959 0
72 R -251.624582066 0
72 S -250.490355794 0
72 T -249.98757569 0
72 V -248.577329941 0
72 W -249.291048355 0
72 Y -248.999088244 0
73 A -252.011959973 1
73 C -249.960444067 0
73 D -250.865189192 0
73 E -248.562312933 0
73 F -248.554853021 0
73 G -250.479449681 0
73 H -250.949272583 0
73 I -246.207884545 0
73 K -249.334011548 0
73 L -248.110232402 0
73 M -249.374641843 0
73 N -251.497743491 0
73 P 77.7938510893 0
73 Q -248.405132391 0
73 R -249.62139803 0
73 S -250.562040156 0
73 T -248.389531702 0
73 V -240.662955592 0
73 W -253.373818836 0
73 Y -248.200179146 0
74 A -242.538534004 0
74 C -240.436234844 0
74 D -240.275486587 0
74 E -237.374817731 0
74 F -239.952960663 0
74 G -251.368152395 1
74 H -241.480312064 0
74 I -97.0528396817 0
74 K -243.3073531 0
74 L -242.098020681 0
74 M -240.241864317 0
74 N -243.509372467 0
74 P -159.041396916 0
74 Q -240.869705035 0
74 R -242.923590793 0
74 S -240.285024123 0
74 T -234.151145613 0
74 V -98.6396883273 0
74 W -239.276911516 0
74 Y -240.008825877 0
75 A -247.473713053 0
75 C -246.666763814 0
75 D -247.17426176 0
75 E -247.796679934 0
75 F -254.057911518 0
75 G -243.43044147 0
75 H -251.851059856 0
75 I -251.597934372 0
75 K -243.985450011 0
75 L -248.805181165 0
75 M -252.410085441 0
75 N -249.100976057 0
75 P -132.329279953 0
75 Q -248.585332856 0
75 R -244.514280014 0
75 S -246.289597166 0
75 T -247.980621726 0
75 V -249.218178245 0
75 W -246.174126862 0
75 Y -253.81340874 1
76 A -237.823765002 0
76 C -237.839348678 0
76 D -233.801426513 0
76 E -237.717842286 0
76 F -219.863014723 0
76 G -232.170033664 0
76 H -226.905129555 0
76 I -239.378836096 0
76 K -227.303567408 0
76 L -207.524492356 0
76 M -230.031403178 0
76 N -236.731577223 0
76 P -144.451968658 0
76 Q -235.820603246 0
76 R -236.999765978 0
76 S -237.196170839 0
76 T -240.343099756 0
76 V -245.194895477 1
76 W -215.487511085 0
76 Y -215.038866392 0
77 A -236.97103764 0
77 C -236.911757746 0
77 D -236.65234203 0
77 E -235.030252943 0
77 F -226.811995175 0
77 G -231.204974481 0
77 H -232.359121208 0
77 I -241.254273239 0
77 K -223.980108577 0
77 L -244.667748455 1
77 M -236.741146512 0
77 N -239.061891431 0
77 P -219.602618471 0
77 Q -237.984379686 0
77 R -229.621054727 0
77 S -236.448327448 0
77 T -235.955128157 0
77 V -235.140221458 0
77 W -115.448065992 0
77 Y -221.765174932 0
78 A -247.338694295 0
78 C -245.976373028 0
78 D -246.951156058 0
78 E -248.865611156 0
78 F -195.642493248 0
78 G -244.275931338 0
78 H -238.309950359 0
78 I -246.297770591 0
78 K -245.712603608 0
78 L -252.305865348 0
78 M -252.620762765 0
78 N -248.472282564 0
78 P -162.828404389 0
78 Q -249.273644681 0
78 R -245.785499482 0
78 S -247.496457544 0
78 T -247.840145804 1
78 V -245.994964438 0
78 W -96.4722100172 0
78 Y -206.377132569 0
79 A -250.009895417 0
79 C -249.312529961 1
79 D -252.973638765 0
79 E -253.818687431 0
79 F 1.05459351258 0
79 G -245.745526531 0
79 H -224.597596339 0
79 I -218.747164412 0
79 K -172.264433184 0
79 L -201.149002665 0
79 M -229.026717915 0
79 N -248.229698053 0
79 P -199.605946731 0
79 Q -247.337350431 0
79 R -185.679950873 0
79 S -248.60572329 0
79 T -244.99866064 0
79 V -240.118037455 0
79 W -141.103045495 0
79 Y -22.3773036601 0
80 A -242.152647772 0
80 C -241.98054145 0
80 D -239.356044057 0
80 E -238.499257509 0
80 F -140.534109328 0
80 G -238.628902567 0
80 H -164.905183981 0
80 I -242.344680427 0
80 K -240.260178934 0
80 L -220.447258126 0
80 M -242.755097815 0
80 N -244.025722874 0
80 P -166.483433327 0
80 Q -243.001228289 0
80 R -234.814154943 0
80 S -241.161805608 0
80 T -244.761903101 0
80 V -249.130096441 1
80 W -65.6116425074 0
80 Y -151.597855063 0
81 A -250.518789979 1
81 C -236.713941616 0
81 D -235.237822752 0
81 E -191.313922863 0
81 F 48.7168065257 0
81 G -243.793025853 0
81 H -187.173849194 0
81 I -172.629951332 0
81 K -204.452173101 0
81 L -173.533048724 0
81 M -225.392454397 0
81 N -207.891472235 0
81 P -103.361879534 0
81 Q -195.005298044 0
81 R -188.745549198 0
81 S -246.593051131 0
81 T -237.684982608 0
81 V -227.46926922 0
81 W -55.0880767958 0
81 Y 33.4724239131 0
82 A -246.170617752 0
82 C -245.714348201 0
82 D -243.559692337 0
82 E -245.660394286 0
82 F -246.617454612 0
82 G -241.617926082 0
82 H -244.821150703 0
82 I -241.063727129 0
82 K -249.107286186 0
82 L -248.657861953 0
82 M -249.339653426 0
82 N -247.78288803 0
82 P -169.863551836 0
82 Q -247.132059816 0
82 R -250.528855397 0
82 S -245.324441779 0
82 T -246.002749019 0
82 V -243.589790482 0
82 W -237.029568132 0
82 Y -251.152290506 1
83 A -244.748509463 0
83 C -243.584722275 0
83 D -240.456103823 0
83 E -221.470393765 0
83 F -214.118708365 0
83 G -240.405305101 0
83 H -216.993060362 0
83 I -178.283689481 0
83 K -204.284369229 0
83 L -226.763871467 0
83 M -206.244745409 0
83 N -240.199655556 0
83 P -250.832363213 1
83 Q -220.946438061 0
83 R -204.605189387 0
83 S -243.457651752 0
83 T -237.33232614 0
83 V -242.240760083 0
83 W -197.252688269 0
83 Y -204.030133978 0
84 A -238.585666694 0
84 C -238.206176464 0
84 D -237.843528023 0
84 E -238.091887116 0
84 F -235.313649068 0
84 G -237.710867625 0
84 H -197.506541693 0
84 I -235.80078802 0
84 K -240.451589462 0
84 L -236.784098407 0
84 M -239.576037456 0
84 N -238.562871392 0
84 P -11.5863471261 0
84 Q -239.972913148 0
84 R -240.657166702 0
84 S -239.492388818 0
84 T -243.460423288 1
84 V -233.23236535 0
84 W -166.348287072 0
84 Y -234.939438597 0
85 A -242.494233285 0
85 C -238.982046258 0
85 D -245.258795765 0
85 E -240.290458643 0
85 F -239.553296935 0
85 G -241.316923206 0
85 H -241.58819121 0
85 I -215.748469943 0
85 K -239.90139144 0
85 L -238.596886056 0
85 M -239.144752965 0
85 N -244.087461196 0
85 P -145.466047778 0
85 Q -239.377196657 0
85 R -240.851989848 0
85 S -245.827776194 1
85 T -240.944693231 0
85 V -215.61843117 0
85 W -239.805888621 0
85 Y -239.08254323 0
86 A -240.801985618 0
86 C -238.9997691 0
86 D -245.327943042 1
86 E -242.390337784 0
86 F -238.021753828 0
86 G -239.28622499 0
86 H -242.594076552 0
86 I -238.615256032 0
86 K -239.229448856 0
86 L -237.660799787 0
86 M -238.957944977 0
86 N -243.986652176 0
86 P -241.603401923 0
86 Q -239.378220427 0
86 R -239.263790058 0
86 S -241.374262333 0
86 T -239.583404042 0
86 V -238.712727737 0
86 W -237.291909299 0
86 Y -236.732809308 0
87 A -238.98175583 0
87 C -240.086910809 0
87 D -230.915935034 0
87 E -238.159320989 0
87 F -192.111042237 0
87 G -233.5991507 0
87 H -52.6836239255 0
87 I -220.031482292 0
87 K -221.948979485 0
87 L -221.903390456 0
87 M -235.583880743 0
87 N -237.979283505 0
87 P -197.49449502 0
87 Q -235.626549355 0
87 R -217.602988661 0
87 S -238.298842548 0
87 T -241.255819836 0
87 V -246.348033237 1
87 W -186.627941228 0
87 Y -170.512164048 0
88 A -239.197670576 0
88 C -238.951365886 0
88 D -239.408717105 0
88 E -241.138969065 0
88 F -242.738499321 0
88 G -232.936833636 0
88 H -241.684562602 0
88 I -243.22283263 0
88 K -240.303286734 0
88 L -242.041234418 0
88 M -240.720236195 0
88 N -241.093324215 0
88 P -197.552755477 0
88 Q -239.56161496 0
88 R -240.391061234 0
88 S -239.521774929 0
88 T -241.18950501 0
88 V -243.82032845 1
88 W -238.51385024 0
88 Y -242.282559085 0
89 A -235.371689176 0
89 C -235.498848347 0
89 D -231.325947223 0
89 E -236.877196279 0
89 F 219.854204198 0
89 G -230.956106799 0
89 H -131.868029342 0
89 I -244.123157292 1
89 K -229.377264915 0
89 L -241.977182205 0
89 M -240.752551193 0
89 N -233.651819435 0
89 P -169.306359025 0
89 Q -235.167818033 0
89 R -232.035445976 0
89 S -234.734723671 0
89 T -236.676061552 0
89 V -241.470076995 0
89 W 170.318972387 0
89 Y 518.371580033 0
90 A -250.486675757 0
90 C -249.115936476 0
90 D -247.979182792 0
90 E -249.884359557 0
90 F -247.730948818 0
90 G -244.191778865 0
90 H -249.434865855 0
90 I -251.642520638 0
90 K -251.699215046 0
90 L -250.899381368 0
90 M -250.206081449 0
90 N -250.458683753 0
90 P -152.332910322 0
90 Q -249.649573776 1
90 R -249.532076081 0
90 S -249.797728312 0
90 T -248.110771752 0
90 V -237.121534352 0
90 W -245.703803065 0
90 Y -247.372275684 0
91 A -243.942681533 0
91 C -245.527846174 0
91 D -246.049678855 0
91 E -247.731106185 0
91 F -235.182608617 0
91 G -243.039002743 0
91 H -231.652779592 0
91 I -247.618379432 0
91 K -234.794227477 0
91 L -247.995718766 0
91 M -244.992036359 0
91 N -246.621136691 0
91 P -136.958346487 0
91 Q -247.69017753 0
91 R -239.178576102 0
91 S -244.928145048 0
91 T -249.948970326 1
91 V -247.340933431 0
91 W -181.328619584 0
91 Y -204.032282825 0
92 A -240.866671237 0
92 C -240.263060417 0
92 D -244.96499669 0
92 E -243.08321572 0
92 F -238.340035048 0
92 G -240.293451391 0
92 H -245.457266684 1
92 I -204.073404316 0
92 K -243.010489347 0
92 L -240.532850749 0
92 M -237.309254039 0
92 N -243.717780173 0
92 P -187.165116735 0
92 Q -242.345397033 0
92 R -241.142104309 0
92 S -239.373773613 0
92 T -235.948483182 0
92 V -228.993891107 0
92 W -241.891045149 0
92 Y -237.833720089 0
93 A -242.313181945 0
93 C -242.167380093 0
93 D -236.706549749 0
93 E -243.684043795 0
93 F -197.422492205 0
93 G -238.548032705 0
93 H -225.195014896 0
93 I -231.738817884 0
93 K -248.235737521 1
93 L -242.614241723 0
93 M -246.656642046 0
93 N -244.813621789 0
93 P 100.662535814 0
93 Q -246.450676726 0
93 R -246.481254752 0
93 S -240.368746988 0
93 T -242.463989932 0
93 V -231.141081971 0
93 W -197.679874485 0
93 Y -181.046546324 0
94 A -247.807042666 0
94 C -243.127547404 0
94 D -247.625061042 0
94 E -248.296487339 1
94 F -203.756971173 0
94 G -244.728511072 0
94 H -246.596490409 0
94 I -233.354617473 0
94 K -246.932809742 0
94 L -243.951539988 0
94 M -246.583495699 0
94 N -245.673559978 0
94 P -233.617411935 0
94 Q -244.056252895 0
94 R -246.563040192 0
94 S -246.694108437 0
94 T -245.309569338 0
94 V -245.460737748 0
94 W -238.69681775 0
94 Y -244.565836268 0
95 A -246.273712598 0
95 C -244.056329513 0
95 D -247.410839611 0
95 E -247.882493704 1
95 F -244.078172444 0
95 G -245.342509662 0
95 H -246.778311124 0
95 I -245.531477408 0
95 K -247.217594037 0
95 L -246.780953439 0
95 M -246.164827753 0
95 N -246.413212743 0
95 P -233.338175326 0
95 Q -246.49690124 0
95 R -246.674042663 0
95 S -246.884767125 0
95 T -245.892909529 0
95 V -245.313236844 0
95 W -245.019410941 0
95 Y -243.953300956 0
96 A -246.43009692 0
96 C -244.297708113 0
96 D -249.55198082 1
96 E -246.109319602 0
96 F -243.955507368 0
96 G -245.385185353 0
96 H -247.313613522 0
96 I -239.093553787 0
96 K -244.357046707 0
96 L -246.301215651 0
96 M -245.646919823 0
96 N -243.501150817 0
96 P -46.4886136992 0
96 Q -244.13932587 0
96 R -245.81841382 0
96 S -245.856435112 0
96 T -245.023009577 0
96 V -236.493274319 0
96 W -242.770982182 0
96 Y -243.301366015 0
97 A -246.608223181 0
97 C -246.987513793 0
97 D -246.834820676 0
97 E -249.30165431 0
97 F -230.738214521 0
97 G -245.407695097 0
97 H -246.038729516 0
97 I -247.911114357 0
97 K -240.869318313 0
97 L -254.507586989 1
97 M -251.701289833 0
97 N -249.228779342 0
97 P -144.660078596 0
97 Q -250.197288178 0
97 R -244.232636396 0
97 S -246.919997764 0
97 T -244.285075991 0
97 V -245.543118623 0
97 W -230.843862058 0
97 Y -200.740081322 0
98 A -242.005832041 0
98 C -241.274383777 0
98 D -242.115747287 0
98 E -243.061125718 0
98 F -244.339551326 0
98 G -242.463154132 0
98 H -243.268923104 0
98 I -237.424701499 0
98 K -243.473539969 0
98 L -243.163952567 0
98 M -243.75237292 0
98 N -242.855964767 0
98 P -166.714123423 0
98 Q -241.436312935 0
98 R -242.819906139 0
98 S -242.98350353 0
98 T -240.65951333 0
98 V -238.521991577 0
98 W -242.890795905 0
98 Y -245.082389551 1
