1 A -332.778322646 0
1 C -331.592971122 0
1 D -334.211390398 0
1 E -334.309656596 1
1 F -333.424866733 0
1 G -333.416825124 0
1 H -334.250326614 0
1 I -332.554253095 0
1 K -336.502471675 0
1 L -334.339978268 0
1 M -334.65409116 0
1 N -333.065235311 0
1 P -335.91471327 0
1 Q -334.439570064 0
1 R -333.64715974 0
1 S -334.147949339 0
1 T -332.936342234 0
1 V -331.997497545 0
1 W -335.664234864 0
1 Y -333.560250237 0
2 A -340.494090907 1
2 C -340.494090907 1
2 D -340.494090907 1
2 E -340.494090907 1
2 F -340.494090907 1
2 G -340.494090907 1
2 H -340.494090907 1
2 I -340.494090907 1
2 K -340.494090907 1
2 L -340.494090907 1
2 M -340.494090907 1
2 N -340.494090907 1
2 P -340.494090907 1
2 Q -340.494090907 1
2 R -340.494090907 1
2 S -340.494090907 1
2 T -340.494090907 1
2 V -340.494090907 1
2 W -340.494090907 1
2 Y -340.494090907 1
3 A -335.340021523 0
3 C -332.570365799 0
3 D -330.607818622 0
3 E -333.381428839 0
3 F -329.519797878 0
3 G -332.735458121 0
3 H -332.787811519 0
3 I -325.437690291 0
3 K -333.247236504 0
3 L -330.42584657 0
3 M -332.429056214 0
3 N -332.090272801 0
3 P 16.5798282503 0
3 Q -331.866829546 0
3 R -333.934406982 0
3 S -334.905588342 1
3 T -332.771190494 0
3 V -328.367687875 0
3 W -324.632238147 0
3 Y -328.790946033 0
4 A -330.132688982 0
4 C -329.468907603 0
4 D -327.811369068 0
4 E -330.507316684 0
4 F -332.277877899 0
4 G -325.673705607 0
4 H -330.964159109 0
4 I -331.698625762 0
4 K -329.21284174 0
4 L -331.76388682 0
4 M -329.106653371 0
4 N -329.001794251 0
4 P -268.438076956 0
4 Q -328.877475285 0
4 R -328.681325588 0
4 S -329.722845557 0
4 T -332.126061024 0
4 V -333.912693216 1
4 W -328.954749002 0
4 Y -330.383138305 0
5 A -337.342996821 0
5 C -335.977043934 0
5 D -339.351454851 1
5 E -339.936338197 0
5 F -338.714513532 0
5 G -335.163787901 0
5 H -338.45494238 0
5 I -340.347282813 0
5 K -338.875325488 0
5 L -338.354663929 0
5 M -337.441314698 0
5 N -339.320270807 0
5 P -333.622192806 0
5 Q -336.565429283 0
5 R -338.205822365 0
5 S -338.23265387 0
5 T -338.830436244 0
5 V -340.179684233 0
5 W -338.420499951 0
5 Y -338.485204614 0
6 A -328.162595215 0
6 C -328.659939468 0
6 D -324.431788227 0
6 E -326.998944173 0
6 F -310.073417979 0
6 G -323.903270406 0
6 H -320.771515956 0
6 I -336.822435692 1
6 K -321.029134566 0
6 L -329.369233562 0
6 M -330.224872258 0
6 N -327.499358497 0
6 P -261.105850373 0
6 Q -327.532998512 0
6 R -319.386468521 0
6 S -327.756054246 0
6 T -330.083102415 0
6 V -334.458911941 0
6 W -281.5294674 0
6 Y -278.182934656 0
7 A -338.219214261 0
7 C -337.360183669 0
7 D -334.298184966 0
7 E -339.128286072 0
7 F -337.766665039 0
7 G -334.278145684 0
7 H -336.562646129 0
7 I -331.576755126 0
7 K -338.164152842 0
7 L -336.969436043 0
7 M -337.174446742 0
7 N -336.027584024 0
7 P -318.397461831 0
7 Q -337.502183277 1
7 R -337.741303845 0
7 S -337.135861715 0
7 T -337.292157073 0
7 V -332.936836658 0
7 W -336.770321169 0
7 Y -341.941184884 0
8 A -340.623526577 0
8 C -334.68663792 0
8 D -332.974496852 0
8 E -324.424473393 0
8 F -263.852630931 0
8 G -336.682121846 1
8 H -320.672737819 0
8 I -302.579706819 0
8 K -278.506217189 0
8 L -318.199659062 0
8 M -320.472497545 0
8 N -333.557112087 0
8 P -299.725447586 0
8 Q -329.466134115 0
8 R -230.498325515 0
8 S -334.486784902 0
8 T -336.700006317 0
8 V -337.97564019 0
8 W -123.114709935 0
8 Y -263.817748613 0
9 A -330.079824205 0
9 C -330.094147609 0
9 D -335.885451097 0
9 E -330.867268147 0
9 F -331.514509357 0
9 G -333.90307689 0
9 H -330.335725122 0
9 I -328.488006121 0
9 K -331.648138366 0
9 L -331.587772347 0
9 M -330.16611712 0
9 N -337.939563384 1
9 P -270.298875719 0
9 Q -328.39587163 0
9 R -331.412997528 0
9 S -333.793030825 0
9 T -333.70071212 0
9 V -330.912086951 0
9 W -331.213605039 0
9 Y -330.356199735 0
10 A -326.380714736 0
10 C -320.709840289 0
10 D -335.607553937 1
10 E -313.719118844 0
10 F -324.615618845 0
10 G -324.216443529 0
10 H -325.056811199 0
10 I -294.780795194 0
10 K -295.220517202 0
10 L -264.121970287 0
10 M -308.453731359 0
10 N -319.079539674 0
10 P -308.006362756 0
10 Q -308.671642816 0
10 R -293.645764843 0
10 S -325.957634602 0
10 T -318.436401483 0
10 V -307.703265184 0
10 W -308.664646507 0
10 Y -324.793549534 0
11 A -333.752520777 0
11 C -331.768690851 0
11 D -334.815695776 0
11 E -334.072691808 0
11 F -334.182000813 0
11 G -332.380111957 0
11 H -335.742881298 0
11 I -324.322781778 0
11 K -335.176389416 0
11 L -335.678056022 0
11 M -333.541640961 0
11 N -335.207462412 0
11 P -277.851001331 0
11 Q -334.145985423 1
11 R -335.842325569 0
11 S -333.764362284 0
11 T -334.255505292 0
11 V -324.234763125 0
11 W -333.344306889 0
11 Y -334.228178398 0
12 A -334.068267978 0
12 C -332.973869333 0
12 D -329.452200775 0
12 E -334.151594809 0
12 F -320.422032325 0
12 G -332.872571433 0
12 H -317.73676368 0
12 I -310.136765817 0
12 K -336.401037545 0
12 L -330.524886664 0
12 M -334.580709091 1
12 N -333.418390449 0
12 P -283.636199361 0
12 Q -335.771594674 0
12 R -337.179217553 0
12 S -332.550344019 0
12 T -328.432390189 0
12 V -323.648966629 0
12 W -316.714277896 0
12 Y -318.975996847 0
13 A -334.966086123 0
13 C -334.589674668 0
13 D -331.822370317 0
13 E -336.448119208 0
13 F -334.790689276 0
13 G -332.129591248 0
13 H -335.284569197 0
13 I -334.451098022 0
13 K -336.370853934 0
13 L -337.233236276 0
13 M -335.384590932 0
13 N -334.328264167 0
13 P -124.295361098 0
13 Q -337.317709271 1
13 R -337.631567627 0
13 S -334.300540413 0
13 T -335.383354424 0
13 V -334.573973648 0
13 W -334.308563636 0
13 Y -335.180487393 0
14 A -330.19370689 0
14 C -330.147566907 0
14 D -329.733209488 0
14 E -328.297282107 0
14 F -340.585661208 1
14 G -324.047155808 0
14 H -331.825043231 0
14 I -314.315166411 0
14 K -327.228240055 0
14 L -335.395522536 0
14 M -334.770144226 0
14 N -332.324722455 0
14 P -328.967596799 0
14 Q -329.623265282 0
14 R -327.828927193 0
14 S -329.914152933 0
14 T -332.668656872 0
14 V -326.885355865 0
14 W -324.679898846 0
14 Y -333.246031166 0
15 A -332.476790029 0
15 C -332.591151536 0
15 D -336.683681381 0
15 E -332.499778459 0
15 F -327.436681665 0
15 G -332.186349897 0
15 H -330.056065172 0
15 I -331.361771386 0
15 K -331.576494696 0
15 L -330.612059704 0
15 M -333.872417519 0
15 N -337.049414521 1
15 P -194.432633424 0
15 Q -332.129737561 0
15 R -329.982904411 0
15 S -335.974184745 0
15 T -334.877518585 0
15 V -332.095981994 0
15 W -330.954318474 0
15 Y -327.589732419 0
16 A -336.031864869 0
16 C -334.927634578 0
16 D -332.993946007 0
16 E -334.444071505 0
16 F -335.554391268 0
16 G -333.122394096 0
16 H -336.041536327 0
16 I -338.207300175 0
16 K -335.805293858 0
16 L -334.244146904 0
16 M -335.409894867 0
16 N -334.865192173 0
16 P -307.525926784 0
16 Q -334.43988596 0
16 R -336.422034291 0
16 S -337.023738139 0
16 T -339.168198553 1
16 V -337.472152593 0
16 W -333.717406872 0
16 Y -334.314648872 0
17 A -334.569306888 0
17 C -333.241875196 0
17 D -337.341727851 0
17 E -336.266033508 0
17 F -335.981202216 0
17 G -334.231181433 0
17 H -337.531681833 0
17 I -336.021277255 0
17 K -336.873530094 0
17 L -336.483209427 0
17 M -334.914721545 0
17 N -337.320505094 1
17 P -325.954901604 0
17 Q -335.148229184 0
17 R -336.922931755 0
17 S -337.000029654 0
17 T -337.550688444 0
17 V -336.374532248 0
17 W -335.707479399 0
17 Y -335.885927897 0
18 A -333.989116213 1
18 C -333.873927593 0
18 D -333.187067914 0
18 E -335.479757059 0
18 F -331.327239195 0
18 G -330.893603876 0
18 H -335.845423247 0
18 I -334.143799648 0
18 K -335.357219986 0
18 L -334.101589855 0
18 M -333.831670866 0
18 N -334.008701989 0
18 P -284.290883844 0
18 Q -333.568254528 0
18 R -333.92469631 0
18 S -335.238357013 0
18 T -333.65351276 0
18 V -334.195379797 0
18 W -330.912546171 0
18 Y -329.464468724 0
19 A -323.387072246 0
19 C -324.724076332 0
19 D -323.309146232 0
19 E -327.730696006 0
19 F -318.166465267 0
19 G -318.510891588 0
19 H -320.769069391 0
19 I -335.052688762 1
19 K -319.793323134 0
19 L -330.016514053 0
19 M -329.99956987 0
19 N -324.955835384 0
19 P -270.559377385 0
19 Q -327.281537856 0
19 R -313.887479671 0
19 S -324.130280701 0
19 T -327.296522388 0
19 V -331.349322656 0
19 W -306.182864384 0
19 Y -310.72645739 0
20 A -331.12191847 0
20 C -334.009505062 0
20 D -331.539703179 0
20 E -336.783501293 0
20 F -337.352050726 0
20 G -328.305886835 0
20 H -333.044269364 0
20 I -335.415820832 0
20 K -332.641860741 0
20 L -336.454189627 0
20 M -332.816985462 0
20 N -332.116852219 0
20 P -324.259828332 0
20 Q -335.086365613 0
20 R -332.40185889 0
20 S -332.197765622 0
20 T -337.767542396 1
20 V -335.119407496 0
20 W -335.87282828 0
20 Y -334.028594934 0
21 A -328.239914591 0
21 C -330.619755807 0
21 D -332.385406031 0
21 E -328.329876738 0
21 F -319.456671315 0
21 G -321.442023483 0
21 H -324.148707634 0
21 I -336.262964049 0
21 K -314.137250211 0
21 L -333.147709227 0
21 M -327.146528576 0
21 N -328.859395724 0
21 P -260.168221639 0
21 Q -325.843680863 0
21 R -314.617096406 0
21 S -328.410859632 0
21 T -332.054013628 0
21 V -338.325212007 1
21 W -305.699417492 0
21 Y -317.786442149 0
22 A -335.564051308 0
22 C -333.317472471 0
22 D -338.242060446 1
22 E -336.087145237 0
22 F -334.897590005 0
22 G -333.650427491 0
22 H -335.598144305 0
22 I -335.963246874 0
22 K -337.409340851 0
22 L -336.457829656 0
22 M -337.684298713 0
22 N -337.383121954 0
22 P -336.150689452 0
22 Q -334.142465377 0
22 R -336.526878781 0
22 S -335.700444465 0
22 T -335.17691802 0
22 V -335.976289894 0
22 W -335.521458182 0
22 Y -334.408984892 0
23 A -335.440549289 0
23 C -336.566791303 0
23 D -332.65247225 0
23 E -336.627842221 0
23 F -333.46337937 0
23 G -334.141143883 0
23 H -334.625282296 0
23 I -336.510625222 0
23 K -340.09755887 1
23 L -338.363454658 0
23 M -337.686186326 0
23 N -333.788083001 0
23 P -147.941900124 0
23 Q -335.928639158 0
23 R -336.40977738 0
23 S -335.49127606 0
23 T -335.833981347 0
23 V -333.422283428 0
23 W -336.331764702 0
23 Y -333.64309558 0
24 A -337.512261517 0
24 C -334.767716665 0
24 D -336.991677588 0
24 E -337.365952702 0
24 F -335.463006615 0
24 G -336.845152197 0
24 H -338.006001165 0
24 I -334.505290875 0
24 K -337.872456948 0
24 L -337.525893889 0
24 M -337.113005214 0
24 N -338.608224897 0
24 P -315.371456777 0
24 Q -336.306482996 0
24 R -341.947910036 0
24 S -337.86904859 1
24 T -335.522400522 0
24 V -335.035967546 0
24 W -336.361699664 0
24 Y -334.900790028 0
25 A -342.514607822 1
25 C -342.514607822 1
25 D -342.514607822 1
25 E -342.514607822 1
25 F -342.514607822 1
25 G -342.514607822 1
25 H -342.514607822 1
25 I -342.514607822 1
25 K -342.514607822 1
25 L -342.514607822 1
25 M -342.514607822 1
25 N -342.514607822 1
25 P -342.514607822 1
25 Q -342.514607822 1
25 R -342.514607822 1
25 S -342.514607822 1
25 T -342.514607822 1
25 V -342.514607822 1
25 W -342.514607822 1
25 Y -342.514607822 1
26 A -341.827719139 0
26 C -339.079011521 0
26 D -343.511650702 0
26 E -343.969615068 0
26 F -339.924693598 0
26 G -340.804603158 0
26 H -341.959546528 0
26 I -341.905106957 0
26 K -343.400892997 1
26 L -343.157032343 0
26 M -341.538805453 0
26 N -342.233430178 0
26 P -339.361805311 0
26 Q -342.095634894 0
26 R -342.85628285 0
26 S -343.528007698 0
26 T -342.892695545 0
26 V -341.928506528 0
26 W -340.570446574 0
26 Y -340.003139363 0
27 A -339.044745438 0
27 C -336.37941256 0
27 D -336.66028308 0
27 E -339.081043046 0
27 F -337.369856997 0
27 G -335.962944804 0
27 H -338.4455378 0
27 I -333.517063316 0
27 K -337.529595268 0
27 L -334.40873152 0
27 M -338.041573905 0
27 N -337.582353706 0
27 P -301.21712248 0
27 Q -337.305819416 1
27 R -338.133329714 0
27 S -339.751123345 0
27 T -338.57982861 0
27 V -338.140350824 0
27 W -337.415595304 0
27 Y -337.098129996 0
28 A -329.272793278 0
28 C -329.260025975 0
28 D -329.410493866 0
28 E -329.074855398 0
28 F -341.292502139 1
28 G -323.927767259 0
28 H -336.02859578 0
28 I -329.522525181 0
28 K -326.124031015 0
28 L -320.497315604 0
28 M -327.668141001 0
28 N -330.317211695 0
28 P -295.071063822 0
28 Q -327.336054403 0
28 R -326.331657343 0
28 S -328.98110256 0
28 T -331.172529491 0
28 V -333.507565368 0
28 W -335.265785723 0
28 Y -336.828154924 0
29 A -335.443204418 0
29 C -335.172617061 0
29 D -330.481558109 0
29 E -335.669155337 0
29 F -321.45439517 0
29 G -331.242272252 0
29 H -319.24003619 0
29 I -336.786244056 0
29 K -335.659103745 0
29 L -328.932802665 0
29 M -335.33139922 0
29 N -335.21243652 0
29 P -231.176851958 0
29 Q -335.44535708 0
29 R -337.887444589 0
29 S -334.401053902 0
29 T -338.162727841 1
29 V -338.21252461 0
29 W -325.189622497 0
29 Y -317.770712357 0
30 A -326.195822448 0
30 C -327.530192679 0
30 D -325.249680534 0
30 E -318.862799858 0
30 F -320.038404146 0
30 G -318.712236313 0
30 H -326.055824516 0
30 I -331.384117763 0
30 K -304.170386651 0
30 L -312.831136333 0
30 M -314.329683756 0
30 N -327.819356448 0
30 P -282.148402709 0
30 Q -316.452811885 0
30 R -308.575501573 0
30 S -326.018154578 0
30 T -329.114913648 0
30 V -334.202885018 1
30 W -309.21138878 0
30 Y -320.928469295 0
31 A -335.116656797 0
31 C -334.181504506 0
31 D -336.026092538 0
31 E -335.907727816 0
31 F -337.873278241 0
31 G -330.517865662 0
31 H -337.623264973 0
31 I -338.485898596 0
31 K -336.394232115 0
31 L -333.680832793 0
31 M -333.973367691 0
31 N -339.161043479 1
31 P -217.988733367 0
31 Q -334.286994173 0
31 R -336.260783672 0
31 S -335.151518201 0
31 T -333.425648828 0
31 V -306.58517637 0
31 W -334.523345418 0
31 Y -337.246277558 0
32 A -330.325341444 0
32 C -330.609115388 0
32 D -328.034681279 0
32 E -328.62766551 0
32 F -336.512147056 0
32 G -325.989012642 0
32 H -336.926472497 0
32 I -331.546731095 0
32 K -325.545036494 0
32 L -342.511285498 1
32 M -331.653661855 0
32 N -333.490871534 0
32 P -258.863758076 0
32 Q -331.257435408 0
32 R -323.923503972 0
32 S -330.906435508 0
32 T -331.97554442 0
32 V -334.308436423 0
32 W -199.180472006 0
32 Y -320.864426838 0
33 A -338.793097623 0
33 C -336.002722842 0
33 D -332.973972411 0
33 E -339.357724804 0
33 F -339.249369751 0
33 G -338.001090653 0
33 H -338.926690337 0
33 I -338.536620434 0
33 K -338.785079154 0
33 L -339.042013272 0
33 M -338.2738165 0
33 N -334.981340551 0
33 P -273.204597153 0
33 Q -336.260762723 0
33 R -337.997977432 0
33 S -339.486073195 1
33 T -339.242586248 0
33 V -338.056312583 0
33 W -326.090863689 0
33 Y -335.185305711 0
34 A -333.778506168 0
34 C -333.126859433 0
34 D -336.716652354 0
34 E -322.379268446 0
34 F -327.923128383 0
34 G -320.830476174 0
34 H -340.903842051 1
34 I -332.494139105 0
34 K -328.552256581 0
34 L -309.688077901 0
34 M -318.173234976 0
34 N -340.576210935 0
34 P -150.868081587 0
34 Q -329.746178732 0
34 R -288.497967144 0
34 S -333.522151467 0
34 T -333.955090094 0
34 V -338.618927283 0
34 W -55.4018164923 0
34 Y -325.690883249 0
35 A -334.452853317 0
35 C -333.572171971 0
35 D -336.947429823 0
35 E -336.069240265 0
35 F -328.981779616 0
35 G -334.593282624 0
35 H -335.755112789 0
35 I -332.360571914 0
35 K -335.233466546 0
35 L -333.600010221 0
35 M -335.479548193 0
35 N -336.598874916 0
35 P -337.136324747 1
35 Q -334.599066721 0
35 R -334.480410037 0
35 S -336.099774006 0
35 T -337.103106584 0
35 V -335.956784914 0
35 W -335.773461363 0
35 Y -329.069432052 0
36 A -313.063609689 0
36 C -60.1762039557 0
36 D -51.8287873326 0
36 E -115.250630987 0
36 F -10.8553167877 0
36 G -334.966940046 1
36 H -278.743649212 0
36 I -36.2832255611 0
36 K -84.9316905234 0
36 L 105.975563363 0
36 M -117.689907943 0
36 N 12.9317357685 0
36 P -261.70297173 0
36 Q -125.271502518 0
36 R -106.209239691 0
36 S -311.219677036 0
36 T -176.409372101 0
36 V -155.590026389 0
36 W 901.674069306 0
36 Y -5.96929606224 0
37 A -332.718330175 0
37 C -332.276225327 0
37 D -334.253435433 0
37 E -335.26178541 0
37 F -334.824002889 0
37 G -332.754572063 0
37 H -335.466888985 0
37 I -334.056900765 0
37 K -335.652432833 0
37 L -335.339160885 0
37 M -333.18286015 0
37 N -334.71363032 1
37 P -320.501601409 0
37 Q -334.303779931 0
37 R -335.077161267 0
37 S -334.488633695 0
37 T -335.263173899 0
37 V -334.446765404 0
37 W -333.037548094 0
37 Y -334.623978499 0
38 A -332.846518078 0
38 C -331.135973966 0
38 D -330.87495053 0
38 E -333.441082827 0
38 F -331.071887482 0
38 G -330.812554883 0
38 H -332.361590624 0
38 I -332.186800927 0
38 K -333.737656049 0
38 L -337.142556728 1
38 M -333.907750557 0
38 N -332.867745894 0
38 P -303.410989837 0
38 Q -333.238728643 0
38 R -333.477680448 0
38 S -332.164989488 0
38 T -328.951132504 0
38 V -330.960623665 0
38 W -330.14571274 0
38 Y -330.417004715 0
39 A -333.013381495 0
39 C -330.49076735 0
39 D -332.982453715 0
39 E -333.73836175 0
39 F -330.626239035 0
39 G -333.174695193 0
39 H -332.319171118 0
39 I -326.499597238 0
39 K -333.326784149 0
39 L -333.14405032 0
39 M -331.969897873 0
39 N -332.926140836 0
39 P -337.803153299 1
39 Q -332.039280405 0
39 R -332.81657455 0
39 S -332.843913291 0
39 T -331.542975769 0
39 V -331.444130733 0
39 W -330.715871704 0
39 Y -330.554215436 0
40 A -333.160586464 0
40 C -330.775805887 0
40 D -332.566291068 0
40 E -333.286080677 0
40 F -331.916287082 0
40 G -330.578621522 0
40 H -334.049785739 0
40 I -334.68683812 0
40 K -335.322998533 1
40 L -330.28581153 0
40 M -333.750804554 0
40 N -331.098369276 0
40 P -329.963442366 0
40 Q -333.192342279 0
40 R -335.15912226 0
40 S -332.894101195 0
40 T -334.576761045 0
40 V -333.761508311 0
40 W -328.975833883 0
40 Y -332.131932772 0
41 A -336.37915308 0
41 C -334.351908656 0
41 D -337.097715804 0
41 E -338.912923897 0
41 F -336.359830946 0
41 G -334.93820291 0
41 H -339.076882717 0
41 I -331.18030171 0
41 K -337.400460964 0
41 L -329.61981527 0
41 M -334.96548344 0
41 N -337.06460054 1
41 P -322.861859135 0
41 Q -336.681454357 0
41 R -336.572223658 0
41 S -337.84374849 0
41 T -331.078042137 0
41 V -330.974409899 0
41 W -337.186949742 0
41 Y -336.374043111 0
42 A -333.200756557 0
42 C -332.284270742 0
42 D -333.316383425 0
42 E -335.205700255 0
42 F -330.813283645 0
42 G -329.726009061 0
42 H -332.447392876 0
42 I -336.486064438 0
42 K -334.879082433 0
42 L -334.549444062 0
42 M -333.713437624 0
42 N -332.896412927 0
42 P -247.855637673 0
42 Q -334.032354215 0
42 R -333.839590309 0
42 S -332.844824459 0
42 T -335.432650897 0
42 V -337.572611811 1
42 W -328.287256392 0
42 Y -331.217349724 0
43 A -338.034224109 0
43 C -335.290754619 0
43 D -333.262436239 0
43 E -327.612299598 0
43 F -330.240052527 0
43 G -332.671941615 0
43 H -323.025537216 0
43 I -315.432963626 0
43 K -331.445507514 0
43 L -248.472705043 0
43 M -337.14410363 1
43 N -335.631395145 0
43 P -246.258986692 0
43 Q -333.561487129 0
43 R -335.520627756 0
43 S -334.359259947 0
43 T -333.549054146 0
43 V -320.878611292 0
43 W -283.23337556 0
43 Y -329.738596541 0
44 A -312.014093172 0
44 C -279.343298342 0
44 D -268.579094243 0
44 E -178.944920561 0
44 F -140.010458045 0
44 G -338.4137684 1
44 H -241.788829093 0
44 I -167.755799185 0
44 K -233.52511489 0
44 L -266.28589328 0
44 M -208.166158335 0
44 N -266.41743763 0
44 P -290.63175843 0
44 Q 38.0596805419 0
44 R 167.872305923 0
44 S -290.311620122 0
44 T -274.947624652 0
44 V -267.767097296 0
44 W 21.122814497 0
44 Y -18.857439041 0
45 A -336.647685291 0
45 C -336.343154177 0
45 D -332.641658115 0
45 E -332.736581179 0
45 F -334.606121194 0
45 G -331.947450644 0
45 H -339.399216751 1
45 I -339.124744314 0
45 K -324.211165304 0
45 L -330.192058199 0
45 M -333.246384641 0
45 N -336.303884165 0
45 P -261.589199392 0
45 Q -333.001651816 0
45 R -209.476577853 0
45 S -336.579169099 0
45 T -337.609228588 0
45 V -341.513013367 0
45 W -91.9583446913 0
45 Y -300.996513476 0
46 A -330.717640212 0
46 C -331.047089826 0
46 D -331.85000393 0
46 E -322.315745938 0
46 F 96.4651438972 0
46 G -327.403578625 0
46 H -264.071383549 0
46 I -264.227320995 0
46 K -318.943513885 0
46 L -325.196592509 0
46 M -309.366175499 0
46 N -337.840116004 1
46 P -307.291788446 0
46 Q -328.858605985 0
46 R -311.922221038 0
46 S -332.018173763 0
46 T -330.628461357 0
46 V -326.570371854 0
46 W -119.248564664 0
46 Y 171.805933553 0
47 A -324.267820583 0
47 C -324.233440115 0
47 D -326.069710263 0
47 E -324.439809579 0
47 F -333.484391145 0
47 G -318.188271736 0
47 H -328.506929093 0
47 I -325.590199023 0
47 K -321.937855588 0
47 L -327.701358847 0
47 M -327.661593454 0
47 N -326.695457218 0
47 P -276.044572794 0
47 Q -322.541440004 0
47 R -327.91242959 0
47 S -325.853550694 0
47 T -325.272496533 0
47 V -328.481445735 0
47 W -335.800518712 1
47 Y -332.453135247 0
48 A -325.550322062 0
48 C -326.818228952 0
48 D -322.138951965 0
48 E -312.993059994 0
48 F -311.528782234 0
48 G -318.712433912 0
48 H -315.866010684 0
48 I -326.356894677 0
48 K -309.905046415 0
48 L -305.048583207 0
48 M -301.091579158 0
48 N -325.530403113 0
48 P -235.601253867 0
48 Q -309.108811478 0
48 R -315.233507455 0
48 S -324.829569374 0
48 T -328.564329125 0
48 V -334.23287658 1
48 W -234.227394545 0
48 Y -308.891795831 0
49 A -322.850011258 0
49 C -326.536998687 0
49 D -322.008329234 0
49 E -325.837948981 0
49 F -313.01138058 0
49 G -318.000432467 0
49 H -324.215150026 0
49 I -315.900424221 0
49 K -315.448992722 0
49 L -336.528119416 1
49 M -330.134819673 0
49 N -326.189357575 0
49 P -183.604269477 0
49 Q -326.078693591 0
49 R -310.618609139 0
49 S -324.952692516 0
49 T -324.994791017 0
49 V -315.688960417 0
49 W -214.364132602 0
49 Y -297.94261016 0
50 A -338.032520874 0
50 C -336.251463093 0
50 D -327.091374779 0
50 E -303.637183391 0
50 F -77.2854348141 0
50 G -332.659302553 0
50 H -251.082676374 0
50 I -302.991413104 0
50 K -179.126767869 0
50 L -280.895114923 0
50 M -287.255902508 0
50 N -324.319691898 0
50 P -299.344173557 0
50 Q -287.170702709 0
50 R -18.7769495737 0
50 S -338.266413641 1
50 T -330.661310515 0
50 V -320.91596402 0
50 W -97.7812929402 0
50 Y -236.302934482 0
51 A -334.805070323 0
51 C -333.156818656 0
51 D -330.25640598 0
51 E -332.08079463 0
51 F -326.015443981 0
51 G -334.286185857 0
51 H -335.436553605 0
51 I -329.036109367 0
51 K -330.999554059 0
51 L -333.877333022 0
51 M -331.227815438 0
51 N -331.440905839 0
51 P -333.329302521 0
51 Q -332.08693463 0
51 R -335.68901474 0
51 S -337.720726301 0
51 T -336.359571088 1
51 V -331.321426728 0
51 W -331.00479359 0
51 Y -297.92150662 0
52 A -338.279859129 1
52 C -333.995809007 0
52 D -334.226710299 0
52 E -335.661960663 0
52 F -334.63712833 0
52 G -334.599892357 0
52 H -337.158719231 0
52 I -335.364000945 0
52 K -335.465344943 0
52 L -335.069505981 0
52 M -335.526375084 0
52 N -334.983661974 0
52 P -85.9413539017 0
52 Q -334.957225647 0
52 R -337.057206328 0
52 S -338.349628004 0
52 T -334.226988537 0
52 V -336.121267316 0
52 W -332.852393283 0
52 Y -334.620851018 0
53 A -335.605372948 1
53 C -332.220790209 0
53 D -336.851834647 0
53 E -337.603972979 0
53 F -333.619063949 0
53 G -334.216250516 0
53 H -334.859754939 0
53 I -334.466110305 0
53 K -336.320225066 0
53 L -335.673290382 0
53 M -334.492890147 0
53 N -335.265721063 0
53 P -326.625317857 0
53 Q -336.899450776 0
53 R -338.355929244 0
53 S -335.716777298 0
53 T -334.757912642 0
53 V -334.574572925 0
53 W -333.514912129 0
53 Y -333.388606098 0
54 A -334.041550938 0
54 C -331.91233424 0
54 D -335.586596583 1
54 E -334.46845274 0
54 F -333.464245716 0
54 G -332.127573911 0
54 H -334.26993709 0
54 I -307.494298717 0
54 K -332.719288291 0
54 L -334.023904645 0
54 M -332.829859944 0
54 N -335.353725721 0
54 P -310.329178604 0
54 Q -333.501486023 0
54 R -331.791974225 0
54 S -333.414748547 0
54 T -332.267621617 0
54 V -326.853094193 0
54 W -335.860752216 0
54 Y -332.903121834 0
55 A -333.603808801 0
55 C -331.975852941 0
55 D -328.370864842 0
55 E -336.69385633 0
55 F -325.076313122 0
55 G -330.028886303 0
55 H -334.103127307 0
55 I -331.245308875 0
55 K -336.115831425 0
55 L -339.325849708 0
55 M -338.654499872 1
55 N -330.238058987 0
55 P -149.332596073 0
55 Q -335.633061862 0
55 R -337.633203159 0
55 S -332.094766142 0
55 T -332.643126384 0
55 V -333.969145842 0
55 W -333.690487846 0
55 Y -315.569963246 0
56 A -335.875080688 0
56 C -332.91324028 0
56 D -337.522872048 0
56 E -337.849992828 0
56 F -334.322918778 0
56 G -334.871546372 0
56 H -335.776170124 0
56 I -335.457723679 0
56 K -337.105565721 0
56 L -336.737528446 0
56 M -335.71195482 0
56 N -336.169160172 0
56 P -322.496727275 0
56 Q -335.354887929 1
56 R -336.511519761 0
56 S -336.374181877 0
56 T -335.58151275 0
56 V -335.696236014 0
56 W -335.020158492 0
56 Y -334.079359719 0
57 A -331.548954896 0
57 C -328.440618488 0
57 D -330.179525802 0
57 E -328.707067028 0
57 F -331.406018168 0
57 G -335.992818741 1
57 H -329.462187159 0
57 I -309.247444214 0
57 K -327.376830688 0
57 L -332.930737447 0
57 M -330.247136969 0
57 N -329.305125789 0
57 P -285.208114144 0
57 Q -329.419820628 0
57 R -330.261019952 0
57 S -327.324509036 0
57 T -326.579374882 0
57 V -307.086677705 0
57 W -329.162846365 0
57 Y -330.939725207 0
58 A -335.511586901 0
58 C -334.861132673 0
58 D -330.566005813 0
58 E -327.374669464 0
58 F -313.994039074 0
58 G -331.502960398 0
58 H -323.917907141 0
58 I -339.371594494 0
58 K -313.358292266 0
58 L -332.814348601 0
58 M -329.245890337 0
58 N -333.309768737 0
58 P -162.444779505 0
58 Q -329.238550829 0
58 R -280.155645769 0
58 S -333.996229276 0
58 T -336.866258054 0
58 V -341.011646268 1
58 W -288.368724436 0
58 Y -313.246738796 0
59 A -333.733007681 0
59 C -333.674401008 0
59 D -333.224635586 0
59 E -331.884974353 0
59 F -336.404521278 0
59 G -330.842099756 0
59 H -335.235392166 0
59 I -336.832107926 0
59 K -330.180152615 0
59 L -331.125842443 0
59 M -333.894985818 0
59 N -333.253390362 0
59 P -149.663554575 0
59 Q -329.246439799 0
59 R -327.232893874 0
59 S -331.819616615 0
59 T -333.714286401 0
59 V -336.998696945 1
59 W -333.753415609 0
59 Y -336.055101939 0
60 A -336.34208784 0
60 C -332.650892604 0
60 D -338.115531992 0
60 E -336.736740671 0
60 F -336.302385214 0
60 G -335.136461914 0
60 H -336.796323856 0
60 I -337.176638152 0
60 K -336.807458581 0
60 L -336.920859318 0
60 M -334.842692916 0
60 N -334.765924319 0
60 P -96.9466636766 0
60 Q -335.60540882 0
60 R -336.644037916 0
60 S -337.034871374 0
60 T -337.115881921 1
60 V -329.654096547 0
60 W -335.202566272 0
60 Y -335.937417694 0
61 A -335.948760531 0
61 C -332.502756442 0
61 D -338.285295137 1
61 E -335.441600482 0
61 F -332.148223211 0
61 G -333.094788967 0
61 H -335.580290546 0
61 I -324.302440037 0
61 K -334.173699659 0
61 L -333.271209509 0
61 M -335.043961515 0
61 N -334.571727526 0
61 P -189.417075496 0
61 Q -333.657112308 0
61 R -333.053601505 0
61 S -333.416049794 0
61 T -331.889961049 0
61 V -329.218542295 0
61 W -333.968054421 0
61 Y -331.878274448 0
62 A -260.286677935 0
62 C -233.610560702 0
62 D -243.376355413 0
62 E -189.135773824 0
62 F -218.574535881 0
62 G -339.139310074 1
62 H -225.414536895 0
62 I 150.514775407 0
62 K -135.764674162 0
62 L -96.9177826835 0
62 M 33.0041078252 0
62 N -217.523623376 0
62 P 56.0696292945 0
62 Q -164.297684804 0
62 R -24.0396965558 0
62 S -264.28646077 0
62 T -197.67969152 0
62 V -159.793849609 0
62 W 752.072120399 0
62 Y -216.34336078 0
63 A -335.667235759 0
63 C -334.199834241 0
63 D -334.046666298 0
63 E -337.207105572 0
63 F -331.238411189 0
63 G -333.714289467 0
63 H -335.695904199 0
63 I -336.199750965 0
63 K -335.633848301 0
63 L -335.271058277 0
63 M -335.613457242 1
63 N -335.33435683 0
63 P -106.119521159 0
63 Q -334.706290024 0
63 R -335.798254391 0
63 S -334.827927197 0
63 T -335.439765439 0
63 V -335.196107203 0
63 W -336.506201521 0
63 Y -330.752084309 0
64 A -336.468266221 1
64 C -334.599334024 0
64 D -336.332960116 0
64 E -336.362522453 0
64 F -333.56878407 0
64 G -335.48840663 0
64 H -336.204980035 0
64 I -331.596787516 0
64 K -337.864841974 0
64 L -337.543222066 0
64 M -336.047145386 0
64 N -337.359967686 0
64 P -198.206030839 0
64 Q -335.662027441 0
64 R -337.847450999 0
64 S -336.283924755 0
64 T -335.256693379 0
64 V -331.69036979 0
64 W -336.112323486 0
64 Y -333.46762326 0
65 A -339.888120886 0
65 C -321.541790064 0
65 D -325.450146353 0
65 E -294.432719462 0
65 F -178.680254747 0
65 G -333.446975269 0
65 H -206.734723225 0
65 I -286.055503175 0
65 K -281.493721168 0
65 L -176.968219021 0
65 M -295.970566505 0
65 N -326.698545436 0
65 P 10.6320371574 0
65 Q -289.020188898 0
65 R -288.498241457 0
65 S -338.8658303 1
65 T -287.576629227 0
65 V -278.760860821 0
65 W -203.757155341 0
65 Y -184.521834242 0
66 A -318.794222314 0
66 C -316.843758972 0
66 D -320.945605234 0
66 E -316.636296771 0
66 F -314.842016319 0
66 G -336.514488186 1
66 H -317.122830166 0
66 I -308.765252475 0
66 K -317.2241291 0
66 L -318.973755494 0
66 M -316.711345954 0
66 N -317.81475558 0
66 P -231.109764734 0
66 Q -317.203001755 0
66 R -316.627482296 0
66 S -318.80548682 0
66 T -313.227775578 0
66 V -307.447526964 0
66 W -315.651722458 0
66 Y -313.336735082 0
67 A -330.552042483 0
67 C -330.884311023 0
67 D -333.192953077 0
67 E -335.662655341 0
67 F -335.634504781 0
67 G -328.949435351 0
67 H -333.707992511 0
67 I -333.738963773 0
67 K -330.424120763 0
67 L -338.334244743 1
67 M -333.105395232 0
67 N -333.142319869 0
67 P -329.294334753 0
67 Q -333.507097502 0
67 R -333.776613002 0
67 S -330.533522081 0
67 T -333.864965095 0
67 V -332.989999428 0
67 W -329.343183435 0
67 Y -331.5708633 0
68 A -331.696326509 0
68 C -329.794324793 0
68 D -334.224814551 1
68 E -334.940701538 0
68 F -329.765536558 0
68 G -331.323518726 0
68 H -331.578732065 0
68 I -330.176205521 0
68 K -332.599615336 0
68 L -332.227672798 0
68 M -331.525985737 0
68 N -332.350687082 0
68 P -328.017803031 0
68 Q -332.149143001 0
68 R -331.82309998 0
68 S -333.764865641 0
68 T -332.114522855 0
68 V -330.721714949 0
68 W -330.559736403 0
68 Y -329.668798667 0
69 A -335.809654212 0
69 C -334.288700485 0
69 D -332.721918189 0
69 E -335.132806771 0
69 F -331.159044788 0
69 G -332.001218739 0
69 H -335.434396823 0
69 I -317.669093573 0
69 K -337.056871743 1
69 L -333.301038872 0
69 M -334.324510799 0
69 N -335.685679454 0
69 P -64.7220942676 0
69 Q -335.668743708 0
69 R -335.599134368 0
69 S -335.447244226 0
69 T -332.308586806 0
69 V -316.119906137 0
69 W -331.572659427 0
69 Y -331.135838883 0
70 A -333.228794797 0
70 C -332.728783759 0
70 D -339.754455346 1
70 E -334.940741669 0
70 F -332.109266926 0
70 G -331.401931576 0
70 H -336.701555973 0
70 I -318.921004023 0
70 K -332.642788077 0
70 L -322.35494337 0
70 M -333.871703544 0
70 N -337.614487161 0
70 P -285.68084576 0
70 Q -332.846808529 0
70 R -331.769561282 0
70 S -332.386213654 0
70 T -327.311840908 0
70 V -316.784008484 0
70 W -333.19532651 0
70 Y -332.01495534 0
71 A -331.376035732 0
71 C -330.678617747 0
71 D -332.396467731 0
71 E -327.885081554 0
71 F -341.832303048 0
71 G -328.108112607 0
71 H -335.95003937 0
71 I -289.044714283 0
71 K -327.453641361 0
71 L -323.379122729 0
71 M -331.774262014 0
71 N -334.398619187 0
71 P -284.954760243 0
71 Q -327.906072033 0
71 R -330.50846782 0
71 S -329.992247343 0
71 T -326.759481158 0
71 V -320.730752227 0
71 W -340.561969024 0
71 Y -338.450386707 1
72 A -332.389880151 0
72 C -332.976684472 0
72 D -330.129890675 0
72 E -331.906253077 0
72 F -328.114790504 0
72 G -329.483446961 0
72 H -331.647199706 0
72 I -337.060683076 0
72 K -331.85647586 0
72 L -339.18894617 1
72 M -336.632251193 0
72 N -332.608718424 0
72 P -89.5059732593 0
72 Q -336.367170133 0
72 R -336.22682025 0
72 S -333.187098232 0
72 T -333.565464242 0
72 V -335.411459449 0
72 W -326.908115974 0
72 Y -329.622422213 0
73 A -336.197675184 0
73 C -335.145643589 0
73 D -333.921804175 0
73 E -335.627189255 0
73 F -336.529759159 0
73 G -332.269525375 0
73 H -339.172615642 0
73 I -327.600585204 0
73 K -337.617021699 1
73 L -337.833949367 0
73 M -336.874964301 0
73 N -335.272148901 0
73 P -333.541830309 0
73 Q -334.787901362 0
73 R -336.925572706 0
73 S -335.706362491 0
73 T -334.281494292 0
73 V -332.242010138 0
73 W -336.839435796 0
73 Y -336.710893294 0
74 A -332.759239729 0
74 C -330.84270242 0
74 D -335.152541147 0
74 E -334.70859529 0
74 F -330.406737375 0
74 G -331.357414384 0
74 H -332.709592968 0
74 I -331.769616051 0
74 K -335.657704028 0
74 L -332.850139272 0
74 M -331.992420464 0
74 N -331.723532095 0
74 P -336.252951192 1
74 Q -332.353173326 0
74 R -333.386742207 0
74 S -333.844403938 0
74 T -333.725228957 0
74 V -333.169968035 0
74 W -327.741022054 0
74 Y -325.486553337 0
75 A -332.476879658 0
75 C -330.897459466 0
75 D -335.924380827 1
75 E -334.316605271 0
75 F -332.616414039 0
75 G -332.261338478 0
75 H -334.791362987 0
75 I -302.978592885 0
75 K -334.951293747 0
75 L -332.819140096 0
75 M -332.310839131 0
75 N -336.12947204 0
75 P -276.810498507 0
75 Q -332.813475652 0
75 R -334.173656834 0
75 S -333.835525751 0
75 T -328.273218892 0
75 V -319.984787029 0
75 W -331.460123198 0
75 Y -332.272338931 0
76 A -325.431906022 0
76 C -326.78530797 0
76 D -336.629053137 1
76 E -328.709856457 0
76 F -215.820959372 0
76 G -322.01323558 0
76 H -283.566935493 0
76 I -322.903857307 0
76 K -308.469303522 0
76 L -325.465121579 0
76 M -324.053180721 0
76 N -331.67951116 0
76 P -312.846117688 0
76 Q -318.150632949 0
76 R -274.748889721 0
76 S -325.910797891 0
76 T -318.433533548 0
76 V -322.146141635 0
76 W -142.561959263 0
76 Y -278.247645532 0
77 A -333.607056862 0
77 C -331.518845733 0
77 D -334.636889344 0
77 E -335.14914116 0
77 F -333.750132469 0
77 G -333.475143207 0
77 H -336.068679876 0
77 I -332.457601327 0
77 K -335.152540241 0
77 L -333.997784822 0
77 M -333.405410286 0
77 N -333.762309411 0
77 P -334.903703535 0
77 Q -332.965116224 0
77 R -334.086577294 0
77 S -335.935923905 1
77 T -334.086836196 0
77 V -332.382576063 0
77 W -332.097477635 0
77 Y -333.556390744 0
78 A -326.206693195 0
78 C -323.910402442 0
78 D -323.647638843 0
78 E -323.793071893 0
78 F -326.188042525 0
78 G -324.567658966 0
78 H -328.275152441 0
78 I -314.653452807 0
78 K -327.43529913 0
78 L -321.543272773 0
78 M -329.218195709 0
78 N -325.672121901 0
78 P -301.609384391 0
78 Q -325.559841113 0
78 R -335.910330564 1
78 S -325.549169244 0
78 T -325.395713643 0
78 V -314.416637578 0
78 W -326.099391717 0
78 Y -325.902813724 0
79 A -326.659406701 0
79 C -327.814865264 0
79 D -328.679907309 0
79 E -325.088737247 0
79 F -304.13507514 0
79 G -321.690089188 0
79 H -313.343495571 0
79 I -335.461738692 0
79 K -317.683612623 0
79 L -300.262017353 0
79 M -328.219965232 0
79 N -330.850607284 0
79 P -258.90579395 0
79 Q -324.893893254 0
79 R -301.52047938 0
79 S -326.261664596 0
79 T -329.375513873 0
79 V -333.970375469 1
79 W -184.374117446 0
79 Y -298.567934732 0
80 A -327.569141719 0
80 C -326.009510806 0
80 D -330.348782108 0
80 E -329.846479249 0
80 F -330.222480632 0
80 G -324.278659748 0
80 H -329.279884738 0
80 I -337.964335078 1
80 K -328.931903112 0
80 L -335.438296929 0
80 M -330.650532931 0
80 N -330.614353676 0
80 P -210.870751101 0
80 Q -330.535634678 0
80 R -331.712676617 0
80 S -329.545154146 0
80 T -331.867564924 0
80 V -334.526317412 0
80 W -326.795821341 0
80 Y -330.438161855 0
81 A -334.065646684 1
81 C -325.592617743 0
81 D -317.534689743 0
81 E -316.045960525 0
81 F -279.976490583 0
81 G -327.513007015 0
81 H -286.357812976 0
81 I -316.980245107 0
81 K -293.247805098 0
81 L -312.071997968 0
81 M -301.092058029 0
81 N -315.591782021 0
81 P -270.298442057 0
81 Q -303.673814475 0
81 R -287.569040014 0
81 S -330.927504303 0
81 T -326.124833059 0
81 V -323.770679746 0
81 W -257.352603294 0
81 Y -283.992806581 0
82 A -334.79221643 0
82 C -332.730794043 0
82 D -330.446726031 0
82 E -328.245188051 0
82 F -336.120827497 0
82 G -330.45357987 0
82 H -336.331687771 1
82 I -298.070762454 0
82 K -332.007302578 0
82 L -318.85436211 0
82 M -331.668214181 0
82 N -333.504034221 0
82 P -306.883100789 0
82 Q -330.398163378 0
82 R -333.852676328 0
82 S -334.337796972 0
82 T -331.752425498 0
82 V -324.175612881 0
82 W -334.350705243 0
82 Y -335.283501695 0
83 A -329.658291771 0
83 C -330.600985371 0
83 D -326.751749857 0
83 E -325.037322735 0
83 F -223.105046436 0
83 G -327.986788494 0
83 H -292.158257089 0
83 I -314.895774714 0
83 K -286.557487739 0
83 L -323.520333553 0
83 M -290.925455889 0
83 N -330.950574442 0
83 P -242.751181565 0
83 Q -318.930053722 0
83 R -286.219708769 0
83 S -331.084178978 0
83 T -336.896867274 1
83 V -323.465113822 0
83 W -71.5000110053 0
83 Y -108.109070976 0
84 A -335.720792859 0
84 C -334.195443931 0
84 D -334.460428323 0
84 E -335.270221358 0
84 F -333.910440219 0
84 G -336.160025386 0
84 H -336.814858138 0
84 I -336.220516424 0
84 K -335.964155524 1
84 L -335.963475159 0
84 M -338.168173523 0
84 N -335.464181099 0
84 P -320.568399172 0
84 Q -333.933925718 0
84 R -340.625792892 0
84 S -336.721158914 0
84 T -335.776633163 0
84 V -333.82883858 0
84 W -333.627781126 0
84 Y -333.003365656 0
85 A -331.451858066 0
85 C -332.212278074 0
85 D -330.891234336 0
85 E -331.115264637 0
85 F -77.3685373454 0
85 G -328.677385602 0
85 H -264.208694571 0
85 I -330.393901212 0
85 K -318.032461728 0
85 L -340.570547836 1
85 M -337.173463098 0
85 N -332.682024414 0
85 P -280.974678578 0
85 Q -331.184287838 0
85 R -302.057940006 0
85 S -330.589786659 0
85 T -331.414658684 0
85 V -327.0258754 0
85 W -25.1282979855 0
85 Y -38.4447322125 0
86 A -335.341249629 0
86 C -335.337726064 0
86 D -331.162770557 0
86 E -330.332754202 0
86 F -318.657499744 0
86 G -329.768203447 0
86 H -319.095153896 0
86 I -343.085095146 1
86 K -334.07171849 0
86 L -332.005230565 0
86 M -333.937173332 0
86 N -334.55758985 0
86 P -227.875643102 0
86 Q -334.01404548 0
86 R -334.566600467 0
86 S -334.918418976 0
86 T -336.808579781 0
86 V -339.44227617 0
86 W -314.371070318 0
86 Y -316.85890276 0
87 A -295.268704996 0
87 C -304.688551114 0
87 D -302.113940949 0
87 E -302.998290016 0
87 F -302.655569351 0
87 G -336.975143842 1
87 H -301.906896006 0
87 I 37.1020414763 0
87 K -296.953875489 0
87 L -278.705385799 0
87 M -297.373124251 0
87 N -300.062539113 0
87 P -255.978627845 0
87 Q -300.487836904 0
87 R -299.669420933 0
87 S -305.841539381 0
87 T -277.517813035 0
87 V 95.6412116588 0
87 W -290.770706784 0
87 Y -300.8222121 0
88 A -337.392796354 0
88 C -274.713089175 0
88 D -204.104661369 0
88 E -166.300853261 0
88 F 123.177852305 0
88 G -334.105964435 0
88 H 11.8464533953 0
88 I -25.8978275256 0
88 K -332.234899326 0
88 L 321.989782368 0
88 M -263.822673216 0
88 N -98.7749233765 0
88 P -196.054534867 0
88 Q -233.428852156 0
88 R -284.17512784 0
88 S -337.196151225 1
88 T -332.742971166 0
88 V -201.930267999 0
88 W -100.440026587 0
88 Y 76.908912556 0
89 A -329.669018582 0
89 C -328.549243354 0
89 D -330.868474281 0
89 E -329.602894205 0
89 F -330.742627638 0
89 G -336.487129786 1
89 H -331.416872787 0
89 I -312.313889379 0
89 K -332.242583063 0
89 L -330.622673055 0
89 M -328.499464494 0
89 N -331.903197766 0
89 P -235.914794242 0
89 Q -330.088224991 0
89 R -332.035700608 0
89 S -330.82277195 0
89 T -325.291095491 0
89 V -311.433159324 0
89 W -328.590567694 0
89 Y -328.786685922 0
90 A -333.05912743 0
90 C -332.306599987 0
90 D -336.839122434 0
90 E -340.219171634 1
90 F -332.885588039 0
90 G -333.069176336 0
90 H -334.309693841 0
90 I -326.878549259 0
90 K -332.983016045 0
90 L -337.246455973 0
90 M -337.529684536 0
90 N -332.798772358 0
90 P -94.4833963109 0
90 Q -339.27196027 0
90 R -334.179619868 0
90 S -332.55492265 0
90 T -326.18199176 0
90 V -328.927635018 0
90 W -332.45525595 0
90 Y -332.642364721 0
91 A -335.561669624 0
91 C -334.190229672 0
91 D -333.222691217 0
91 E -336.753317487 0
91 F -339.807077205 0
91 G -332.87441918 0
91 H -337.293646576 0
91 I -336.399947093 0
91 K -336.918418968 1
91 L -334.440925691 0
91 M -335.375428942 0
91 N -335.36472849 0
91 P -311.454832735 0
91 Q -334.822912795 0
91 R -336.451371705 0
91 S -336.282749665 0
91 T -336.066689352 0
91 V -336.776885876 0
91 W -333.929625761 0
91 Y -338.261869251 0
92 A -337.977677574 0
92 C -334.968126402 0
92 D -340.724157024 1
92 E -335.414105713 0
92 F -326.466297548 0
92 G -333.819197941 0
92 H -322.124046375 0
92 I -330.546001203 0
92 K -333.573431648 0
92 L -322.811336275 0
92 M -332.849118102 0
92 N -335.368991988 0
92 P -303.285412668 0
92 Q -334.042486388 0
92 R -335.360849682 0
92 S -335.985152427 0
92 T -336.979915142 0
92 V -336.562548509 0
92 W -325.338020736 0
92 Y -328.312910248 0
93 A -339.255067023 0
93 C -335.461117463 0
93 D -335.361615681 0
93 E -337.517172685 0
93 F -337.844383567 0
93 G -335.726154856 0
93 H -338.134286983 0
93 I -326.625363759 0
93 K -339.254500381 0
93 L -336.556992887 0
93 M -338.002264793 0
93 N -336.491889712 0
93 P -322.421009358 0
93 Q -337.19234884 0
93 R -339.330826344 0
93 S -339.444692411 1
93 T -338.164874784 0
93 V -337.96234948 0
93 W -338.035102319 0
93 Y -337.666483053 0
94 A -328.541094315 0
94 C -328.415070775 0
94 D -325.223515786 0
94 E -325.727641819 0
94 F -319.802037936 0
94 G -324.004953722 0
94 H -328.362099104 0
94 I -331.566586267 0
94 K -328.369318355 0
94 L -319.837825793 0
94 M -327.681241933 0
94 N -328.327131044 0
94 P -283.305660864 0
94 Q -327.490098585 0
94 R -329.231311492 0
94 S -327.989134613 0
94 T -331.38012024 0
94 V -334.905705639 1
94 W -327.273243502 0
94 Y -316.372918812 0
95 A -335.482881044 0
95 C -334.910037014 0
95 D -331.405309763 0
95 E -333.853743819 0
95 F -318.482134882 0
95 G -331.912331543 0
95 H -330.29669647 0
95 I -337.291349409 0
95 K -335.976397962 0
95 L -335.499558357 0
95 M -333.661892098 0
95 N -334.252312684 0
95 P -326.381030062 0
95 Q -335.193547622 0
95 R -335.222713078 0
95 S -336.493776179 0
95 T -338.451123277 1
95 V -338.546334482 0
95 W -324.015905416 0
95 Y -316.330790149 0
96 A -331.354247329 0
96 C -329.55375846 0
96 D -328.937508282 0
96 E -328.534191665 0
96 F -341.749520352 1
96 G -328.125623684 0
96 H -335.850369266 0
96 I -329.217379467 0
96 K -325.435530492 0
96 L -327.591928241 0
96 M -332.249553136 0
96 N -330.398871458 0
96 P -266.282176326 0
96 Q -328.803624488 0
96 R -317.441499209 0
96 S -331.533611674 0
96 T -331.191988078 0
96 V -332.885362502 0
96 W -332.23009479 0
96 Y -340.638296184 0
97 A -339.374178341 0
97 C -336.356135562 0
97 D -341.521011519 1
97 E -339.067458571 0
97 F -338.091433438 0
97 G -337.741318263 0
97 H -338.250065209 0
97 I -321.098048245 0
97 K -338.812678184 0
97 L -339.504383399 0
97 M -338.172917112 0
97 N -340.061493175 0
97 P -339.192901075 0
97 Q -336.722239784 0
97 R -338.148081205 0
97 S -339.86325978 0
97 T -335.558704134 0
97 V -321.352531765 0
97 W -341.182985162 0
97 Y -338.138119665 0
98 A -343.170805212 0
98 C -343.978926816 0
98 D -338.818526856 0
98 E -307.562351379 0
98 F -224.946001964 0
98 G -339.589505097 0
98 H -273.944082782 0
98 I -338.372431508 0
98 K -298.804022553 0
98 L -338.759829955 0
98 M -317.752264838 0
98 N -342.554860763 0
98 P -81.0057485629 0
98 Q -309.942372143 0
98 R -247.60155686 0
98 S -344.876713384 0
98 T -346.074995024 0
98 V -346.033956785 1
98 W 30.0012644314 0
98 Y 108.153766627 0
99 A -334.935918845 0
99 C -332.895753889 0
99 D -338.535259939 0
99 E -336.779736778 0
99 F -333.293775279 0
99 G -334.375535052 0
99 H -334.511169098 0
99 I -331.256419539 0
99 K -335.852435574 0
99 L -335.301966379 0
99 M -334.530660944 0
99 N -335.311246542 0
99 P -310.709925965 0
99 Q -333.717535174 0
99 R -337.007401128 0
99 S -336.979344747 1
99 T -335.322148256 0
99 V -331.388799959 0
99 W -333.806104422 0
99 Y -333.248900083 0
100 A -336.020865013 0
100 C -334.194294743 0
100 D -335.958858052 0
100 E -336.11028122 0
100 F -334.034267686 0
100 G -334.61517426 0
100 H -335.197386235 0
100 I -332.878802553 0
100 K -337.084141425 1
100 L -337.752106471 0
100 M -336.900229115 0
100 N -336.40334081 0
100 P -209.647853938 0
100 Q -335.690707004 0
100 R -336.933830844 0
100 S -336.147156762 0
100 T -335.46065972 0
100 V -332.43298788 0
100 W -336.237053116 0
100 Y -332.821602361 0
101 A -333.930110322 0
101 C -334.572384477 0
101 D -334.129852507 0
101 E -335.692090353 0
101 F -315.941665625 0
101 G -329.398619729 0
101 H -334.331378011 0
101 I -335.070732364 0
101 K -329.017193098 0
101 L -344.665610103 1
101 M -338.308765129 0
101 N -335.303556885 0
101 P -268.436878087 0
101 Q -334.002944589 0
101 R -320.520881993 0
101 S -333.769291264 0
101 T -334.467716768 0
101 V -333.878468466 0
101 W -317.951977193 0
101 Y -308.574973343 0
102 A -338.843065354 0
102 C -337.586585521 0
102 D -338.324856709 0
102 E -340.73632191 0
102 F -339.638183186 0
102 G -337.285564851 0
102 H -340.084555828 0
102 I -340.684602979 0
102 K -341.190609188 1
102 L -340.549930132 0
102 M -339.265227707 0
102 N -338.620906848 0
102 P -324.372300442 0
102 Q -341.185269125 0
102 R -341.16211394 0
102 S -339.558190043 0
102 T -339.897116388 0
102 V -341.61124911 0
102 W -338.596841293 0
102 Y -339.811747218 0
103 A -339.138593665 0
103 C -335.766202074 0
103 D -341.864372743 0
103 E -341.179969157 1
103 F -338.640085831 0
103 G -335.672192037 0
103 H -339.039501612 0
103 I -336.548576923 0
103 K -337.654547371 0
103 L -338.645541643 0
103 M -336.498871159 0
103 N -337.178493234 0
103 P -341.369881984 0
103 Q -338.77704401 0
103 R -337.376586278 0
103 S -338.763450985 0
103 T -336.097417116 0
103 V -336.839318023 0
103 W -338.741997956 0
103 Y -338.164349362 0
104 A -327.492331486 0
104 C -324.410604531 0
104 D -329.288212975 0
104 E -327.199798905 0
104 F -327.344069506 0
104 G -336.53119473 1
104 H -328.513916068 0
104 I -302.905997232 0
104 K -330.105605675 0
104 L -328.748392347 0
104 M -322.750636801 0
104 N -330.918859881 0
104 P -250.740332012 0
104 Q -327.532054812 0
104 R -328.410934374 0
104 S -327.565709599 0
104 T -320.959408596 0
104 V -301.647239025 0
104 W -327.221215535 0
104 Y -327.542420003 0
105 A -338.578364754 0
105 C -338.280673779 0
105 D -337.512570646 0
105 E -339.608632726 1
105 F -273.890950718 0
105 G -334.249846924 0
105 H -330.30117688 0
105 I -341.646726052 0
105 K -337.541637687 0
105 L -337.096347687 0
105 M -338.684719961 0
105 N -337.690205476 0
105 P -195.521115143 0
105 Q -337.757522336 0
105 R -337.210957411 0
105 S -338.821686511 0
105 T -341.000096631 0
105 V -343.174489297 0
105 W -323.154114556 0
105 Y -339.787276053 0
106 A -333.04216729 0
106 C -332.495279595 0
106 D -334.14122552 0
106 E -335.50010977 0
106 F -332.765766194 0
106 G -331.058559825 0
106 H -333.148827934 0
106 I -335.756176699 0
106 K -336.203040251 0
106 L -336.562395886 0
106 M -335.177066801 0
106 N -333.795420596 0
106 P -332.275688428 0
106 Q -334.106914995 1
106 R -335.525981444 0
106 S -333.901842768 0
106 T -334.939179004 0
106 V -335.63795794 0
106 W -334.222583051 0
106 Y -332.639817245 0
107 A -326.080272403 0
107 C -326.060920534 0
107 D -328.315748913 0
107 E -325.255804408 0
107 F -341.639996185 0
107 G -322.126711011 0
107 H -335.480037115 0
107 I -319.938934695 0
107 K -329.506945112 0
107 L -331.392962094 0
107 M -331.287055667 0
107 N -331.621732406 0
107 P -283.638574538 0
107 Q -328.74993503 0
107 R -324.390906842 0
107 S -324.878994866 0
107 T -324.670853647 0
107 V -286.219701294 0
107 W -307.674292934 0
107 Y -342.95731871 1
108 A -334.335378051 0
108 C -333.76327201 0
108 D -332.190309134 0
108 E -337.928196948 0
108 F -332.451972093 0
108 G -329.718120421 0
108 H -337.208901009 0
108 I -338.694882754 0
108 K -337.783082018 0
108 L -340.925623087 0
108 M -341.156191776 1
108 N -333.196153155 0
108 P -272.310867157 0
108 Q -336.751139857 0
108 R -337.777161396 0
108 S -333.658530608 0
108 T -335.16516086 0
108 V -338.433500534 0
108 W -337.077951108 0
108 Y -330.403470981 0
109 A -327.497840244 0
109 C -326.015134444 0
109 D -323.542834482 0
109 E -323.438229728 0
109 F -340.181431862 1
109 G -323.65239646 0
109 H -330.577645863 0
109 I -331.313052434 0
109 K -324.355268069 0
109 L -327.702981379 0
109 M -325.852676781 0
109 N -326.302394622 0
109 P -299.136377401 0
109 Q -325.797018613 0
109 R -298.401772404 0
109 S -326.136679602 0
109 T -326.170274622 0
109 V -331.6747904 0
109 W -291.687196052 0
109 Y -326.304547277 0
110 A -329.259219296 0
110 C -327.293173915 0
110 D -322.780726079 0
110 E -321.905390121 0
110 F -338.974719149 1
110 G -322.99429062 0
110 H -331.919964252 0
110 I -319.988524386 0
110 K -321.786688299 0
110 L -325.919885197 0
110 M -330.210516127 0
110 N -327.019619276 0
110 P -284.942669349 0
110 Q -324.917540462 0
110 R -300.858810158 0
110 S -327.279689748 0
110 T -327.800395885 0
110 V -314.556996068 0
110 W -308.67207896 0
110 Y -336.482402733 0
111 A -337.230498833 0
111 C -337.084421181 1
111 D -334.48876105 0
111 E -309.289610704 0
111 F -115.641794016 0
111 G -332.772194724 0
111 H -253.092861552 0
111 I -315.623114174 0
111 K -162.773678045 0
111 L -266.798137622 0
111 M -131.373329432 0
111 N -336.067680087 0
111 P -231.150586685 0
111 Q -303.777798289 0
111 R -150.321972397 0
111 S -335.872166436 0
111 T -335.839326469 0
111 V -336.228896781 0
111 W 93.1252193504 0
111 Y -96.416704169 0
112 A -330.644335944 0
112 C -331.313205879 0
112 D -329.015676564 0
112 E -320.063148288 0
112 F -274.623012526 0
112 G -326.867528294 0
112 H -183.11805263 0
112 I -299.073360348 0
112 K -285.9746107 0
112 L -296.611680574 0
112 M -256.010906418 0
112 N -327.378451207 0
112 P -303.408780564 0
112 Q -307.541175515 0
112 R -258.718414942 0
112 S -332.676169973 0
112 T -336.979871082 1
112 V -316.628423976 0
112 W -239.325674652 0
112 Y -183.210520051 0
113 A -328.711094675 0
113 C -329.838254704 0
113 D -328.375333808 0
113 E -328.759349913 0
113 F -338.258148279 1
113 G -323.236321974 0
113 H -334.410929272 0
113 I -312.502911816 0
113 K -329.813446829 0
113 L -310.732556497 0
113 M -332.371476706 0
113 N -331.408339881 0
113 P -301.989758428 0
113 Q -328.543908003 0
113 R -331.123255853 0
113 S -329.979384617 0
113 T -331.866013184 0
113 V -306.419691388 0
113 W -333.942002501 0
113 Y -335.693269106 0
114 A -330.832723314 0
114 C -329.131480756 0
114 D -330.946481238 0
114 E -332.258058158 0
114 F -323.976843347 0
114 G -328.69498993 0
114 H -330.905638895 0
114 I -329.429907517 0
114 K -330.021590818 0
114 L -327.517745384 0
114 M -329.218774396 0
114 N -330.484215233 0
114 P -335.824398605 1
114 Q -329.878229296 0
114 R -330.135854638 0
114 S -331.344503021 0
114 T -331.017855399 0
114 V -329.329014189 0
114 W -326.516213526 0
114 Y -324.870212928 0
115 A -328.349969343 0
115 C -324.612100827 0
115 D -329.512309102 0
115 E -329.18353355 0
115 F -329.700491686 0
115 G -335.216091648 1
115 H -330.859265426 0
115 I -315.282323152 0
115 K -330.287036901 0
115 L -329.075795497 0
115 M -326.050062528 0
115 N -330.376463786 0
115 P -230.115355755 0
115 Q -327.846487568 0
115 R -328.912345462 0
115 S -330.787958248 0
115 T -325.185791355 0
115 V -315.710295181 0
115 W -327.701753152 0
115 Y -328.789823096 0
116 A -335.378451868 0
116 C -334.522849874 0
116 D -331.6630613 0
116 E -327.246751766 0
116 F -333.890919363 0
116 G -330.876235074 0
116 H -337.086877376 1
116 I -324.160100124 0
116 K -324.887746024 0
116 L -333.270198953 0
116 M -334.047395063 0
116 N -333.588879307 0
116 P -158.343854961 0
116 Q -332.772339088 0
116 R -335.354527929 0
116 S -333.735862517 0
116 T -333.347152775 0
116 V -329.527996724 0
116 W -262.475697197 0
116 Y -320.49342596 0
117 A -336.447130273 0
117 C -335.724283941 0
117 D -340.832482096 0
117 E -340.787238533 0
117 F -341.642594797 0
117 G -334.019039635 0
117 H -342.891909705 0
117 I -332.441107488 0
117 K -335.735157742 0
117 L -329.15633758 0
117 M -334.481545728 0
117 N -338.810165379 0
117 P -319.494933273 0
117 Q -337.940510175 0
117 R -332.393015323 0
117 S -337.350444094 1
117 T -333.784157971 0
117 V -333.623509742 0
117 W -340.412535904 0
117 Y -340.845075747 0
118 A -336.800503597 1
118 C -333.364490398 0
118 D -337.370210918 0
118 E -337.602060022 0
118 F -334.950205321 0
118 G -335.298244103 0
118 H -336.282028076 0
118 I -335.462005239 0
118 K -337.25201389 0
118 L -336.790420575 0
118 M -335.194460727 0
118 N -336.887346592 0
118 P -313.067760409 0
118 Q -335.586819971 0
118 R -337.060225864 0
118 S -336.547072177 0
118 T -335.61943892 0
118 V -335.74284258 0
118 W -335.20347417 0
118 Y -334.960841419 0
119 A -333.097866028 0
119 C -332.632501848 0
119 D -334.91147465 0
119 E -334.893491277 0
119 F -335.484251423 0
119 G -331.205287428 0
119 H -335.825680465 0
119 I -335.812637843 0
119 K -336.653635097 0
119 L -337.932538879 1
119 M -335.237929949 0
119 N -334.673333848 0
119 P -284.390542439 0
119 Q -334.188009142 0
119 R -337.782109742 0
119 S -334.073941822 0
119 T -335.471041264 0
119 V -336.176468079 0
119 W -334.957185006 0
119 Y -335.664848159 0
120 A -329.617199664 0
120 C -329.635994581 0
120 D -325.818667187 0
120 E -327.104906526 0
120 F 495.00926209 0
120 G -324.32764029 0
120 H 116.147312723 0
120 I -327.844798769 0
120 K -324.7578562 0
120 L -318.293750336 0
120 M -339.254097995 1
120 N -328.838644158 0
120 P -198.410417029 0
120 Q -331.883397561 0
120 R -323.267524868 0
120 S -327.980352867 0
120 T -327.541185087 0
120 V -329.982125423 0
120 W 383.831052393 0
120 Y 964.161903353 0
121 A -339.666310349 0
121 C -337.415185322 0
121 D -332.862475299 0
121 E -336.91231976 0
121 F -340.403844358 0
121 G -333.93092891 0
121 H -340.130332365 0
121 I -326.680720672 0
121 K -339.593834999 1
121 L -338.573593273 0
121 M -337.780119922 0
121 N -340.040368049 0
121 P -266.420678566 0
121 Q -339.675651957 0
121 R -340.752780495 0
121 S -339.046434168 0
121 T -337.65598829 0
121 V -326.168766984 0
121 W -338.059638254 0
121 Y -339.805697212 0
122 A -238.691276556 0
122 C -213.198734822 0
122 D -210.982477618 0
122 E 82.0636096576 0
122 F -200.22045331 0
122 G -339.875624958 1
122 H -184.678597927 0
122 I -69.0462234359 0
122 K 50.1288055121 0
122 L 634.919511495 0
122 M 1160.2979042 0
122 N -211.779999455 0
122 P -249.985885019 0
122 Q 63.0913599392 0
122 R 122.592853452 0
122 S -201.284947133 0
122 T 79.9620347032 0
122 V -58.0730061609 0
122 W 2021.39064885 0
122 Y -185.940686414 0
123 A -339.401966388 0
123 C -338.534121863 0
123 D -339.55262208 0
123 E -342.08844761 0
123 F -332.019573506 0
123 G -337.916795829 0
123 H -338.358401784 0
123 I -339.729446476 0
123 K -340.54496697 0
123 L -340.054502693 0
123 M -339.264575839 0
123 N -340.723673503 0
123 P -295.808850158 0
123 Q -340.506255069 0
123 R -340.197639133 0
123 S -340.711337434 0
123 T -340.366934929 1
123 V -340.321880097 0
123 W -337.351613121 0
123 Y -331.240831256 0
124 A -328.85972288 0
124 C -329.541073385 0
124 D -327.90495389 0
124 E -331.77796251 0
124 F -304.246182073 0
124 G -323.81834443 0
124 H -324.653684609 0
124 I -315.42985709 0
124 K -323.946816998 0
124 L -338.873652371 1
124 M -332.122054883 0
124 N -330.361079117 0
124 P -287.994393564 0
124 Q -332.003051667 0
124 R -328.115826545 0
124 S -329.097812623 0
124 T -331.127605789 0
124 V -335.450706766 0
124 W -318.721190947 0
124 Y -292.691141067 0
125 A -338.959460886 0
125 C -336.875703636 0
125 D -339.49682538 0
125 E -339.518435365 0
125 F -338.986070198 0
125 G -335.66677739 0
125 H -340.102426802 0
125 I -341.271597884 0
125 K -339.528825193 0
125 L -339.825431135 0
125 M -339.721336498 0
125 N -339.569510352 0
125 P -271.852351282 0
125 Q -338.030802354 0
125 R -339.737679045 0
125 S -338.88125788 0
125 T -339.703239253 1
125 V -341.177496468 0
125 W -339.415711239 0
125 Y -338.899824121 0
126 A -332.375495948 0
126 C -333.339148403 0
126 D -331.290608763 0
126 E -332.475524337 0
126 F -309.45501922 0
126 G -327.980252903 0
126 H -331.008984988 0
126 I -338.241002974 0
126 K -335.346170973 0
126 L -342.238404723 1
126 M -337.129466805 0
126 N -333.746303788 0
126 P -331.317498673 0
126 Q -334.717502341 0
126 R -335.635992508 0
126 S -333.177662416 0
126 T -334.999902553 0
126 V -335.679357393 0
126 W -307.890531784 0
126 Y -302.509649975 0
127 A -340.069232853 0
127 C -338.336043351 0
127 D -338.140602053 0
127 E -340.589729939 0
127 F -337.258523124 0
127 G -339.003257983 0
127 H -338.982050871 0
127 I -340.036387243 0
127 K -340.969946282 1
127 L -340.168996229 0
127 M -340.441203022 0
127 N -339.03817514 0
127 P -278.463001518 0
127 Q -339.581539697 0
127 R -340.534965472 0
127 S -339.904281777 0
127 T -339.256450099 0
127 V -340.409364151 0
127 W -337.554742171 0
127 Y -337.768127376 0
