1 A -129.600461276 0
1 C -126.446946893 0
1 D -124.952902883 0
1 E -131.321542748 0
1 F -127.848066331 0
1 G -129.809531144 0
1 H -129.8446124 0
1 I -120.398167556 0
1 K -129.22214854 0
1 L -129.500590407 0
1 M -128.178654031 0
1 N -127.181095011 0
1 P -132.228149691 0
1 Q -128.061508082 0
1 R -127.807048173 0
1 S -130.344881845 1
1 T -125.754998471 0
1 V -124.903591979 0
1 W -127.490293076 0
1 Y -127.945568703 0
2 A -133.427694033 0
2 C -130.848644617 0
2 D -134.784030059 0
2 E -134.272840421 0
2 F -132.772846271 0
2 G -133.394570115 1
2 H -134.130718218 0
2 I -130.617851972 0
2 K -134.476238709 0
2 L -134.161114659 0
2 M -132.359064478 0
2 N -135.733315844 0
2 P -130.01630181 0
2 Q -132.545246976 0
2 R -134.0450031 0
2 S -133.71786246 0
2 T -132.836200085 0
2 V -130.72619278 0
2 W -132.334802736 0
2 Y -132.227738711 0
3 A -131.488424409 0
3 C -130.833568363 0
3 D -128.549745554 0
3 E -132.841141766 0
3 F -125.097062964 0
3 G -127.45079578 0
3 H -131.124182874 0
3 I -131.122206762 0
3 K -132.252629791 1
3 L -127.333909554 0
3 M -134.174528193 0
3 N -130.109802584 0
3 P 52.8395822929 0
3 Q -131.254121896 0
3 R -132.025003506 0
3 S -130.486830865 0
3 T -131.44952075 0
3 V -132.185131779 0
3 W -131.387922195 0
3 Y -123.790631864 0
4 A -130.712425242 0
4 C -129.601113527 0
4 D -129.12488921 0
4 E -130.554668118 0
4 F -133.048130661 0
4 G -127.646068899 0
4 H -132.277082765 0
4 I -131.095125793 0
4 K -131.978505476 0
4 L -130.622912405 0
4 M -131.612366778 1
4 N -130.271468418 0
4 P -82.8101105217 0
4 Q -130.179869587 0
4 R -131.717845703 0
4 S -130.659995592 0
4 T -131.265500066 0
4 V -132.124392564 0
4 W -132.152751108 0
4 Y -132.855041907 0
5 A -128.853507469 0
5 C -128.598744802 0
5 D -127.780377725 0
5 E -132.298449269 0
5 F -127.679351823 0
5 G -126.939793041 0
5 H -132.263209639 0
5 I -128.543313722 0
5 K -132.823875886 0
5 L -130.413586358 0
5 M -129.386169114 0
5 N -129.029066024 0
5 P -123.350651673 0
5 Q -131.875936725 0
5 R -132.274325377 0
5 S -130.72135448 0
5 T -135.446268286 1
5 V -129.062815426 0
5 W -131.203473137 0
5 Y -124.043890065 0
6 A -57.5668518602 0
6 C -47.1544971211 0
6 D -44.3815172454 0
6 E -21.6757353405 0
6 F 24.8714573748 0
6 G -135.264138118 1
6 H -20.72874437 0
6 I 230.268114022 0
6 K 94.5261087091 0
6 L -38.5102359417 0
6 M -7.54727325572 0
6 N -39.6010004961 0
6 P -39.1297747914 0
6 Q 19.5734808986 0
6 R 34.7604738794 0
6 S -48.049912958 0
6 T 164.944363762 0
6 V 201.527541035 0
6 W 4.09690593791 0
6 Y 34.0610574127 0
7 A -128.680017655 0
7 C -127.725152049 0
7 D -126.333757814 0
7 E -130.247522342 0
7 F -132.398615726 0
7 G -126.051552557 0
7 H -131.302705092 0
7 I -133.985963528 1
7 K -130.316383105 0
7 L -132.452174388 0
7 M -130.153014016 0
7 N -128.976810486 0
7 P -78.281719591 0
7 Q -129.588075809 0
7 R -130.066785051 0
7 S -128.850633839 0
7 T -132.960603915 0
7 V -133.367923448 0
7 W -125.645104897 0
7 Y -132.022903088 0
8 A -127.782228482 0
8 C -128.520900662 0
8 D -123.879705123 0
8 E -124.73025735 0
8 F -105.008777353 0
8 G -123.682117049 0
8 H -105.751096656 0
8 I -131.506846077 0
8 K -41.7568468461 0
8 L -104.845076018 0
8 M -124.412720326 0
8 N -127.577958647 0
8 P 33.3906266062 0
8 Q -127.555678524 0
8 R -76.9478230515 0
8 S -126.440894186 0
8 T -130.048187227 0
8 V -135.641313837 1
8 W -96.6534216514 0
8 Y -106.866686638 0
9 A -128.897743806 0
9 C -126.804726011 0
9 D -127.962699631 0
9 E -128.565158761 0
9 F -126.674317636 0
9 G -125.581357182 0
9 H -129.546973771 0
9 I -106.013717808 0
9 K -133.108046263 1
9 L -131.072434218 0
9 M -127.532773726 0
9 N -128.220412904 0
9 P 165.494494765 0
9 Q -129.472429267 0
9 R -130.202176753 0
9 S -129.780696829 0
9 T -127.812246556 0
9 V -130.650049192 0
9 W -127.756350719 0
9 Y -127.09403965 0
10 A -126.564175885 0
10 C -125.507844823 0
10 D -127.178824737 0
10 E -126.654726946 0
10 F -126.414126995 0
10 G -125.751489095 0
10 H -127.769782256 0
10 I -124.617348795 0
10 K -126.913841468 0
10 L -124.874695023 0
10 M -126.195677394 0
10 N -126.144182641 0
10 P -69.6439417081 0
10 Q -124.849174649 0
10 R -126.759771822 0
10 S -127.235621319 0
10 T -127.096682363 0
10 V -123.974337135 0
10 W -131.275272621 1
10 Y -125.950422976 0
11 A -120.525161285 0
11 C -114.815442934 0
11 D -120.4167226 0
11 E -118.181878631 0
11 F -133.701619017 1
11 G -109.998597223 0
11 H -133.152583533 0
11 I -100.394718822 0
11 K -115.962328753 0
11 L -112.044481044 0
11 M -129.665223597 0
11 N -121.285581767 0
11 P -85.373239251 0
11 Q -119.127904134 0
11 R -120.455082165 0
11 S -119.945365306 0
11 T -118.71275801 0
11 V -116.108457088 0
11 W -120.741237561 0
11 Y -130.055694526 0
12 A -128.355635246 0
12 C -127.905178584 0
12 D -133.752298846 0
12 E -127.686192397 0
12 F -126.062229864 0
12 G -124.142981969 0
12 H -126.942942721 0
12 I -130.259229868 0
12 K -126.725986733 0
12 L -127.156499956 0
12 M -126.65529144 0
12 N -132.177404551 1
12 P 10.0104218055 0
12 Q -125.007524936 0
12 R -127.915405945 0
12 S -128.605827597 0
12 T -127.602734937 0
12 V -100.595406358 0
12 W -129.444853774 0
12 Y -126.188096184 0
13 A -132.213594124 1
13 C -130.239260594 0
13 D -131.087015268 0
13 E -134.186786077 0
13 F -130.418164736 0
13 G -131.199390189 0
13 H -134.049918842 0
13 I -132.047361753 0
13 K -133.562148969 0
13 L -138.318880836 0
13 M -130.992007608 0
13 N -131.430609267 0
13 P -132.635385746 0
13 Q -132.199560642 0
13 R -132.29257295 0
13 S -133.523371705 0
13 T -133.670688822 0
13 V -132.051693056 0
13 W -131.008498399 0
13 Y -130.494441581 0
14 A -129.645231622 0
14 C -127.092178853 0
14 D -131.64678871 1
14 E -131.218083152 0
14 F -128.627461448 0
14 G -128.685086946 0
14 H -130.329625959 0
14 I -128.161801135 0
14 K -130.839645119 0
14 L -130.774091436 0
14 M -129.505551371 0
14 N -130.305475416 0
14 P -119.966252834 0
14 Q -129.325313253 0
14 R -130.39861589 0
14 S -130.284231292 0
14 T -128.995337592 0
14 V -128.538827101 0
14 W -129.093594356 0
14 Y -128.708070171 0
15 A -130.161030731 0
15 C -128.656123976 0
15 D -130.42308002 0
15 E -131.621646674 0
15 F -127.327838278 0
15 G -128.738722547 0
15 H -130.263447393 0
15 I -126.988502167 0
15 K -131.791211273 1
15 L -133.457019217 0
15 M -130.115173184 0
15 N -130.901242432 0
15 P -98.7217151013 0
15 Q -131.084080071 0
15 R -131.307526892 0
15 S -129.787111051 0
15 T -130.559017644 0
15 V -129.915998916 0
15 W -131.175941801 0
15 Y -128.980463082 0
16 A -123.822560379 0
16 C -122.478191652 0
16 D -124.199386294 0
16 E -129.056561399 0
16 F -124.948805589 0
16 G -132.22851539 1
16 H -124.386306394 0
16 I -97.3346811522 0
16 K -133.861180239 0
16 L -126.660454342 0
16 M -130.399634751 0
16 N -131.430122919 0
16 P -54.2410273826 0
16 Q -129.34850164 0
16 R -131.944706659 0
16 S -117.890558438 0
16 T -115.73056833 0
16 V -93.6345936388 0
16 W -130.02205101 0
16 Y -123.187121823 0
17 A -129.470876146 0
17 C -128.406284819 0
17 D -126.881774537 0
17 E -129.269230522 0
17 F -132.494552533 1
17 G -127.197771354 0
17 H -130.357172815 0
17 I -124.628399534 0
17 K -128.1809076 0
17 L -130.084174157 0
17 M -129.679383116 0
17 N -129.371832729 0
17 P -56.7504379549 0
17 Q -127.735850449 0
17 R -129.053706965 0
17 S -129.412574996 0
17 T -126.576375787 0
17 V -126.677757325 0
17 W -127.877481456 0
17 Y -129.494040538 0
18 A 34.1425176775 0
18 C 34.6799800033 0
18 D 50.7324937581 0
18 E 77.8728234998 0
18 F 85.9808615886 0
18 G -130.629745636 1
18 H 53.6652267225 0
18 I 401.51988477 0
18 K 149.670678583 0
18 L 123.109734081 0
18 M 72.1099484189 0
18 N 47.1040604667 0
18 P 68.5952717953 0
18 Q 71.3697330702 0
18 R 149.88829363 0
18 S 19.7548463582 0
18 T 219.181702861 0
18 V 374.20899389 0
18 W 166.035259991 0
18 Y 101.575850922 0
19 A -129.479473703 0
19 C -127.766863267 0
19 D -126.518480271 0
19 E -132.139011077 0
19 F -132.92110405 1
19 G -125.053506851 0
19 H -130.008870302 0
19 I -125.965735879 0
19 K -129.20038925 0
19 L -128.58640822 0
19 M -130.181112165 0
19 N -127.770389509 0
19 P -95.5978289933 0
19 Q -132.170684747 0
19 R -129.180454953 0
19 S -127.820495375 0
19 T -126.641150052 0
19 V -127.31577365 0
19 W -126.339546078 0
19 Y -131.846929827 0
20 A -121.443237033 0
20 C -122.239776351 0
20 D -121.185250712 0
20 E -122.172629068 0
20 F -115.484258973 0
20 G -115.829045336 0
20 H -123.575139623 0
20 I -133.612800385 1
20 K -113.082421746 0
20 L -129.766976037 0
20 M -123.916204822 0
20 N -123.641397883 0
20 P -46.727412072 0
20 Q -124.141010799 0
20 R -104.00940855 0
20 S -120.875482628 0
20 T -125.195329702 0
20 V -129.467437097 0
20 W -96.9250132756 0
20 Y -110.047077838 0
21 A -130.949288977 0
21 C -130.363009205 0
21 D -131.084133056 0
21 E -133.226986465 0
21 F -131.293187255 0
21 G -125.423997513 0
21 H -134.548793611 0
21 I -129.945745137 0
21 K -132.923451538 0
21 L -131.189196392 0
21 M -131.987485325 0
21 N -133.492138212 0
21 P -1.44255983056 0
21 Q -131.259730319 0
21 R -132.628039121 0
21 S -131.23843367 0
21 T -132.726707476 1
21 V -130.886704613 0
21 W -129.399330484 0
21 Y -130.454649157 0
22 A -131.153322877 0
22 C -129.8201147 0
22 D -125.220403698 0
22 E -121.690266043 0
22 F -100.216981665 0
22 G -128.306113525 0
22 H -118.972233874 0
22 I -116.519851723 0
22 K -123.132635911 0
22 L -125.600041282 0
22 M -127.692680385 0
22 N -127.406759454 0
22 P -133.914155983 1
22 Q -123.200510402 0
22 R -124.958555788 0
22 S -130.514025685 0
22 T -126.218082246 0
22 V -120.289698847 0
22 W -111.43439485 0
22 Y -99.8927536238 0
23 A -129.093498155 0
23 C -127.272645964 0
23 D -133.849799716 1
23 E -126.096172992 0
23 F -124.539349599 0
23 G -128.054608945 0
23 H -124.576893936 0
23 I -126.91216986 0
23 K -127.272298862 0
23 L -126.735653329 0
23 M -126.642054573 0
23 N -130.128822561 0
23 P 130.5067423 0
23 Q -125.72679244 0
23 R -126.897626604 0
23 S -129.385905147 0
23 T -124.110627418 0
23 V -126.671296848 0
23 W -124.295505247 0
23 Y -124.236878954 0
24 A -125.215713468 0
24 C -123.957163045 0
24 D -130.361458234 1
24 E -125.849403649 0
24 F -121.152367517 0
24 G -124.301821285 0
24 H -122.750559432 0
24 I -123.845641624 0
24 K -123.146522615 0
24 L -121.967192402 0
24 M -122.212041999 0
24 N -127.739962075 0
24 P -91.2216959929 0
24 Q -122.85289098 0
24 R -124.333280094 0
24 S -126.229110395 0
24 T -121.572230639 0
24 V -123.240904073 0
24 W -122.116011901 0
24 Y -121.290944059 0
25 A -122.467192308 0
25 C -120.50108906 0
25 D -124.147800391 0
25 E -123.222749229 0
25 F -123.220554946 0
25 G -130.610168243 1
25 H -124.695006671 0
25 I -103.195193064 0
25 K -125.018658397 0
25 L -123.674625473 0
25 M -118.875552417 0
25 N -125.33604701 0
25 P -56.0196732461 0
25 Q -122.644303564 0
25 R -123.71151539 0
25 S -123.352874864 0
25 T -117.174618181 0
25 V -103.230730888 0
25 W -121.316232112 0
25 Y -122.722697245 0
26 A -127.864513352 0
26 C -126.127594559 0
26 D -131.726590581 0
26 E -127.607060914 0
26 F -123.149470312 0
26 G -129.203771294 0
26 H -126.448978374 0
26 I -118.958943468 0
26 K -126.433467041 0
26 L -127.485479674 0
26 M -126.275553472 0
26 N -129.422448647 0
26 P -73.5538333729 0
26 Q -127.298660246 0
26 R -126.893869155 0
26 S -130.803973297 1
26 T -128.794826199 0
26 V -120.767390747 0
26 W -127.198002803 0
26 Y -127.035424301 0
27 A -131.31898223 0
27 C -129.632866142 0
27 D -133.27876732 0
27 E -133.127167839 0
27 F -130.880818147 0
27 G -129.738442478 0
27 H -133.124828282 0
27 I -130.952928481 0
27 K -131.81032733 1
27 L -131.212099546 0
27 M -130.08716992 0
27 N -131.313714943 0
27 P -132.19419169 0
27 Q -130.6482936 0
27 R -133.332015376 0
27 S -132.762326932 0
27 T -131.573177942 0
27 V -130.140748469 0
27 W -130.214006703 0
27 Y -130.936409245 0
28 A -129.706572077 0
28 C -126.666160124 0
28 D -132.8781934 1
28 E -130.572780728 0
28 F -124.298818712 0
28 G -126.59857009 0
28 H -122.558818764 0
28 I -128.845441104 0
28 K -127.372771511 0
28 L -114.980943064 0
28 M -128.649984616 0
28 N -128.074662477 0
28 P -131.415780558 0
28 Q -127.688585519 0
28 R -128.297381849 0
28 S -128.540008316 0
28 T -125.485355217 0
28 V -128.346209738 0
28 W -104.364068529 0
28 Y -123.420216329 0
29 A -126.040895124 0
29 C -126.748279031 0
29 D -124.14627838 0
29 E -125.153657131 0
29 F -125.657384078 0
29 G -121.986289548 0
29 H -125.160698108 0
29 I -131.574531201 0
29 K -122.977816306 0
29 L -119.987394945 0
29 M -122.685464504 0
29 N -124.515127262 0
29 P -40.7567484986 0
29 Q -129.769673029 0
29 R -119.026860691 0
29 S -125.057017425 0
29 T -128.347093879 0
29 V -132.651327084 1
29 W -106.449363567 0
29 Y -123.478107502 0
30 A -126.680154707 0
30 C -125.369185927 0
30 D -125.212988355 0
30 E -130.229906391 0
30 F -131.362200752 1
30 G -123.972829803 0
30 H -129.375268809 0
30 I -126.24627659 0
30 K -129.929637936 0
30 L -130.020815808 0
30 M -129.380391589 0
30 N -126.595827282 0
30 P -61.5576673851 0
30 Q -128.280391025 0
30 R -127.8666081 0
30 S -126.704917378 0
30 T -126.948940845 0
30 V -124.434557416 0
30 W -129.144356798 0
30 Y -129.691659346 0
31 A -122.528630478 0
31 C -123.433513014 0
31 D -120.093754849 0
31 E -118.50412318 0
31 F -85.941035236 0
31 G -116.468636151 0
31 H -111.259629716 0
31 I -125.998741682 0
31 K -89.9418098283 0
31 L -118.395117674 0
31 M -116.538053041 0
31 N -122.137742499 0
31 P -31.4345934811 0
31 Q -119.728082574 0
31 R -77.8756645223 0
31 S -122.433836042 0
31 T -124.523085837 0
31 V -130.910269799 1
31 W -58.3585469694 0
31 Y -23.7725920039 0
32 A -126.125333585 0
32 C -123.653375914 0
32 D -126.459881245 0
32 E -126.369226798 0
32 F -125.437784492 0
32 G -124.458999133 0
32 H -132.258720548 1
32 I -126.952948091 0
32 K -126.136164083 0
32 L -128.869514843 0
32 M -125.39314429 0
32 N -126.368626562 0
32 P -123.499530808 0
32 Q -123.895599193 0
32 R -125.414328944 0
32 S -126.154809876 0
32 T -125.932326987 0
32 V -127.342036012 0
32 W -123.461567719 0
32 Y -124.445611678 0
33 A -137.351301822 0
33 C -134.186519602 0
33 D -133.45703008 0
33 E -139.414671267 0
33 F -138.898063183 1
33 G -134.366662229 0
33 H -138.301879216 0
33 I -129.377801371 0
33 K -139.599273165 0
33 L -135.17501337 0
33 M -135.418836083 0
33 N -134.057983013 0
33 P -7.87151201141 0
33 Q -137.245648208 0
33 R -138.293261902 0
33 S -136.832838675 0
33 T -134.850002414 0
33 V -134.756128335 0
33 W -140.1887946 0
33 Y -138.606746219 0
34 A -128.149511362 0
34 C -126.316320563 0
34 D -125.52141637 0
34 E -128.736626518 0
34 F -123.554095828 0
34 G -126.840989738 0
34 H -125.198426672 0
34 I -125.443599448 0
34 K -128.958611068 0
34 L -129.708647561 0
34 M -127.851042306 0
34 N -125.600965121 0
34 P -104.532290539 0
34 Q -127.337373077 0
34 R -128.423271495 0
34 S -129.400698004 1
34 T -127.467122942 0
34 V -124.61065073 0
34 W -123.349585445 0
34 Y -123.348553055 0
35 A -131.17357237 1
35 C -129.228755109 0
35 D -130.279600158 0
35 E -132.457840807 0
35 F -127.542139775 0
35 G -128.638880532 0
35 H -130.179674745 0
35 I -81.8676182251 0
35 K -133.879930491 0
35 L -100.930207328 0
35 M -127.917946633 0
35 N -129.886444392 0
35 P -23.1164817212 0
35 Q -133.105925465 0
35 R -133.257247499 0
35 S -130.052591185 0
35 T -128.428968931 0
35 V -92.5740832023 0
35 W -131.376103413 0
35 Y -128.352874674 0
36 A -135.375382785 0
36 C -137.049849203 0
36 D -134.94719527 0
36 E -135.362765597 0
36 F -151.169489568 0
36 G -132.569167744 0
36 H -136.771870545 0
36 I -145.762169179 1
36 K -148.251212907 0
36 L -142.43918537 0
36 M -139.048153647 0
36 N -137.392032708 0
36 P -44.1818380457 0
36 Q -148.417704163 0
36 R -147.918645326 0
36 S -134.450607616 0
36 T -137.818917282 0
36 V -142.225167395 0
36 W -135.081024674 0
36 Y -126.244542434 0
37 A -158.285744562 0
37 C -158.742861616 0
37 D -160.375307112 0
37 E -158.550163473 0
37 F -158.730455272 0
37 G -156.790916682 0
37 H -159.612748455 0
37 I -158.02688732 0
37 K -159.567979996 0
37 L -160.149908635 0
37 M -157.993100041 0
37 N -160.123344729 0
37 P 60.3934503204 0
37 Q -158.877780981 1
37 R -161.187408798 0
37 S -159.547531698 0
37 T -158.425547651 0
37 V -158.862265226 0
37 W -157.749251803 0
37 Y -157.195656793 0
38 A -156.383564131 0
38 C -150.247214924 0
38 D -155.160670579 0
38 E -154.956849072 0
38 F -148.31871355 0
38 G -156.72941673 0
38 H -155.400739235 0
38 I -151.614508713 0
38 K -156.718988428 0
38 L -152.731565777 0
38 M -152.80884049 0
38 N -154.480124384 1
38 P -152.841282455 0
38 Q -152.010076786 0
38 R -154.47183131 0
38 S -158.07579542 0
38 T -156.437805043 0
38 V -152.737016672 0
38 W -152.226016738 0
38 Y -153.250071407 0
39 A -155.758545839 0
39 C -154.138192788 0
39 D -157.642102421 1
39 E -157.287147508 0
39 F -156.71731858 0
39 G -155.536212281 0
39 H -157.734507977 0
39 I -146.2109679 0
39 K -156.46430709 0
39 L -156.572402359 0
39 M -155.732455767 0
39 N -158.525826271 0
39 P -81.4250926701 0
39 Q -155.37540467 0
39 R -157.27604014 0
39 S -156.466056554 0
39 T -150.913353228 0
39 V -146.73281472 0
39 W -155.70885368 0
39 Y -156.332824409 0
40 A -143.578734326 0
40 C -141.456448302 0
40 D -146.210196474 0
40 E -143.682864858 0
40 F -142.879999943 0
40 G -154.153157982 1
40 H -145.400488698 0
40 I -114.568710503 0
40 K -147.140778944 0
40 L -145.240363468 0
40 M -138.54333925 0
40 N -148.437517535 0
40 P -81.7595895705 0
40 Q -144.472565605 0
40 R -145.562520383 0
40 S -140.18517004 0
40 T -138.785052844 0
40 V -113.016995061 0
40 W -142.413617184 0
40 Y -144.356612581 0
41 A -153.825129869 0
41 C -151.444456946 0
41 D -155.805029451 0
41 E -154.422441673 0
41 F -150.709789773 0
41 G -156.016118092 0
41 H -156.435660912 0
41 I -157.652989247 0
41 K -155.3512048 0
41 L -158.049174369 0
41 M -154.231931361 0
41 N -155.685529386 0
41 P 47.1399971247 0
41 Q -154.826180402 0
41 R -155.413616547 0
41 S -156.382968498 0
41 T -157.485569484 0
41 V -158.054900844 0
41 W -155.176984052 0
41 Y -156.408850902 1
42 A -154.633400918 0
42 C -153.741375009 0
42 D -155.054224215 0
42 E -155.66787343 0
42 F -118.774690413 0
42 G -154.572666887 0
42 H -148.366537432 0
42 I -121.230669487 0
42 K -156.470574608 1
42 L -141.340400471 0
42 M -155.544837141 0
42 N -155.036150802 0
42 P -112.592168916 0
42 Q -156.236019619 0
42 R -156.023637951 0
42 S -155.164896867 0
42 T -150.62766472 0
42 V -143.872663766 0
42 W -128.684937104 0
42 Y -100.757887163 0
43 A -139.793369965 0
43 C -137.042422896 0
43 D -140.688347635 0
43 E -137.663981251 0
43 F -80.9294004759 0
43 G -136.784904771 0
43 H -133.110838771 0
43 I -139.893222181 0
43 K -138.686449345 0
43 L -137.209504677 0
43 M -138.033414471 0
43 N -139.730971349 0
43 P 175.865748273 0
43 Q -137.132051576 0
43 R -139.362798304 0
43 S -139.514462026 1
43 T -136.432905436 0
43 V -133.596956232 0
43 W -131.229426465 0
43 Y -76.3159209827 0
44 A -132.440542179 0
44 C -131.223532355 0
44 D -128.362078931 0
44 E -132.932620164 0
44 F -131.341724075 0
44 G -127.398318771 0
44 H -131.571515605 0
44 I -126.181081081 0
44 K -131.883694848 0
44 L -140.527823687 1
44 M -134.803060189 0
44 N -132.347406198 0
44 P -103.925313052 0
44 Q -133.423692418 0
44 R -133.092406296 0
44 S -130.8481779 0
44 T -130.985930344 0
44 V -124.740551276 0
44 W -126.010995219 0
44 Y -126.976651697 0
45 A -132.553408775 0
45 C -130.896825948 0
45 D -132.599105423 1
45 E -133.915637418 0
45 F -133.19504645 0
45 G -130.741471326 0
45 H -133.153708799 0
45 I -132.367546258 0
45 K -133.7756408 0
45 L -134.357293751 0
45 M -132.526246041 0
45 N -132.978461712 0
45 P -117.473428072 0
45 Q -133.448709168 0
45 R -133.213641765 0
45 S -133.177066339 0
45 T -132.041367256 0
45 V -132.299352023 0
45 W -132.517150186 0
45 Y -133.074084514 0
46 A -133.733908815 0
46 C -131.840452028 0
46 D -127.861123772 0
46 E -132.608437605 1
46 F -12.0675154291 0
46 G -131.360450564 0
46 H -110.427082888 0
46 I -131.345465109 0
46 K -133.716285194 0
46 L -130.42907715 0
46 M -131.077154292 0
46 N -131.587930525 0
46 P -135.808151395 0
46 Q -132.989395324 0
46 R -132.858091104 0
46 S -134.291644639 0
46 T -133.995509439 0
46 V -131.203205754 0
46 W -114.220542526 0
46 Y -113.915379967 0
47 A -124.666769933 0
47 C -118.333243949 0
47 D -126.692367836 0
47 E -123.868552769 0
47 F -126.290043663 0
47 G -134.987596917 1
47 H -125.153956165 0
47 I -113.564834212 0
47 K -126.010963048 0
47 L -126.730580501 0
47 M -121.684272395 0
47 N -126.854552977 0
47 P -11.8760714598 0
47 Q -125.424560778 0
47 R -124.979161939 0
47 S -127.765617442 0
47 T -122.367888507 0
47 V -113.776660901 0
47 W -124.842276882 0
47 Y -126.576979192 0
48 A -130.12126748 0
48 C -130.145103012 0
48 D -129.452517464 0
48 E -135.870832291 0
48 F -116.373613984 0
48 G -127.24040261 0
48 H -129.750869139 0
48 I -122.568322121 0
48 K -131.042567823 0
48 L -134.583908276 0
48 M -130.713114023 0
48 N -130.020702665 0
48 P 217.626529598 0
48 Q -134.562990919 1
48 R -131.809058282 0
48 S -131.416439611 0
48 T -130.825729535 0
48 V -126.664297081 0
48 W -119.632725387 0
48 Y -84.450668962 0
49 A -133.051725872 0
49 C -130.753297024 0
49 D -130.204856916 0
49 E -132.655657192 0
49 F -132.756191268 0
49 G -129.867983785 0
49 H -132.185074021 0
49 I -132.374105661 0
49 K -132.986520465 1
49 L -132.25841591 0
49 M -131.803076145 0
49 N -131.614831493 0
49 P -132.241811114 0
49 Q -130.943528613 0
49 R -132.739455652 0
49 S -133.183528469 0
49 T -130.415707037 0
49 V -132.567348731 0
49 W -131.176867119 0
49 Y -132.629243878 0
50 A -126.936792993 0
50 C -127.924069288 0
50 D -121.751016756 0
50 E -123.4324599 0
50 F -121.752505423 0
50 G -122.510354048 0
50 H -121.580143503 0
50 I -128.915374773 0
50 K -101.087612399 0
50 L -121.457145064 0
50 M -119.804814252 0
50 N -126.078694093 0
50 P -74.3006186416 0
50 Q -121.624175016 0
50 R -116.653829164 0
50 S -126.859674895 0
50 T -130.872001733 0
50 V -135.756418341 1
50 W -94.0833471451 0
50 Y -117.023249044 0
51 A -135.261839174 0
51 C -129.497065676 0
51 D -120.220955282 0
51 E -132.598478057 0
51 F -116.383309012 0
51 G -131.905887468 0
51 H -123.470309104 0
51 I -130.375599573 0
51 K -129.232414717 0
51 L -98.9471735631 0
51 M -132.254966434 0
51 N -118.192716835 0
51 P -15.6333039706 0
51 Q -130.881596512 0
51 R -131.013032213 0
51 S -133.831257279 1
51 T -132.464322301 0
51 V -131.915866805 0
51 W -122.030744668 0
51 Y -114.618791604 0
52 A -120.552972767 0
52 C -121.390245258 0
52 D -117.490845672 0
52 E -116.395595525 0
52 F -132.589009735 1
52 G -116.447318281 0
52 H -125.844164429 0
52 I -112.144752225 0
52 K -113.619496379 0
52 L -107.320165036 0
52 M -124.292743784 0
52 N -121.101012665 0
52 P -81.8699303443 0
52 Q -119.257342274 0
52 R -114.680355651 0
52 S -120.37890265 0
52 T -119.759013129 0
52 V -107.127434143 0
52 W -97.6548563529 0
52 Y -130.255533399 0
53 A -133.437168592 0
53 C -133.225570312 0
53 D -133.332391378 0
53 E -134.530987095 0
53 F -129.894602174 0
53 G -131.671235948 0
53 H -131.494862862 0
53 I -132.583853828 0
53 K -133.079840833 0
53 L -131.796911009 0
53 M -133.763571768 0
53 N -134.320545126 0
53 P 103.635822763 0
53 Q -134.520023695 0
53 R -132.522753006 0
53 S -133.051898816 0
53 T -136.65440583 1
53 V -134.068199282 0
53 W -130.816507513 0
53 Y -130.96393088 0
54 A -130.715172983 0
54 C -130.440063547 0
54 D -131.259005638 0
54 E -132.483350112 0
54 F -118.503602914 0
54 G -125.427436452 0
54 H -128.479902093 0
54 I -136.50282388 1
54 K -131.672058194 0
54 L -134.43303354 0
54 M -133.031241618 0
54 N -131.810275531 0
54 P -127.898948871 0
54 Q -130.625667788 0
54 R -135.071256562 0
54 S -130.855505598 0
54 T -131.993940752 0
54 V -134.310203814 0
54 W -116.815437694 0
54 Y -114.579718936 0
55 A -133.22270336 0
55 C -133.231756992 0
55 D -135.088102909 0
55 E -136.713013421 1
55 F -128.762730954 0
55 G -132.298075127 0
55 H -131.384111366 0
55 I -131.969105904 0
55 K -133.180051253 0
55 L -125.45441532 0
55 M -133.768465724 0
55 N -134.099679808 0
55 P 130.211646204 0
55 Q -132.467664328 0
55 R -132.598929631 0
55 S -133.697771228 0
55 T -135.616979667 0
55 V -128.145034834 0
55 W -98.9504600886 0
55 Y -48.87212392 0
56 A -132.820970701 0
56 C -131.805666175 0
56 D -135.056663964 0
56 E -134.959601018 0
56 F -132.986440151 0
56 G -131.451853093 0
56 H -134.094004666 0
56 I -134.871395413 0
56 K -134.824553901 0
56 L -134.284757314 0
56 M -132.92141875 0
56 N -133.895283422 0
56 P -133.057992598 0
56 Q -133.552582905 0
56 R -134.190143535 0
56 S -134.312725339 1
56 T -134.111369377 0
56 V -134.612027696 0
56 W -133.30201053 0
56 Y -132.900902781 0
57 A -15.7228665019 0
57 C 277.52253671 0
57 D -18.3104719157 0
57 E 0.453351163541 0
57 F 48.5595855682 0
57 G -137.188844156 1
57 H -14.9816998027 0
57 I 519.604229621 0
57 K 4.25958425924 0
57 L 9.9096872228 0
57 M -1.57840869968 0
57 N 226.500011191 0
57 P 321.341449971 0
57 Q -0.639615856692 0
57 R 0.78084704731 0
57 S -0.609492844174 0
57 T 4.98213447179 0
57 V 137.270491634 0
57 W 2817.72152574 0
57 Y 2607.76641001 0
58 A -131.241307936 1
58 C -128.292545346 0
58 D -132.826173111 0
58 E -134.711681201 0
58 F -128.92959207 0
58 G -130.10525669 0
58 H -131.108276594 0
58 I -130.263320694 0
58 K -132.301201986 0
58 L -131.725067727 0
58 M -130.697930968 0
58 N -131.342876801 0
58 P -129.587076705 0
58 Q -131.140592553 0
58 R -131.898397054 0
58 S -132.399764243 0
58 T -131.290965437 0
58 V -130.824016559 0
58 W -129.560251492 0
58 Y -128.914447768 0
59 A -128.85040196 0
59 C -128.387506015 0
59 D -131.255102256 0
59 E -131.738966191 0
59 F -131.217413933 0
59 G -128.036037527 0
59 H -132.492129761 0
59 I -131.620497931 0
59 K -132.333356025 1
59 L -131.470726234 0
59 M -130.087580163 0
59 N -131.34531941 0
59 P -117.217331156 0
59 Q -130.256976736 0
59 R -132.737201771 0
59 S -131.902024433 0
59 T -133.230280853 0
59 V -131.89007029 0
59 W -129.444686731 0
59 Y -131.49049388 0
60 A -130.69656422 0
60 C -129.98082016 0
60 D -120.016987422 0
60 E -130.314772181 0
60 F -118.490924091 0
60 G -137.489812639 1
60 H -122.837959792 0
60 I -122.068812081 0
60 K -130.103848941 0
60 L -128.454720393 0
60 M -130.511321804 0
60 N -123.592800956 0
60 P -85.6027162022 0
60 Q -128.723450459 0
60 R -132.830236347 0
60 S -130.087115246 0
60 T -127.177910711 0
60 V -122.174212889 0
60 W -110.949848401 0
60 Y -111.796527552 0
61 A -135.054919114 0
61 C -132.855642344 0
61 D -136.955671831 0
61 E -136.925477278 0
61 F -134.158500236 0
61 G -132.735341174 0
61 H -133.99126624 0
61 I -130.392363592 0
61 K -135.858787332 0
61 L -135.501763229 0
61 M -135.936582138 0
61 N -135.481198481 0
61 P -137.851280679 1
61 Q -134.425716617 0
61 R -135.652777203 0
61 S -135.539948106 0
61 T -125.19020301 0
61 V -127.4524709 0
61 W -135.350675464 0
61 Y -133.918851918 0
62 A -136.1731455 1
62 C -133.799128286 0
62 D -134.727549274 0
62 E -135.788030167 0
62 F -130.898252826 0
62 G -132.988117002 0
62 H -136.139469397 0
62 I -135.579042661 0
62 K -136.051664171 0
62 L -135.791236576 0
62 M -136.466233446 0
62 N -134.954027701 0
62 P -41.4987571385 0
62 Q -135.063967393 0
62 R -136.658076075 0
62 S -135.072061791 0
62 T -135.657831778 0
62 V -131.617716469 0
62 W -135.071972547 0
62 Y -129.853488383 0
63 A -135.748577576 1
63 C -130.557212397 0
63 D -121.140828634 0
63 E -103.331449773 0
63 F -77.4923621791 0
63 G -130.38109636 0
63 H -99.2045667853 0
63 I -88.1144045301 0
63 K -49.4067346388 0
63 L -99.9949825723 0
63 M -63.5291083057 0
63 N -125.314091122 0
63 P 89.7872018019 0
63 Q -99.9763557841 0
63 R -59.0947615297 0
63 S -131.467123459 0
63 T -117.165345461 0
63 V -104.268130917 0
63 W 583.792760482 0
63 Y -65.3009131228 0
64 A -133.219841086 0
64 C -127.16549542 0
64 D -128.159315143 0
64 E -130.117903831 0
64 F -128.934830348 0
64 G -135.323191143 1
64 H -128.843424837 0
64 I -122.446552088 0
64 K -126.859895391 0
64 L -130.470022803 0
64 M -129.667895956 0
64 N -128.818268271 0
64 P -40.2295086994 0
64 Q -128.499842072 0
64 R -130.57783949 0
64 S -130.468435098 0
64 T -124.442399904 0
64 V -124.732846572 0
64 W -129.935128975 0
64 Y -112.378822678 0
65 A -134.445599217 0
65 C -132.05951219 0
65 D -137.316903638 0
65 E -136.152152307 0
65 F -134.982870212 0
65 G -133.708986048 0
65 H -136.244792156 0
65 I -117.570156015 0
65 K -136.182879608 0
65 L -134.954699715 0
65 M -134.69107362 0
65 N -137.063632167 1
65 P -86.7055844951 0
65 Q -135.538774005 0
65 R -135.430433204 0
65 S -134.620616224 0
65 T -130.877148322 0
65 V -123.641607556 0
65 W -134.120094488 0
65 Y -134.57795446 0
66 A -125.530285911 0
66 C -126.798051788 0
66 D -125.055520958 0
66 E -121.174098292 0
66 F -107.334553452 0
66 G -121.138175962 0
66 H -118.204596981 0
66 I -128.426610273 0
66 K -89.7677493049 0
66 L -127.302904069 0
66 M -122.054918833 0
66 N -127.082465029 0
66 P 28.0404679647 0
66 Q -120.222622862 0
66 R -114.964672311 0
66 S -125.327943426 0
66 T -127.968590796 0
66 V -133.736940798 1
66 W -82.1566721354 0
66 Y -88.1177549342 0
67 A -134.349940932 0
67 C -133.122515216 0
67 D -133.708007932 0
67 E -135.16647087 0
67 F -132.655487495 0
67 G -131.654851041 0
67 H -133.868522301 0
67 I -135.275234629 0
67 K -134.715990466 0
67 L -134.955943855 0
67 M -133.860671558 0
67 N -132.332240174 0
67 P 53.5156102217 0
67 Q -134.897093755 0
67 R -135.693235711 0
67 S -133.916215343 0
67 T -134.111904087 1
67 V -135.699624223 0
67 W -143.47960097 0
67 Y -132.870024607 0
68 A -132.603553695 0
68 C -131.682511651 0
68 D -131.189442114 0
68 E -146.264150706 0
68 F -120.138655943 0
68 G -131.034139595 0
68 H -142.698570274 0
68 I -131.956022295 0
68 K -143.211338317 0
68 L -125.012627739 0
68 M -143.026715073 0
68 N -133.18554221 0
68 P -136.936442635 0
68 Q -145.995350355 0
68 R -143.493603931 0
68 S -133.644957609 1
68 T -133.806003149 0
68 V -132.331148348 0
68 W -142.472313596 0
68 Y -120.390057955 0
69 A -128.635913351 0
69 C -128.299260423 0
69 D -126.10767903 0
69 E -126.870329291 0
69 F -119.855506555 0
69 G -127.053744809 0
69 H -123.555970393 0
69 I -128.402425315 0
69 K -127.763478069 0
69 L -132.0738308 1
69 M -130.42425384 0
69 N -128.413937265 0
69 P 68.1133525572 0
69 Q -127.622674383 0
69 R -128.526239262 0
69 S -128.474749282 0
69 T -125.888464822 0
69 V -129.46907331 0
69 W -118.373446366 0
69 Y -121.537327733 0
