1 A -187.09062016 0
1 C -185.171953548 0
1 D -189.484848935 0
1 E -188.26955375 0
1 F -186.05764261 0
1 G -187.944645322 0
1 H -188.62677273 0
1 I -185.40085117 0
1 K -188.542667683 0
1 L -187.549743458 0
1 M -186.679618423 0
1 N -188.181750552 0
1 P -191.47200759 0
1 Q -185.753307899 0
1 R -187.576683349 0
1 S -188.97516858 1
1 T -186.075361988 0
1 V -184.827190468 0
1 W -185.899762285 0
1 Y -185.810105341 0
2 A -186.850768661 0
2 C -186.152905807 0
2 D -190.312244395 0
2 E -189.47283974 0
2 F -187.728352056 0
2 G -187.191256299 0
2 H -189.417663944 0
2 I -188.122235499 0
2 K -189.639761202 1
2 L -189.061894136 0
2 M -187.536205277 0
2 N -189.362051402 0
2 P -185.628470282 0
2 Q -188.292967242 0
2 R -188.900660558 0
2 S -190.322531719 0
2 T -191.024648239 0
2 V -188.456217048 0
2 W -187.863175303 0
2 Y -187.590822544 0
3 A -191.583801605 1
3 C -188.788737832 0
3 D -193.104924491 0
3 E -193.427760304 0
3 F -189.247151816 0
3 G -190.901729117 0
3 H -191.267094227 0
3 I -189.699630076 0
3 K -191.914593511 0
3 L -191.609361541 0
3 M -190.485071777 0
3 N -191.488248931 0
3 P -180.360974402 0
3 Q -191.172531703 0
3 R -190.858203684 0
3 S -193.032730051 0
3 T -191.011383469 0
3 V -189.373412654 0
3 W -189.892323562 0
3 Y -190.058503191 0
4 A -189.355654563 0
4 C -188.2760541 0
4 D -188.827541173 0
4 E -187.685059882 0
4 F -188.54290397 0
4 G -186.025512372 0
4 H -188.348824986 0
4 I -192.073834382 0
4 K -190.319592572 0
4 L -190.555571964 0
4 M -188.042378197 0
4 N -188.849007336 0
4 P -189.763749181 0
4 Q -189.225076235 0
4 R -189.570085464 0
4 S -189.7076644 0
4 T -191.218210405 0
4 V -191.679668161 1
4 W -187.242542642 0
4 Y -188.299003985 0
5 A -190.28397865 0
5 C -189.292691378 0
5 D -189.198584913 0
5 E -190.336792127 0
5 F -190.119049006 0
5 G -187.393053861 0
5 H -190.280075823 0
5 I -193.370726447 0
5 K -192.067111942 1
5 L -191.807774977 0
5 M -191.168379542 0
5 N -190.524728585 0
5 P -183.621244379 0
5 Q -191.11875988 0
5 R -191.435206318 0
5 S -190.730414493 0
5 T -192.220551027 0
5 V -193.2879552 0
5 W -189.427742946 0
5 Y -190.123249399 0
6 A -188.104670732 0
6 C -187.731123627 0
6 D -186.869732973 0
6 E -190.591831882 0
6 F -194.112398407 0
6 G -184.031702766 0
6 H -190.773364962 0
6 I -189.166714507 0
6 K -187.97555165 0
6 L -194.413026805 0
6 M -189.835216001 0
6 N -189.587296926 0
6 P -180.740648315 0
6 Q -189.428082799 0
6 R -188.787584699 0
6 S -187.820063706 0
6 T -190.160951091 0
6 V -190.415647471 0
6 W -191.32107469 0
6 Y -193.947980767 1
7 A -184.06631454 0
7 C -184.453208237 0
7 D -184.020505942 0
7 E -185.933689718 0
7 F -193.086076818 0
7 G -179.434369579 0
7 H -188.979787129 0
7 I -187.249657623 0
7 K -186.560388994 0
7 L -185.055289932 0
7 M -187.722082898 0
7 N -185.065800998 0
7 P -129.82949836 0
7 Q -184.972764017 0
7 R -185.75498135 0
7 S -183.855585744 0
7 T -183.789531051 0
7 V -186.621796241 0
7 W -191.507639518 0
7 Y -191.85091435 1
8 A -187.116689413 0
8 C -185.556536019 0
8 D -184.9122102 0
8 E -187.16150503 0
8 F -187.817730221 0
8 G -186.698833179 0
8 H -187.520388651 0
8 I -171.285448135 0
8 K -188.337962483 0
8 L -187.08492133 0
8 M -186.751315847 0
8 N -186.09180988 0
8 P -186.307307407 0
8 Q -185.825176186 0
8 R -189.28772191 0
8 S -190.128216407 0
8 T -190.420026835 1
8 V -178.174624757 0
8 W -186.095621804 0
8 Y -187.318232497 0
9 A -186.551876784 0
9 C -183.287681164 0
9 D -185.874357444 0
9 E -187.048252041 0
9 F -182.693092248 0
9 G -184.063193351 0
9 H -186.033474777 0
9 I -188.840110289 0
9 K -185.618942985 0
9 L -190.806793455 1
9 M -186.629216161 0
9 N -184.301816906 0
9 P -166.942743554 0
9 Q -186.900932082 0
9 R -185.712345354 0
9 S -185.094925457 0
9 T -185.196050715 0
9 V -186.620007363 0
9 W -184.987934134 0
9 Y -182.52411686 0
10 A -186.859317979 0
10 C -183.96555346 0
10 D -188.11051604 0
10 E -188.640624337 1
10 F -186.042844981 0
10 G -186.07107268 0
10 H -187.603368229 0
10 I -186.919131821 0
10 K -188.054452414 0
10 L -187.248734089 0
10 M -186.122755877 0
10 N -186.479688428 0
10 P -174.816303053 0
10 Q -186.349017507 0
10 R -187.281922246 0
10 S -187.316674248 0
10 T -187.037480726 0
10 V -186.94916747 0
10 W -185.305338815 0
10 Y -186.216932647 0
11 A -186.093783414 0
11 C -182.971420119 0
11 D -187.31760058 0
11 E -189.705422925 1
11 F -182.233298269 0
11 G -184.629834342 0
11 H -188.122041922 0
11 I -186.883934475 0
11 K -186.529262845 0
11 L -186.060884681 0
11 M -185.519828988 0
11 N -185.692887646 0
11 P -136.15997652 0
11 Q -186.39249485 0
11 R -186.827165517 0
11 S -185.729485076 0
11 T -186.366967875 0
11 V -186.211638882 0
11 W -184.253360263 0
11 Y -181.858697101 0
12 A -188.63495904 0
12 C -188.620600178 0
12 D -186.492825388 0
12 E -183.299118629 0
12 F -164.64529713 0
12 G -184.122280101 0
12 H -178.363035401 0
12 I -195.813503145 1
12 K -158.577534822 0
12 L -189.749845998 0
12 M -178.35504425 0
12 N -189.104080413 0
12 P 18.7229989772 0
12 Q -179.938873996 0
12 R -171.957612582 0
12 S -186.405070339 0
12 T -189.963671621 0
12 V -192.680017472 0
12 W 30.8263208469 0
12 Y -160.760441564 0
13 A -194.903748137 0
13 C -193.248221279 0
13 D -191.541320355 0
13 E -194.326245155 0
13 F -191.746542496 0
13 G -193.870072521 0
13 H -193.511975892 0
13 I -192.502739726 0
13 K -194.016692504 0
13 L -193.42917799 0
13 M -194.556394229 0
13 N -192.521012583 0
13 P 14.6968010572 0
13 Q -195.035774308 1
13 R -195.862012317 0
13 S -194.016662076 0
13 T -191.643660356 0
13 V -191.016662437 0
13 W -191.735559551 0
13 Y -191.63758924 0
14 A -193.9903294 0
14 C -191.788362594 0
14 D -192.189918674 0
14 E -193.749719217 0
14 F -191.521467568 0
14 G -192.596657355 0
14 H -193.247142887 0
14 I -191.999933279 0
14 K -195.236783424 1
14 L -195.099964019 0
14 M -193.570040581 0
14 N -193.793795905 0
14 P -12.3719542817 0
14 Q -193.409547651 0
14 R -194.725260816 0
14 S -193.739346281 0
14 T -192.539550714 0
14 V -192.408336819 0
14 W -191.555903077 0
14 Y -191.363918801 0
15 A -191.484804961 0
15 C -188.486345325 0
15 D -187.068999574 0
15 E -185.119185481 0
15 F -189.734122444 0
15 G -185.785922734 0
15 H -195.01628441 1
15 I -158.410997702 0
15 K -187.001599702 0
15 L -183.4799682 0
15 M -187.456683706 0
15 N -191.684580677 0
15 P -138.357129181 0
15 Q -186.84551288 0
15 R -185.8340354 0
15 S -188.133785248 0
15 T -184.447345774 0
15 V -166.814906818 0
15 W -183.769386725 0
15 Y -186.604576616 0
16 A -193.885077291 0
16 C -192.26955724 0
16 D -195.180668926 0
16 E -191.876152056 0
16 F -191.405753012 0
16 G -192.674518413 0
16 H -193.384097992 0
16 I -194.693689975 0
16 K -194.309411663 0
16 L -188.094659004 0
16 M -192.43625691 0
16 N -196.1552366 1
16 P 68.6377482416 0
16 Q -192.187652865 0
16 R -194.813259255 0
16 S -194.418696918 0
16 T -194.844170224 0
16 V -195.197087165 0
16 W -187.418566736 0
16 Y -191.711194818 0
17 A -192.716536618 0
17 C -193.191658352 0
17 D -196.328318471 0
17 E -193.73601907 0
17 F -190.356188249 0
17 G -193.373832417 0
17 H -192.062613374 0
17 I -190.502414837 0
17 K -192.036974456 0
17 L -190.254574128 0
17 M -191.770214511 0
17 N -197.665167044 1
17 P -163.072019134 0
17 Q -191.142538853 0
17 R -191.616411329 0
17 S -195.103326237 0
17 T -194.823612713 0
17 V -191.136109018 0
17 W -189.221216261 0
17 Y -190.002630518 0
18 A -196.188980151 0
18 C -193.734833254 0
18 D -198.138244392 0
18 E -199.143747142 0
18 F -194.948209036 0
18 G -194.583790549 0
18 H -197.873374781 0
18 I -194.618416926 0
18 K -197.175798581 0
18 L -190.47894281 0
18 M -194.463971754 0
18 N -195.951878449 0
18 P -188.152244814 0
18 Q -196.859220256 0
18 R -195.877535347 0
18 S -197.47493715 1
18 T -193.035871245 0
18 V -194.350332173 0
18 W -195.13744256 0
18 Y -194.457044305 0
19 A -188.111785344 0
19 C -186.318129027 0
19 D -189.349596312 0
19 E -190.090114583 0
19 F -187.832433787 0
19 G -187.501372031 0
19 H -189.101727663 0
19 I -185.370257762 0
19 K -189.988953338 1
19 L -189.845169945 0
19 M -188.169826732 0
19 N -189.080443721 0
19 P -168.099898371 0
19 Q -188.31016128 0
19 R -189.136716705 0
19 S -189.218604956 0
19 T -189.048437101 0
19 V -185.987534954 0
19 W -187.83495293 0
19 Y -187.890723289 0
20 A -193.690343332 0
20 C -192.340229466 0
20 D -186.829229001 0
20 E -184.490684967 0
20 F -147.679778804 0
20 G -187.455203119 0
20 H -190.295932265 0
20 I -174.436617005 0
20 K -189.94676014 0
20 L -189.914224569 0
20 M -188.711373603 0
20 N -194.762720056 0
20 P -146.452995101 0
20 Q -187.970593635 0
20 R -191.453553992 0
20 S -196.426690565 1
20 T -180.874948993 0
20 V -180.029777276 0
20 W -156.349665621 0
20 Y -126.851635574 0
21 A -197.383387572 0
21 C -197.719151981 0
21 D -197.066881765 0
21 E -193.148965191 0
21 F -110.876938681 0
21 G -188.419618461 0
21 H -195.95327881 0
21 I -187.319620385 0
21 K -179.66820951 0
21 L -195.921411676 0
21 M -192.889085334 0
21 N -197.951377265 0
21 P -156.413347636 0
21 Q -192.360587043 0
21 R -168.427089643 0
21 S -197.585544318 0
21 T -198.684803182 1
21 V -194.311340052 0
21 W -158.801565095 0
21 Y -34.8340381318 0
22 A -185.770486626 0
22 C -185.604460544 0
22 D -181.663637836 0
22 E -187.176950016 0
22 F -176.676209273 0
22 G -182.370081854 0
22 H -188.322127001 0
22 I -188.073156434 0
22 K -186.194336331 0
22 L -186.158680746 0
22 M -188.770713524 0
22 N -185.021820005 0
22 P -101.904045707 0
22 Q -188.221593759 0
22 R -189.210172367 0
22 S -184.877953909 0
22 T -185.372437588 0
22 V -188.434894791 0
22 W -195.874349628 1
22 Y -175.621323456 0
23 A -186.527532828 0
23 C -186.692573107 0
23 D -184.832444919 0
23 E -187.031355433 0
23 F -179.761286788 0
23 G -184.04062487 0
23 H -185.177551535 0
23 I -186.012240157 0
23 K -182.091521808 0
23 L -191.355438735 1
23 M -189.478267298 0
23 N -185.847063363 0
23 P -152.347064281 0
23 Q -187.237782557 0
23 R -188.673344211 0
23 S -187.363281801 0
23 T -187.760041649 0
23 V -185.164081876 0
23 W -184.529889594 0
23 Y -180.406538058 0
24 A -180.42893983 0
24 C -182.961112294 0
24 D -181.141365538 0
24 E -181.361513868 0
24 F 270.601754945 0
24 G -177.303633207 0
24 H -0.880062946835 0
24 I -193.131817562 1
24 K -169.157054498 0
24 L -186.626794414 0
24 M -184.11104461 0
24 N -181.756098851 0
24 P -109.225348273 0
24 Q -180.766078101 0
24 R -169.316856194 0
24 S -181.938782707 0
24 T -184.36017262 0
24 V -190.196000498 0
24 W 355.713719356 0
24 Y 302.557455184 0
25 A -183.280016981 0
25 C -183.482907387 0
25 D -178.377605311 0
25 E -182.754598442 0
25 F -177.939228426 0
25 G -174.934314084 0
25 H -182.636466461 0
25 I -189.482761193 0
25 K -183.951050786 0
25 L -192.43563572 1
25 M -188.076864004 0
25 N -184.777584507 0
25 P -148.074982468 0
25 Q -185.460518768 0
25 R -188.040097092 0
25 S -180.651987812 0
25 T -181.871610298 0
25 V -189.562605454 0
25 W -188.904916084 0
25 Y -171.712249813 0
26 A -186.650462975 0
26 C -185.340405087 0
26 D -188.892516901 0
26 E -187.999007265 0
26 F -183.296494656 0
26 G -186.762065066 0
26 H -192.330740011 1
26 I -158.373581428 0
26 K -187.87795071 0
26 L -187.379903932 0
26 M -186.646673846 0
26 N -190.831161127 0
26 P -125.221090976 0
26 Q -187.337067329 0
26 R -188.356932639 0
26 S -187.522099637 0
26 T -182.512224697 0
26 V -174.743717818 0
26 W -185.897047244 0
26 Y -182.254318931 0
27 A -189.122536283 0
27 C -187.178652498 0
27 D -191.922329076 0
27 E -186.794541345 0
27 F -193.266438234 0
27 G -191.304454215 0
27 H -192.660647816 0
27 I -169.40415669 0
27 K -188.215531072 0
27 L -188.603248651 0
27 M -186.582749137 0
27 N -193.247386667 0
27 P -110.823910595 0
27 Q -187.610358672 0
27 R -188.841074742 0
27 S -188.901262077 0
27 T -186.374789253 0
27 V -169.931570178 0
27 W -189.749661607 0
27 Y -192.503283002 1
28 A -190.999917247 0
28 C -189.864901036 0
28 D -188.353202402 0
28 E -187.143644839 0
28 F -192.063054587 0
28 G -189.974792795 0
28 H -191.603065349 0
28 I -187.348214019 0
28 K -191.809512193 1
28 L -192.976898705 0
28 M -191.51662082 0
28 N -191.343068537 0
28 P 48.3289136998 0
28 Q -187.220623603 0
28 R -192.741209487 0
28 S -189.909616315 0
28 T -187.126063252 0
28 V -192.888455034 0
28 W -185.07971246 0
28 Y -191.825027087 0
29 A -185.060484891 0
29 C -185.782246824 0
29 D -181.241533339 0
29 E -180.563317172 0
29 F -7.55539235621 0
29 G -177.816908006 0
29 H -146.79786534 0
29 I -191.042952025 0
29 K -156.756310152 0
29 L -189.794884682 0
29 M -170.409944629 0
29 N -184.907004502 0
29 P -99.9885516055 0
29 Q -178.164042037 0
29 R -98.4500684785 0
29 S -184.266106207 0
29 T -187.669327445 0
29 V -193.565578592 1
29 W -131.78985736 0
29 Y -115.748607146 0
30 A -181.691485639 0
30 C -184.882021587 0
30 D -178.72558691 0
30 E -185.716927848 0
30 F -187.995508425 0
30 G -180.160540884 0
30 H -186.609872682 0
30 I -183.708522113 0
30 K -177.967660027 0
30 L -191.958969844 0
30 M -186.123005587 0
30 N -181.194952867 0
30 P -133.780584786 0
30 Q -185.564752094 0
30 R -179.071318501 0
30 S -180.890332079 0
30 T -185.856097842 0
30 V -188.627632964 0
30 W -169.027700031 0
30 Y -190.013551125 1
31 A -181.883911063 0
31 C -181.017970253 0
31 D -189.625782311 1
31 E -184.277468539 0
31 F -152.809108191 0
31 G -176.042754162 0
31 H -178.35990987 0
31 I -177.929084337 0
31 K -183.829250623 0
31 L -175.610479779 0
31 M -183.065966894 0
31 N -187.322172102 0
31 P -108.222833511 0
31 Q -181.46351486 0
31 R -181.91728506 0
31 S -182.367097965 0
31 T -180.827719379 0
31 V -178.582995237 0
31 W -178.148530517 0
31 Y -151.188650955 0
32 A -182.596440454 0
32 C -182.807303727 0
32 D -183.73022905 0
32 E -184.547688725 0
32 F -184.582375888 0
32 G -180.55634315 0
32 H -185.413474205 0
32 I -187.707082055 0
32 K -182.397386009 0
32 L -190.374685298 1
32 M -185.77152175 0
32 N -185.604031425 0
32 P -111.064557316 0
32 Q -184.686255012 0
32 R -184.909451313 0
32 S -182.522897986 0
32 T -184.869499215 0
32 V -186.080011793 0
32 W -186.50119227 0
32 Y -187.37486587 0
33 A -188.563228658 0
33 C -185.165640889 0
33 D -184.320528194 0
33 E -184.943658575 0
33 F -179.178393959 0
33 G -184.771220548 0
33 H -184.556456556 0
33 I -173.406547151 0
33 K -186.876702666 0
33 L -155.443062132 0
33 M -186.447038967 0
33 N -185.28487173 0
33 P -141.544763174 0
33 Q -185.647898543 0
33 R -187.63910487 0
33 S -189.702003389 0
33 T -192.646551021 1
33 V -184.98913463 0
33 W -184.466801631 0
33 Y -180.418153849 0
34 A -190.102531165 0
34 C -188.340513205 0
34 D -192.423339516 0
34 E -192.207754543 0
34 F -190.30759016 0
34 G -190.007807082 0
34 H -191.478833252 0
34 I -187.299088469 0
34 K -191.879237511 1
34 L -191.974256289 0
34 M -190.618185236 0
34 N -192.003936021 0
34 P -177.475099527 0
34 Q -190.719518881 0
34 R -191.163483066 0
34 S -191.979981815 0
34 T -191.825065612 0
34 V -189.578518995 0
34 W -189.916420293 0
34 Y -190.203260556 0
35 A -185.881449218 0
35 C -183.069347011 0
35 D -184.435489675 0
35 E -185.339274476 0
35 F -192.907281783 1
35 G -183.492725758 0
35 H -191.829008206 0
35 I -146.586967623 0
35 K -183.338607659 0
35 L -162.92603855 0
35 M -185.794051929 0
35 N -185.850147894 0
35 P -120.993612034 0
35 Q -184.864665867 0
35 R -186.745568723 0
35 S -182.127495943 0
35 T -180.099586477 0
35 V -141.811296569 0
35 W -192.338220835 0
35 Y -191.089169461 0
36 A -189.500408578 0
36 C -186.588395495 0
36 D -186.424084278 0
36 E -187.738550517 0
36 F -150.080382355 0
36 G -183.970998118 0
36 H -180.76523864 0
36 I -184.282924859 0
36 K -186.294575169 0
36 L -193.665883601 1
36 M -174.120192559 0
36 N -188.611182248 0
36 P -66.2822451914 0
36 Q -190.709717751 0
36 R -185.309563127 0
36 S -186.417415097 0
36 T -186.754626854 0
36 V -185.323543452 0
36 W -131.889943812 0
36 Y -149.078866971 0
37 A -189.77271961 0
37 C -188.145630977 0
37 D -190.341037978 0
37 E -191.684138681 1
37 F -188.867904091 0
37 G -189.597123126 0
37 H -190.393084317 0
37 I -189.470249581 0
37 K -193.384031836 0
37 L -191.706089253 0
37 M -189.935268178 0
37 N -190.234548329 0
37 P -187.882513702 0
37 Q -190.281182508 0
37 R -190.852062109 0
37 S -190.89825089 0
37 T -191.42709039 0
37 V -189.735977194 0
37 W -189.070208107 0
37 Y -188.965595608 0
38 A -190.562823047 0
38 C -189.106685918 0
38 D -190.545733556 0
38 E -192.255311117 1
38 F -190.654626805 0
38 G -188.850713398 0
38 H -191.822321659 0
38 I -190.775296924 0
38 K -193.403239064 0
38 L -193.59683782 0
38 M -190.384968976 0
38 N -191.919994202 0
38 P -83.4403540522 0
38 Q -191.701365419 0
38 R -192.769298319 0
38 S -191.294107247 0
38 T -191.115005987 0
38 V -191.211942481 0
38 W -189.43551242 0
38 Y -191.00460068 0
39 A -187.887131869 0
39 C -188.393069725 0
39 D -189.811580101 0
39 E -155.88048856 0
39 F -179.517617141 0
39 G -181.411899158 0
39 H -193.32033334 1
39 I -176.752760323 0
39 K -185.307864003 0
39 L -177.283045128 0
39 M -185.714351251 0
39 N -191.024813888 0
39 P -7.13179553533 0
39 Q -180.423133587 0
39 R -183.488829567 0
39 S -187.314965998 0
39 T -185.721561724 0
39 V -181.462725081 0
39 W -184.178675124 0
39 Y -183.632843278 0
40 A -188.031722076 0
40 C -185.630661273 0
40 D -191.213138788 0
40 E -192.973504581 0
40 F -189.436915796 0
40 G -186.954034447 0
40 H -192.548830173 0
40 I -186.720505099 0
40 K -188.525538101 0
40 L -187.913050636 0
40 M -187.313075903 0
40 N -187.845569844 0
40 P -189.284724849 1
40 Q -190.741335885 0
40 R -187.604897971 0
40 S -190.244807775 0
40 T -188.20713712 0
40 V -186.597820306 0
40 W -194.797588364 0
40 Y -191.904586714 0
41 A -185.301268517 0
41 C -188.480434617 0
41 D -189.841616453 0
41 E -190.747989161 0
41 F -191.201010731 0
41 G -188.564851143 1
41 H -189.986538843 0
41 I -181.34347732 0
41 K -186.860362534 0
41 L -192.3924687 0
41 M -189.939890052 0
41 N -190.730600523 0
41 P -157.208818741 0
41 Q -190.186165065 0
41 R -190.684525248 0
41 S -185.774489126 0
41 T -187.99365812 0
41 V -182.591868239 0
41 W -187.970419984 0
41 Y -190.620926499 0
42 A -177.121312625 0
42 C -171.866407771 0
42 D -180.369996355 0
42 E -168.875087088 0
42 F -172.61529186 0
42 G -194.306378129 1
42 H -175.645024258 0
42 I -167.326562341 0
42 K -176.041538215 0
42 L -176.799377708 0
42 M -170.276194686 0
42 N -176.411836971 0
42 P -115.079297141 0
42 Q -167.782556224 0
42 R -170.651959639 0
42 S -181.785549634 0
42 T -172.734023169 0
42 V -167.623399647 0
42 W -173.277927286 0
42 Y -172.044546527 0
43 A -196.042935692 0
43 C -192.788309702 0
43 D -189.42118031 0
43 E -196.968044602 1
43 F -187.554341487 0
43 G -192.678647185 0
43 H -191.448509967 0
43 I -193.636730267 0
43 K -193.949361802 0
43 L -193.188792828 0
43 M -193.410088224 0
43 N -191.059843952 0
43 P -191.460597531 0
43 Q -193.258014214 0
43 R -195.485714877 0
43 S -194.312034349 0
43 T -195.589532879 0
43 V -193.846772732 0
43 W -161.502488575 0
43 Y -178.551460292 0
44 A -192.250537189 0
44 C -189.23506199 0
44 D -193.551412737 0
44 E -195.761586197 1
44 F -189.815733149 0
44 G -191.146675535 0
44 H -194.049000529 0
44 I -191.030113038 0
44 K -193.188070993 0
44 L -192.710445546 0
44 M -192.173396183 0
44 N -192.181834707 0
44 P -180.721134271 0
44 Q -192.400070337 0
44 R -192.674242547 0
44 S -193.46130519 0
44 T -192.01854028 0
44 V -191.222504071 0
44 W -190.22084167 0
44 Y -189.579819972 0
45 A -195.091575406 0
45 C -193.230383417 0
45 D -194.740904723 0
45 E -195.710576018 0
45 F -193.625148905 0
45 G -193.948318051 0
45 H -195.134504706 0
45 I -195.888813531 0
45 K -199.332841774 0
45 L -196.406559184 0
45 M -200.925747955 0
45 N -195.144325115 0
45 P -181.070271753 0
45 Q -194.436074801 0
45 R -195.664121838 0
45 S -196.019719093 0
45 T -195.48234636 0
45 V -196.263855992 1
45 W -193.389011587 0
45 Y -193.45668742 0
46 A -188.733828574 0
46 C -187.527610077 0
46 D -188.966202138 0
46 E -189.595756593 0
46 F -186.009689834 0
46 G -185.63188536 0
46 H -188.430910815 0
46 I -194.809991431 0
46 K -190.724441453 0
46 L -196.605863401 1
46 M -191.086327441 0
46 N -190.129737749 0
46 P -105.822993369 0
46 Q -188.801600796 0
46 R -192.167206386 0
46 S -188.014985807 0
46 T -189.863161168 0
46 V -192.777570883 0
46 W -189.470501376 0
46 Y -185.378425425 0
47 A -193.40424733 0
47 C -191.635820411 0
47 D -198.093003341 0
47 E -199.435583311 0
47 F -197.166409609 0
47 G -191.345190007 0
47 H -198.210235608 0
47 I -200.190809261 0
47 K -199.670101985 0
47 L -196.797857856 0
47 M -201.997513956 0
47 N -194.143404345 0
47 P 76.8322400811 0
47 Q -199.061582497 0
47 R -201.332500832 1
47 S -192.487853948 0
47 T -198.150692523 0
47 V -199.835059632 0
47 W -198.247579553 0
47 Y -197.047494687 0
48 A -195.382968799 0
48 C -192.554353325 0
48 D -194.727913856 0
48 E -195.633750914 1
48 F -191.521245172 0
48 G -193.60572484 0
48 H -194.198648936 0
48 I -192.83465856 0
48 K -195.277630583 0
48 L -194.646906613 0
48 M -193.526863254 0
48 N -195.114768771 0
48 P 61.9858651285 0
48 Q -193.927020938 0
48 R -195.062966502 0
48 S -194.329474499 0
48 T -193.129139054 0
48 V -190.290072085 0
48 W -195.222236119 0
48 Y -191.390787183 0
49 A -194.337123787 0
49 C -195.965774552 0
49 D -198.262625907 0
49 E -195.460432159 0
49 F -196.695327458 0
49 G -193.069989888 0
49 H -197.504388259 0
49 I -191.620189205 0
49 K -196.15058259 0
49 L -196.023998981 0
49 M -196.946961176 0
49 N -199.425099268 0
49 P -160.433616362 0
49 Q -196.651884274 1
49 R -196.822928349 0
49 S -195.753294877 0
49 T -196.779836923 0
49 V -195.076863016 0
49 W -198.816030592 0
49 Y -196.21818477 0
50 A -195.999958711 1
50 C -190.60530118 0
50 D -171.217088159 0
50 E -118.242958926 0
50 F 76.4976328242 0
50 G -192.880224722 0
50 H -144.006120929 0
50 I -75.0552311016 0
50 K -140.015518427 0
50 L -59.943490963 0
50 M -153.062561153 0
50 N -186.113455835 0
50 P 71.7868620431 0
50 Q -109.621526323 0
50 R -164.418221129 0
50 S -192.274841905 0
50 T -188.42994394 0
50 V -179.394670734 0
50 W 121.556824893 0
50 Y 11.4308654164 0
51 A -183.825715532 0
51 C -37.2312112023 0
51 D -150.446320163 0
51 E -73.4955038627 0
51 F 925.501889376 0
51 G -195.008139821 1
51 H 391.79878503 0
51 I -137.429016877 0
51 K -21.603611814 0
51 L -11.1265830117 0
51 M -159.909808458 0
51 N -135.185363711 0
51 P -72.675238073 0
51 Q -131.851614988 0
51 R -34.3692656822 0
51 S -185.494939827 0
51 T -166.736291416 0
51 V -30.8220826349 0
51 W 1004.22024128 0
51 Y 908.116419881 0
52 A -186.98336839 0
52 C -187.684893038 0
52 D -192.765171972 0
52 E -187.295787752 0
52 F -187.113032102 0
52 G -189.072625144 1
52 H -188.689421688 0
52 I -184.248492553 0
52 K -189.016212672 0
52 L -187.45233494 0
52 M -187.730056398 0
52 N -191.431334189 0
52 P -103.125429328 0
52 Q -186.684208087 0
52 R -191.655549757 0
52 S -190.986843603 0
52 T -191.835685585 0
52 V -185.131494299 0
52 W -187.83492482 0
52 Y -186.935031059 0
53 A -186.520619282 0
53 C -189.607811052 0
53 D -195.6005295 1
53 E -186.109867766 0
53 F -144.969236543 0
53 G -183.900278485 0
53 H -180.574974427 0
53 I -189.299714823 0
53 K -182.936546277 0
53 L -158.244925667 0
53 M -186.216276879 0
53 N -194.213682066 0
53 P -188.448446201 0
53 Q -184.751760305 0
53 R -184.150545356 0
53 S -190.029163086 0
53 T -188.021626509 0
53 V -188.307914011 0
53 W -168.979203809 0
53 Y -143.92274028 0
54 A -194.051377014 1
54 C -188.591944662 0
54 D -189.291483768 0
54 E -180.950116517 0
54 F -155.080956992 0
54 G -189.912326519 0
54 H -166.655636216 0
54 I -180.528044506 0
54 K -186.999793987 0
54 L -172.050442966 0
54 M -188.208018734 0
54 N -190.453933931 0
54 P -122.993976247 0
54 Q -182.225652075 0
54 R -187.326416729 0
54 S -187.465143438 0
54 T -178.396021489 0
54 V -185.928631691 0
54 W -180.277698387 0
54 Y -157.31870874 0
55 A -189.360441108 0
55 C -185.283505222 0
55 D -182.847747199 0
55 E -189.606062097 0
55 F -180.524448233 0
55 G -186.901750694 0
55 H -182.007621223 0
55 I -137.246107732 0
55 K -188.069323735 0
55 L -170.979979873 0
55 M -187.267639435 0
55 N -183.847986707 0
55 P -174.250199647 0
55 Q -188.759018743 0
55 R -189.867377668 0
55 S -190.853227584 0
55 T -194.609794273 1
55 V -184.81355268 0
55 W -168.197442123 0
55 Y -178.835440989 0
56 A -195.254282331 0
56 C -193.421687176 0
56 D -196.872127211 0
56 E -195.831635604 1
56 F -194.684627063 0
56 G -194.006476665 0
56 H -196.753580364 0
56 I -193.871729356 0
56 K -199.081164588 0
56 L -196.541224081 0
56 M -195.560194247 0
56 N -196.278725759 0
56 P -180.288512537 0
56 Q -194.755025146 0
56 R -197.792487157 0
56 S -196.489474028 0
56 T -195.85911752 0
56 V -194.56184554 0
56 W -196.025008309 0
56 Y -195.92540365 0
57 A -199.462753784 0
57 C -196.617227751 0
57 D -199.571091954 0
57 E -199.659281684 0
57 F -199.823707565 0
57 G -196.39984926 0
57 H -200.135422776 0
57 I -197.884118167 0
57 K -199.584962529 0
57 L -198.066688467 0
57 M -198.644296033 0
57 N -198.842076224 1
57 P -108.743335925 0
57 Q -199.451178184 0
57 R -199.394039002 0
57 S -200.107177955 0
57 T -198.362580314 0
57 V -198.853417238 0
57 W -199.342590896 0
57 Y -199.728683933 0
58 A -191.872558394 0
58 C -188.642389086 0
58 D -191.001247131 0
58 E -190.851907475 0
58 F -198.351253176 1
58 G -189.549285863 0
58 H -194.738579 0
58 I -188.199024102 0
58 K -188.181104316 0
58 L -184.307426813 0
58 M -189.810247999 0
58 N -191.256653192 0
58 P 28.2179689737 0
58 Q -189.496341285 0
58 R -189.831614932 0
58 S -191.260476376 0
58 T -192.381747382 0
58 V -189.433622823 0
58 W -198.810411283 0
58 Y -197.180636473 0
59 A -190.703508834 0
59 C -189.123904932 0
59 D -192.925125791 0
59 E -197.943453683 1
59 F -188.113845998 0
59 G -189.14635626 0
59 H -189.897902054 0
59 I -189.866164647 0
59 K -190.670857585 0
59 L -190.470674079 0
59 M -192.089949925 0
59 N -191.88078635 0
59 P 2.65331092239 0
59 Q -191.0700209 0
59 R -190.485095987 0
59 S -190.785635016 0
59 T -190.440811099 0
59 V -190.938861447 0
59 W -188.869098654 0
59 Y -187.924587689 0
60 A -197.336928917 0
60 C -193.626474222 0
60 D -195.681912048 1
60 E -194.901946675 0
60 F -193.926480965 0
60 G -196.112072468 0
60 H -195.468379304 0
60 I -193.834110903 0
60 K -195.871712973 0
60 L -195.100174731 0
60 M -194.816555336 0
60 N -196.971668895 0
60 P 110.736983164 0
60 Q -194.129193903 0
60 R -195.793015137 0
60 S -196.602892127 0
60 T -194.35327988 0
60 V -192.963936622 0
60 W -194.675345624 0
60 Y -193.157121653 0
61 A -195.198907146 0
61 C -193.939777331 0
61 D -195.723436406 0
61 E -195.502962924 0
61 F -195.094566169 0
61 G -194.716303492 0
61 H -198.250066765 0
61 I -194.86681012 0
61 K -196.625827546 0
61 L -196.410944933 0
61 M -195.418352571 0
61 N -197.998042491 0
61 P -82.5400805336 0
61 Q -195.515677492 0
61 R -196.997254829 0
61 S -194.514365363 0
61 T -195.187550625 0
61 V -197.791406735 1
61 W -194.92894922 0
61 Y -194.960546475 0
62 A -190.686853513 0
62 C -189.661268426 0
62 D -192.80812149 0
62 E -192.198810441 0
62 F -191.007290734 0
62 G -194.132166943 1
62 H -193.339326116 0
62 I -145.610264445 0
62 K -193.50158908 0
62 L -191.622109025 0
62 M -190.634895216 0
62 N -193.927199144 0
62 P -129.436694483 0
62 Q -191.209207567 0
62 R -192.613446004 0
62 S -191.123252613 0
62 T -184.784821632 0
62 V -171.727316754 0
62 W -190.124877425 0
62 Y -190.733507542 0
63 A -192.513113158 0
63 C -191.533065055 0
63 D -188.232842516 0
63 E -191.160326486 0
63 F -176.632662939 0
63 G -188.578297435 0
63 H -193.345555461 1
63 I -181.609915007 0
63 K -192.354377593 0
63 L -179.227146751 0
63 M -191.421910164 0
63 N -191.424847139 0
63 P -178.202077549 0
63 Q -192.574163756 0
63 R -191.623606561 0
63 S -191.304526129 0
63 T -189.555447039 0
63 V -193.238786262 0
63 W -188.456672654 0
63 Y -149.660695929 0
64 A -189.320357433 0
64 C -186.677842281 0
64 D -188.605534484 0
64 E -189.76280142 0
64 F -186.351738571 0
64 G -190.0929082 0
64 H -188.364105948 0
64 I -176.645219125 0
64 K -189.96848294 0
64 L -189.480753861 0
64 M -188.347605038 0
64 N -188.645436466 0
64 P -190.665755148 0
64 Q -188.982933805 0
64 R -189.023760629 0
64 S -194.450341511 1
64 T -193.176563111 0
64 V -178.347046617 0
64 W -186.554052684 0
64 Y -186.855468945 0
65 A -194.898532316 0
65 C -191.515471396 0
65 D -196.47149791 0
65 E -198.251603126 0
65 F -192.164521349 0
65 G -193.742237417 0
65 H -194.273044894 0
65 I -193.767034602 0
65 K -195.767822743 0
65 L -195.445690926 0
65 M -194.602307129 0
65 N -194.86817796 0
65 P -193.65382725 0
65 Q -194.850228799 0
65 R -194.300074502 0
65 S -195.305228796 0
65 T -194.82881811 1
65 V -193.952127238 0
65 W -192.4723636 0
65 Y -191.05472125 0
66 A -190.959199287 0
66 C -188.024602127 0
66 D -192.052712582 1
66 E -193.879781738 0
66 F -189.272831712 0
66 G -190.01980753 0
66 H -191.489308329 0
66 I -189.9210705 0
66 K -192.071569256 0
66 L -191.577328313 0
66 M -190.004128396 0
66 N -191.338228663 0
66 P -169.755658762 0
66 Q -191.527995658 0
66 R -190.584429938 0
66 S -191.788914455 0
66 T -191.153085217 0
66 V -190.208588131 0
66 W -191.889703599 0
66 Y -189.382087635 0
67 A -195.800508313 1
67 C -191.503493582 0
67 D -197.458485651 0
67 E -195.593729554 0
67 F -190.063892777 0
67 G -192.85169922 0
67 H -195.90186644 0
67 I -194.990734207 0
67 K -191.697273359 0
67 L -189.921854653 0
67 M -197.247196912 0
67 N -192.776628014 0
67 P -95.1870887602 0
67 Q -193.338991451 0
67 R -192.554915132 0
67 S -193.748071988 0
67 T -187.929622396 0
67 V -194.999654804 0
67 W -116.398865336 0
67 Y -190.349631672 0
68 A -189.952421483 0
68 C -187.70740898 0
68 D -188.780770757 0
68 E -190.628368098 0
68 F -191.237884635 0
68 G -187.979351065 0
68 H -189.410833654 0
68 I -190.037100406 0
68 K -191.86278739 0
68 L -189.538359398 0
68 M -190.035645443 0
68 N -189.758028985 0
68 P 65.0844071309 0
68 Q -189.943137123 0
68 R -195.577580249 1
68 S -188.810531641 0
68 T -188.887676689 0
68 V -190.500979365 0
68 W -192.008935731 0
68 Y -190.331441771 0
69 A -189.424454246 0
69 C -187.281588285 0
69 D -189.937007849 0
69 E -192.579125753 1
69 F -187.401815972 0
69 G -187.999200558 0
69 H -189.558102139 0
69 I -189.745958527 0
69 K -190.616522319 0
69 L -190.634028562 0
69 M -188.565309067 0
69 N -190.01268618 0
69 P 71.4171790413 0
69 Q -189.580519724 0
69 R -190.722198791 0
69 S -188.779576637 0
69 T -188.904827276 0
69 V -189.17214419 0
69 W -188.753126728 0
69 Y -187.191735343 0
70 A -191.724473907 0
70 C -189.115181971 0
70 D -190.82456842 0
70 E -193.715662821 0
70 F -187.981103243 0
70 G -190.190938581 0
70 H -190.302990255 0
70 I -191.100914263 0
70 K -192.041430128 0
70 L -193.23673181 1
70 M -190.60454357 0
70 N -191.0446279 0
70 P 141.106404101 0
70 Q -191.720502761 0
70 R -194.967768602 0
70 S -191.4866741 0
70 T -192.633965565 0
70 V -185.083135458 0
70 W -191.661553748 0
70 Y -187.514655505 0
71 A -192.893339117 0
71 C -191.680620403 0
71 D -192.187680309 0
71 E -192.650392671 0
71 F -191.254141096 0
71 G -190.687839014 0
71 H -192.609708172 0
71 I -171.4758789 0
71 K -187.383001866 0
71 L -193.488437218 0
71 M -196.28241267 0
71 N -192.773774522 0
71 P -5.61283898735 0
71 Q -193.077980771 0
71 R -194.360448344 0
71 S -193.542656678 1
71 T -188.831459364 0
71 V -164.304101777 0
71 W -163.804564989 0
71 Y -189.510524852 0
72 A -189.399766733 0
72 C -186.708686778 0
72 D -190.928217896 0
72 E -191.429495122 0
72 F -189.066042591 0
72 G -188.365214969 0
72 H -188.571112605 0
72 I -187.211287416 0
72 K -192.030983207 1
72 L -191.275004836 0
72 M -190.564628654 0
72 N -191.312381003 0
72 P -2.80384719322 0
72 Q -190.338944744 0
72 R -189.722034812 0
72 S -189.750266776 0
72 T -187.797473275 0
72 V -187.321007322 0
72 W -190.132428245 0
72 Y -186.957664558 0
73 A -193.090656176 0
73 C -189.980963239 0
73 D -191.959832079 0
73 E -192.492669599 0
73 F -188.957161344 0
73 G -190.28820525 0
73 H -191.289266995 0
73 I -191.137248557 0
73 K -192.824918307 0
73 L -192.109037047 0
73 M -191.554850268 0
73 N -191.579141492 0
73 P 83.6225038479 0
73 Q -191.893785983 0
73 R -192.66769769 0
73 S -191.653516428 0
73 T -192.375460597 1
73 V -192.580734336 0
73 W -191.042944524 0
73 Y -188.640194257 0
74 A -180.687623857 0
74 C -181.752286134 0
74 D -182.268266505 0
74 E -179.749921644 0
74 F -189.746185233 1
74 G -179.04095011 0
74 H -185.651217568 0
74 I -131.035096405 0
74 K -180.767088382 0
74 L -175.675485231 0
74 M -182.846969482 0
74 N -183.939072974 0
74 P -97.5455304755 0
74 Q -182.356191129 0
74 R -182.978365729 0
74 S -180.425727203 0
74 T -181.989614406 0
74 V -179.450108188 0
74 W -185.903263435 0
74 Y -188.984849869 0
75 A -187.128705864 0
75 C -187.257734649 0
75 D -184.972579067 0
75 E -189.804979003 0
75 F -117.243160724 0
75 G -184.832695183 0
75 H -184.221619383 0
75 I -190.422288572 1
75 K -187.757196172 0
75 L -189.638505912 0
75 M -190.0819903 0
75 N -187.286799651 0
75 P -75.3094443996 0
75 Q -189.252915052 0
75 R -189.101245269 0
75 S -188.619990235 0
75 T -188.037729791 0
75 V -188.380486209 0
75 W -173.707469601 0
75 Y -107.795913803 0
76 A -184.786143033 0
76 C -188.027355882 0
76 D -183.199657469 0
76 E -184.763907354 0
76 F -153.542922941 0
76 G -183.283317632 0
76 H -174.209252703 0
76 I -194.095621128 1
76 K -188.033349489 0
76 L -181.670855249 0
76 M -184.883464262 0
76 N -187.585722789 0
76 P -25.0692649698 0
76 Q -185.891021336 0
76 R -187.89570965 0
76 S -187.675958609 0
76 T -189.385807101 0
76 V -191.468505441 0
76 W -164.87156979 0
76 Y -157.466195562 0
77 A -141.667786477 0
77 C -131.01313669 0
77 D -117.032822496 0
77 E -111.468951872 0
77 F -105.724112241 0
77 G -196.453769592 1
77 H -96.4111122242 0
77 I -67.0031979755 0
77 K 309.951750758 0
77 L -23.252682642 0
77 M -83.2399465073 0
77 N -126.698017093 0
77 P -104.604885201 0
77 Q -113.588267082 0
77 R -76.884718711 0
77 S -18.8453672403 0
77 T -101.657108319 0
77 V -106.741054871 0
77 W -89.9596610722 0
77 Y -100.589931255 0
78 A -193.168676571 0
78 C -192.302366605 0
78 D -191.491954192 0
78 E -196.700883791 1
78 F -195.281651602 0
78 G -189.864136218 0
78 H -194.132945234 0
78 I -190.546893214 0
78 K -193.978268989 0
78 L -195.753185965 0
78 M -193.519346315 0
78 N -191.33851133 0
78 P -61.5995880465 0
78 Q -195.316116349 0
78 R -194.264786179 0
78 S -193.073815554 0
78 T -192.829894877 0
78 V -194.752407754 0
78 W -193.353161706 0
78 Y -195.50978577 0
79 A -185.412961094 0
79 C -186.590664681 0
79 D -182.655246138 0
79 E -186.038226724 0
79 F -144.079855188 0
79 G -181.271673014 0
79 H -181.972196314 0
79 I -186.782604333 0
79 K -173.54188418 0
79 L -194.363056895 1
79 M -185.52871681 0
79 N -184.496708276 0
79 P 42.9991572024 0
79 Q -187.42602293 0
79 R -170.942087439 0
79 S -184.022206753 0
79 T -187.905055657 0
79 V -192.330962351 0
79 W 73.604311474 0
79 Y -135.060634903 0
80 A -187.922712708 0
80 C -185.682402614 0
80 D -189.372720441 0
80 E -186.957623863 0
80 F -188.654317883 0
80 G -182.320220656 0
80 H -190.608446243 1
80 I -186.08927957 0
80 K -186.626650822 0
80 L -185.773712872 0
80 M -188.011077557 0
80 N -189.036191738 0
80 P 17.7289876262 0
80 Q -184.947382786 0
80 R -185.709198215 0
80 S -187.11345477 0
80 T -186.43018398 0
80 V -186.951247535 0
80 W -188.777434172 0
80 Y -188.564030677 0
81 A -188.973520291 0
81 C -186.627084423 0
81 D -188.720976151 0
81 E -190.380982928 0
81 F -186.359808641 0
81 G -187.77503665 0
81 H -190.009402427 0
81 I -188.280134152 0
81 K -189.835837858 0
81 L -189.22892886 0
81 M -187.676615637 0
81 N -188.389049269 0
81 P -191.187221811 1
81 Q -188.697750643 0
81 R -189.301036219 0
81 S -189.444951447 0
81 T -189.271059707 0
81 V -188.726745708 0
81 W -190.681529983 0
81 Y -186.453341501 0
82 A -189.711393973 0
82 C -187.459191893 0
82 D -190.844574279 1
82 E -189.184598498 0
82 F -185.679708828 0
82 G -189.243520292 0
82 H -186.625110368 0
82 I -184.557971944 0
82 K -189.505719818 0
82 L -190.368064141 0
82 M -189.148778612 0
82 N -187.716176873 0
82 P -171.673777374 0
82 Q -187.894607897 0
82 R -189.780800104 0
82 S -190.470194395 0
82 T -186.402303672 0
82 V -185.694119089 0
82 W -188.481880357 0
82 Y -185.564677929 0
83 A -182.96046397 0
83 C -184.989764394 0
83 D -191.506532268 1
83 E -185.368412484 0
83 F -187.219371624 0
83 G -179.930572245 0
83 H -185.999631349 0
83 I -175.355462986 0
83 K -180.547002692 0
83 L -179.401913183 0
83 M -180.223931704 0
83 N -185.709307802 0
83 P -129.948070817 0
83 Q -181.045989394 0
83 R -184.869769275 0
83 S -184.068256623 0
83 T -180.884564749 0
83 V -176.203974035 0
83 W -181.768417198 0
83 Y -185.594020711 0
84 A -185.767761102 0
84 C -185.078462821 0
84 D -183.988749866 0
84 E -186.42787794 0
84 F -66.5019429657 0
84 G -183.256649646 0
84 H -183.598452019 0
84 I -182.057720638 0
84 K -188.518424775 0
84 L -180.634934551 0
84 M -189.109571076 0
84 N -186.431146192 0
84 P 2.88743118222 0
84 Q -187.142616792 0
84 R -192.709472338 1
84 S -185.006474076 0
84 T -185.620297347 0
84 V -174.587081719 0
84 W -180.629048245 0
84 Y -156.374956059 0
85 A -187.626404504 0
85 C -186.123094428 0
85 D -189.186117638 0
85 E -188.983540346 0
85 F -186.077367241 0
85 G -187.369589278 0
85 H -187.485312425 0
85 I -187.015247395 0
85 K -189.471325139 0
85 L -188.2666026 0
85 M -187.483809472 0
85 N -188.284816781 0
85 P -171.842001154 0
85 Q -187.87977966 0
85 R -188.386541054 0
85 S -189.575417678 1
85 T -188.209189795 0
85 V -187.551160959 0
85 W -186.77296404 0
85 Y -185.906227701 0
86 A -184.330935113 0
86 C -182.427603408 0
86 D -182.990139506 0
86 E -184.232193538 0
86 F -182.634212333 0
86 G -182.424777984 0
86 H -183.478099795 0
86 I -182.442329877 0
86 K -188.09131659 1
86 L -186.590230259 0
86 M -184.591400318 0
86 N -184.43404147 0
86 P -2.98588660177 0
86 Q -184.026345912 0
86 R -185.335339122 0
86 S -184.386532499 0
86 T -183.254573675 0
86 V -182.416813481 0
86 W -181.288800035 0
86 Y -182.596447945 0
87 A -186.632155846 0
87 C -185.910230885 0
87 D -186.333965517 0
87 E -184.225046714 0
87 F -180.71057557 0
87 G -179.904329772 0
87 H -183.731611751 0
87 I -190.801513291 1
87 K -185.660129451 0
87 L -191.509276422 0
87 M -185.159696977 0
87 N -189.751177114 0
87 P -36.3064138906 0
87 Q -185.790212358 0
87 R -177.704870668 0
87 S -186.170093016 0
87 T -185.143353658 0
87 V -188.76432008 0
87 W -146.698880638 0
87 Y -177.835234712 0
88 A -189.021417317 0
88 C -187.868491517 0
88 D -187.109336926 0
88 E -190.257909395 0
88 F -186.831053358 0
88 G -189.480644852 0
88 H -188.554523526 0
88 I -190.697969387 0
88 K -190.414045136 0
88 L -190.466950486 0
88 M -189.338121909 0
88 N -190.332620796 0
88 P -135.891626572 0
88 Q -190.097242352 0
88 R -190.565637871 0
88 S -189.194912632 0
88 T -190.231846221 1
88 V -190.916890306 0
88 W -186.500555786 0
88 Y -186.731178339 0
