1 A 42.7233918057 1
1 C 44.4180465332 0
1 D 44.2886108769 0
1 E 43.4990908683 0
1 F 45.1171327493 0
1 G 40.6298082423 0
1 H 43.4364017596 0
1 I 46.434391834 0
1 K 44.2454585627 0
1 L 45.7863535017 0
1 M 41.6585014877 0
1 N 40.4961352108 0
1 P 38.269534384 0
1 Q 43.317794949 0
1 R 42.872829865 0
1 S 40.4694858893 0
1 T 45.7069698746 0
1 V 47.5855503199 0
1 W 44.3836037691 0
1 Y 44.9799590688 0
2 A 42.5608152961 0
2 C 41.4620155579 0
2 D 37.9493510233 0
2 E 37.1746535845 0
2 F 38.5827004326 0
2 G 48.7955911985 0
2 H 38.7308016123 0
2 I 37.8068539188 0
2 K 38.9332712135 0
2 L 35.2450602493 0
2 M 37.3948211356 0
2 N 37.83507666 0
2 P 47.700460415 0
2 Q 38.1573134749 1
2 R 37.2086260577 0
2 S 42.0477152766 0
2 T 42.3000998631 0
2 V 43.1163983716 0
2 W 40.8668187988 0
2 Y 39.3433959157 0
3 A 29.6468507122 0
3 C 32.4094894216 0
3 D 31.7160761374 0
3 E 31.4037999695 0
3 F 48.364516527 0
3 G 30.3342564876 0
3 H 34.0005558956 0
3 I 39.4486804247 0
3 K 46.8758034784 0
3 L 43.2938470153 0
3 M 31.7002821105 0
3 N 30.9260316891 0
3 P 74.9558031571 0
3 Q 31.0241690748 0
3 R 30.597572913 0
3 S 33.7382694478 0
3 T 36.9228838314 0
3 V 39.7054643557 0
3 W 42.3534585307 0
3 Y 29.8299778003 1
4 A 33.7796001036 0
4 C 36.1627160192 0
4 D 33.5617727823 0
4 E 33.9111331415 1
4 F 37.9116609512 0
4 G 34.1706052113 0
4 H 44.5306713843 0
4 I 32.9527373418 0
4 K 35.077029958 0
4 L 35.935522342 0
4 M 33.7044893311 0
4 N 32.2095650495 0
4 P 56.4693262902 0
4 Q 34.5480879056 0
4 R 35.2243048959 0
4 S 33.2493160814 0
4 T 31.4434228579 0
4 V 66.5817180707 0
4 W 100.22939492 0
4 Y 39.9465906657 0
5 A 42.4150252533 0
5 C 45.4890572152 0
5 D 38.5579378737 1
5 E 40.3752002434 0
5 F 37.782806406 0
5 G 39.6764758039 0
5 H 34.9579480145 0
5 I 47.7171653802 0
5 K 39.7362576123 0
5 L 35.7543888391 0
5 M 43.5704150087 0
5 N 39.3531558462 0
5 P 72.3760273986 0
5 Q 37.2011249638 0
5 R 40.0791432099 0
5 S 41.8874793479 0
5 T 47.0689518218 0
5 V 47.2905654484 0
5 W 40.6017770932 0
5 Y 34.3825675358 0
6 A 50.8103699223 0
6 C 56.7374055166 0
6 D 55.2837734296 0
6 E 54.104741053 0
6 F 57.9577332416 0
6 G 38.7434010489 1
6 H 53.7681727622 0
6 I 60.8999377466 0
6 K 50.0657006829 0
6 L 59.2142340548 0
6 M 54.5375024422 0
6 N 48.8543351528 0
6 P 151.244548642 0
6 Q 50.8595915726 0
6 R 50.2747976924 0
6 S 47.8962525363 0
6 T 51.6307794073 0
6 V 62.5561077321 0
6 W 59.0292636209 0
6 Y 59.7583708917 0
7 A 37.9351180669 0
7 C 44.5674793071 0
7 D 36.0829240718 0
7 E 39.2430193241 0
7 F 38.7816979721 0
7 G 39.9519472849 0
7 H 39.5056387199 0
7 I 40.2206287794 0
7 K 37.6182487262 1
7 L 37.4283271886 0
7 M 40.0989329891 0
7 N 40.6351405253 0
7 P 82.0209496691 0
7 Q 39.8766787291 0
7 R 36.7549808781 0
7 S 34.7377716847 0
7 T 32.7126929996 0
7 V 38.8307763834 0
7 W 36.0907060771 0
7 Y 32.8945118081 0
8 A 37.1126918787 0
8 C 35.8269932322 0
8 D 28.7686635774 0
8 E 30.3020435558 0
8 F 29.03550309 0
8 G 39.4550793786 0
8 H 32.8717388077 0
8 I 30.4413540709 0
8 K 25.6943876841 0
8 L 38.9029653677 0
8 M 26.5050288595 0
8 N 28.4983167601 0
8 P 100.811549116 0
8 Q 30.1547230035 1
8 R 31.6218594693 0
8 S 36.7822313642 0
8 T 30.9819661191 0
8 V 29.0023844004 0
8 W 28.5000020301 0
8 Y 25.3567193872 0
9 A 39.7733852426 0
9 C 40.9987764481 0
9 D 38.5604494315 0
9 E 38.8998458587 0
9 F 33.5431273576 0
9 G 42.7342932504 0
9 H 32.1640647494 0
9 I 50.2760563001 0
9 K 40.7224081366 0
9 L 30.8327421593 0
9 M 38.2757562928 0
9 N 40.1730351136 0
9 P 79.5104709349 0
9 Q 38.0613700893 0
9 R 37.0281525563 0
9 S 39.2991685163 0
9 T 40.0885843914 0
9 V 46.6506224797 0
9 W 30.9465784424 0
9 Y 35.1019176586 1
10 A 44.0527389907 0
10 C 47.312344513 0
10 D 42.0068137439 0
10 E 44.2637472306 0
10 F 476.47052864 0
10 G 44.1952198529 0
10 H 305.612304312 0
10 I 46.3409526952 0
10 K 46.6781958891 0
10 L 50.7801482243 0
10 M 45.1624278473 0
10 N 43.7949698642 0
10 P 96.8929227027 0
10 Q 45.0289637861 0
10 R 46.5033893758 0
10 S 42.4943909607 0
10 T 42.6547306778 1
10 V 109.905857735 0
10 W 60.8027072082 0
10 Y 594.128956027 0
11 A 48.4301834421 0
11 C 49.5252032249 0
11 D 54.9350226877 0
11 E 46.2122909142 0
11 F 48.3897021577 0
11 G 50.9153963627 0
11 H 48.1735435966 0
11 I 46.8150070635 0
11 K 46.7123682375 0
11 L 52.3274287493 0
11 M 48.0693447557 0
11 N 51.0771011505 0
11 P 63.5482549254 0
11 Q 48.3786068262 0
11 R 42.4282259528 0
11 S 48.6178689805 0
11 T 45.1172446012 1
11 V 47.0358660404 0
11 W 50.9401234036 0
11 Y 48.1717340844 0
12 A 53.6150112189 0
12 C 52.1502118451 0
12 D 52.8335696255 0
12 E 53.481270542 0
12 F 143.110837284 0
12 G 56.1380818832 0
12 H 51.7214850985 0
12 I 50.5458983527 0
12 K 53.1236227547 0
12 L 47.3052797416 1
12 M 47.4388046235 0
12 N 52.7353194919 0
12 P 113.178349582 0
12 Q 50.7190702233 0
12 R 44.9911480969 0
12 S 51.9189748041 0
12 T 54.405497381 0
12 V 52.6450262877 0
12 W 155.236028321 0
12 Y 142.710278013 0
13 A 53.8337943213 0
13 C 56.2569868831 0
13 D 46.4542556154 0
13 E 51.6527108569 1
13 F 55.4480315885 0
13 G 54.4849206202 0
13 H 53.7404790545 0
13 I 56.2250798418 0
13 K 52.3826782886 0
13 L 52.6947237615 0
13 M 53.8423761864 0
13 N 53.4138184162 0
13 P 54.0909773426 0
13 Q 53.8568148213 0
13 R 52.1080699655 0
13 S 51.7908019016 0
13 T 52.4947623604 0
13 V 55.6671046996 0
13 W 54.8683189156 0
13 Y 55.3752225443 0
14 A 47.2320317108 0
14 C 48.8746943862 0
14 D 47.7937037203 0
14 E 49.3636682643 0
14 F 47.5185120995 0
14 G 62.8394378068 0
14 H 47.4142051699 0
14 I 46.7711147516 0
14 K 47.5004234627 1
14 L 47.2971829911 0
14 M 49.1652892793 0
14 N 46.5409891486 0
14 P 82.3844463179 0
14 Q 46.2788408489 0
14 R 48.06325788 0
14 S 46.0070486289 0
14 T 47.8657849821 0
14 V 47.5439370881 0
14 W 48.2019226367 0
14 Y 47.6152147824 0
15 A 54.4282335864 0
15 C 58.0115194376 0
15 D 55.4895226119 0
15 E 54.5607676043 0
15 F 56.2687514187 0
15 G 55.2522229951 0
15 H 54.5876328428 0
15 I 56.9506557783 0
15 K 55.9356405758 0
15 L 58.276547478 0
15 M 55.3519356646 0
15 N 56.7532643135 0
15 P 50.3168088557 1
15 Q 56.5641883722 0
15 R 55.1504738873 0
15 S 54.1816413657 0
15 T 57.2725191771 0
15 V 63.68325807 0
15 W 57.1834098199 0
15 Y 56.363962695 0
16 A 56.0785735031 0
16 C 56.2080590624 0
16 D 56.6867310981 0
16 E 53.4401358393 0
16 F 56.9655988797 0
16 G 63.540149789 0
16 H 54.4757926035 0
16 I 52.3130798712 0
16 K 53.2923220622 0
16 L 53.520884735 0
16 M 55.6948978144 0
16 N 53.8631333186 0
16 P 123.555512214 0
16 Q 54.0465504161 0
16 R 52.8869417694 0
16 S 55.5094294825 0
16 T 54.0160062209 0
16 V 50.4651982451 1
16 W 45.003471901 0
16 Y 51.191858113 0
17 A 53.4122223663 1
17 C 55.5937308159 0
17 D 51.6483230615 0
17 E 51.8797177898 0
17 F 53.7825167716 0
17 G 54.5530535891 0
17 H 52.387166035 0
17 I 53.8368593462 0
17 K 52.3311871657 0
17 L 52.9136135239 0
17 M 54.2703833826 0
17 N 53.1533249979 0
17 P 50.2931383673 0
17 Q 54.4783314061 0
17 R 53.1957886567 0
17 S 52.2485953179 0
17 T 53.3875795803 0
17 V 53.7938485229 0
17 W 53.4868309002 0
17 Y 53.9409105787 0
18 A 61.5734397056 0
18 C 66.7473093057 0
18 D 59.9691063687 0
18 E 61.7979633715 0
18 F 61.3260038315 0
18 G 53.3665031507 1
18 H 58.4546916919 0
18 I 76.4316254199 0
18 K 59.0690887318 0
18 L 60.4372447145 0
18 M 64.437853735 0
18 N 59.0552070126 0
18 P 154.39185616 0
18 Q 62.1365424585 0
18 R 61.4367273031 0
18 S 59.8335928728 0
18 T 66.8821384466 0
18 V 76.1179740755 0
18 W 61.6416804695 0
18 Y 61.90140103 0
19 A 51.5001533203 1
19 C 53.4215083969 0
19 D 52.2024534894 0
19 E 70.7631017312 0
19 F 122.526592998 0
19 G 53.4317715977 0
19 H 65.8311875854 0
19 I 80.002843562 0
19 K 69.2816909688 0
19 L 167.016192109 0
19 M 62.917241464 0
19 N 50.6615987554 0
19 P 322.630519657 0
19 Q 112.157003257 0
19 R 64.3620243473 0
19 S 51.1330332655 0
19 T 65.2609320806 0
19 V 79.4982029252 0
19 W 71.4905753406 0
19 Y 291.549830682 0
20 A 42.4046382753 0
20 C 47.9985320149 0
20 D 46.0123496176 0
20 E 52.6969034801 0
20 F 41.1600646165 0
20 G 44.708054693 0
20 H 41.4656567484 0
20 I 87.298847136 0
20 K 54.6849663391 0
20 L 60.9918447996 0
20 M 50.1046355896 0
20 N 46.2116222098 0
20 P 42.9229337846 1
20 Q 51.3104301631 0
20 R 45.4558246501 0
20 S 43.4493845681 0
20 T 58.3214873585 0
20 V 51.2228280978 0
20 W 40.190339678 0
20 Y 40.8867542824 0
21 A 36.9691725914 0
21 C 41.4150297511 0
21 D 41.9351567292 0
21 E 34.0893918255 0
21 F 33.8674294869 0
21 G 40.6384059461 0
21 H 40.1566948934 0
21 I 40.2362898316 0
21 K 37.0568015128 0
21 L 41.7296074871 0
21 M 29.6951159855 0
21 N 37.3758346129 0
21 P 56.8409914906 0
21 Q 37.6087458819 1
21 R 34.5112657626 0
21 S 40.2471458566 0
21 T 38.733268223 0
21 V 38.7311831688 0
21 W 31.4622916512 0
21 Y 37.4883908226 0
22 A 38.5169251898 0
22 C 37.4686971808 0
22 D 38.6363682995 0
22 E 40.6486392837 0
22 F 44.7656266681 0
22 G 46.5838018052 0
22 H 37.6171049965 0
22 I 36.7862637942 0
22 K 44.6334115952 0
22 L 34.4478358567 0
22 M 35.5341638106 0
22 N 35.6054044902 0
22 P 156.775362675 0
22 Q 39.2652609718 0
22 R 38.3615361722 0
22 S 39.5926127787 0
22 T 42.2469975967 0
22 V 34.7427585853 1
22 W 53.8562742661 0
22 Y 45.7649333494 0
23 A 39.7553575314 0
23 C 39.9258729281 0
23 D 37.6910975585 0
23 E 37.0326980241 0
23 F 64.0950800268 0
23 G 45.4136671151 0
23 H 45.5224918963 0
23 I 80.8490096831 0
23 K 41.5018363357 0
23 L 36.9102191426 1
23 M 39.4954117778 0
23 N 38.0807363979 0
23 P 230.543246875 0
23 Q 36.9541370428 0
23 R 40.5057137937 0
23 S 40.4628600545 0
23 T 40.7351032198 0
23 V 86.3726009359 0
23 W 77.6803193056 0
23 Y 67.9385862155 0
24 A 44.570743617 0
24 C 45.4815391973 0
24 D 41.2365867433 0
24 E 37.7925028811 1
24 F 31.4418461249 0
24 G 50.0387813942 0
24 H 35.8502691297 0
24 I 37.2288457914 0
24 K 43.9799530473 0
24 L 32.6091761036 0
24 M 34.6079745604 0
24 N 39.6521971195 0
24 P 248.826003264 0
24 Q 39.4351086035 0
24 R 38.1191308748 0
24 S 45.3508297863 0
24 T 43.2309403291 0
24 V 35.4746091378 0
24 W 31.9552129722 0
24 Y 32.9221858394 0
25 A 60.0994603179 0
25 C 55.8817943337 0
25 D 60.2549479476 0
25 E 54.5232115682 0
25 F 44.1213103786 1
25 G 63.0392951063 0
25 H 53.8960214138 0
25 I 49.3251876583 0
25 K 58.655520754 0
25 L 59.4868156267 0
25 M 49.2553909768 0
25 N 59.222782145 0
25 P 141.456194376 0
25 Q 49.0389109125 0
25 R 64.0409852817 0
25 S 58.1072185362 0
25 T 60.9130754726 0
25 V 78.1109428599 0
25 W 86.1589044462 0
25 Y 53.3496706986 0
26 A 53.9982261104 0
26 C 49.5641972614 0
26 D 45.9982355088 0
26 E 51.2303729497 0
26 F 39.677439357 1
26 G 55.7824867828 0
26 H 42.3061612705 0
26 I 43.274338625 0
26 K 47.672666349 0
26 L 44.1367287332 0
26 M 38.5861065349 0
26 N 45.5654939388 0
26 P 84.6442575023 0
26 Q 43.0873728016 0
26 R 40.5456342642 0
26 S 50.4977199399 0
26 T 51.2996239913 0
26 V 47.7418959875 0
26 W 49.1090179988 0
26 Y 60.1447082786 0
27 A 48.0323959141 0
27 C 49.5962350479 0
27 D 56.1034633155 0
27 E 51.9062806791 0
27 F 85.3367011352 0
27 G 71.9684690474 0
27 H 190.468895946 0
27 I 53.3866765245 0
27 K 70.8418815259 0
27 L 64.242390168 0
27 M 61.1766918677 0
27 N 46.8275031 0
27 P 66.2928915042 0
27 Q 52.284196193 0
27 R 112.459731852 0
27 S 47.132868234 1
27 T 50.6274295131 0
27 V 53.285058954 0
27 W 259.997734769 0
27 Y 88.7414454097 0
28 A 48.1193407031 0
28 C 47.9847458692 0
28 D 46.914387077 0
28 E 52.8177018342 0
28 F 40.6888613249 1
28 G 51.9889233676 0
28 H 47.4349048124 0
28 I 47.3576214184 0
28 K 57.3314399686 0
28 L 50.9709933039 0
28 M 51.101063225 0
28 N 47.085617584 0
28 P 59.0394881521 0
28 Q 52.4736566589 0
28 R 51.0353184057 0
28 S 48.0034455568 0
28 T 56.1805571776 0
28 V 47.0975221845 0
28 W 46.8436009461 0
28 Y 46.6907625863 0
29 A 43.8154515767 0
29 C 50.8251753855 0
29 D 53.4128631343 0
29 E 50.2548617955 0
29 F 42.6399479991 1
29 G 46.023801386 0
29 H 44.8661307344 0
29 I 68.5747264573 0
29 K 46.7239359281 0
29 L 54.2470824442 0
29 M 52.7811081879 0
29 N 48.779951912 0
29 P 219.821377049 0
29 Q 45.1926242316 0
29 R 55.1775174801 0
29 S 43.542414258 0
29 T 46.334152201 0
29 V 46.4872247848 0
29 W 49.6349624566 0
29 Y 55.3935789674 0
30 A 33.1241099296 0
30 C 37.627448303 1
30 D 35.3490997746 0
30 E 34.5227874136 0
30 F 42.9261133191 0
30 G 36.6254086779 0
30 H 43.8608076547 0
30 I 56.0509119639 0
30 K 34.5491996709 0
30 L 33.8338049097 0
30 M 33.9135214689 0
30 N 36.1310470127 0
30 P 62.8242545392 0
30 Q 33.3856117456 0
30 R 33.4774909811 0
30 S 32.9007192647 0
30 T 32.2102687659 0
30 V 69.2543920956 0
30 W 64.7812865091 0
30 Y 33.6527367088 0
31 A 37.4495639554 0
31 C 39.3487362956 0
31 D 35.7602870282 0
31 E 33.8163656976 0
31 F 39.5455947607 0
31 G 37.9572347328 0
31 H 37.5429430463 0
31 I 38.6084310533 0
31 K 36.3547580118 0
31 L 37.0120868993 0
31 M 38.3611493409 0
31 N 37.3712731219 0
31 P 38.7888276925 1
31 Q 37.0158518453 0
31 R 36.7806597041 0
31 S 35.1273542683 0
31 T 36.8722135622 0
31 V 38.4921447972 0
31 W 39.1699694629 0
31 Y 39.4173671771 0
32 A 42.7444665673 0
32 C 45.2036597763 0
32 D 43.5385013801 0
32 E 42.8064842932 0
32 F 41.0995730901 0
32 G 44.9334262888 0
32 H 40.9256218906 1
32 I 47.3220717881 0
32 K 38.7133100929 0
32 L 45.5180687084 0
32 M 45.3486838565 0
32 N 43.2111317065 0
32 P 69.8387848621 0
32 Q 44.6162699732 0
32 R 40.1016185757 0
32 S 45.4707695751 0
32 T 43.5709101732 0
32 V 47.00063505 0
32 W 38.3448429985 0
32 Y 41.7193723177 0
33 A 32.4303861144 0
33 C 36.0081810934 1
33 D 40.6949553257 0
33 E 69.9672137682 0
33 F 104.157918402 0
33 G 35.8866599016 0
33 H 62.613743081 0
33 I 104.462200721 0
33 K 96.1979015032 0
33 L 52.6168858968 0
33 M 60.2079488203 0
33 N 39.5222118358 0
33 P 283.309724197 0
33 Q 123.309141624 0
33 R 73.8917017384 0
33 S 34.7469877616 0
33 T 39.6143361272 0
33 V 65.9246056577 0
33 W 540.299574518 0
33 Y 373.77986986 0
34 A 33.9347897037 0
34 C 37.5013619149 0
34 D 38.6697869276 0
34 E 35.0815356343 0
34 F 34.5254206334 0
34 G 36.1472184163 0
34 H 36.7426559835 0
34 I 44.9549155061 0
34 K 30.161349988 0
34 L 33.3127855823 0
34 M 36.8025290747 0
34 N 39.1409254172 0
34 P 55.6853021594 0
34 Q 35.2939079288 0
34 R 37.1986768188 0
34 S 36.2820600088 0
34 T 35.7800009222 0
34 V 38.5983709381 0
34 W 38.7862444588 0
34 Y 33.9371510323 1
35 A 35.7309223111 0
35 C 39.1794331332 0
35 D 37.0007253595 0
35 E 32.468688552 0
35 F 37.587148619 0
35 G 38.9695417779 0
35 H 36.5668682596 0
35 I 77.7432076385 0
35 K 32.3908029095 0
35 L 30.4751893363 0
35 M 32.4116873717 0
35 N 35.9534868963 0
35 P 144.586662196 0
35 Q 35.7789537916 1
35 R 32.0427563973 0
35 S 37.769432234 0
35 T 40.8329094854 0
35 V 74.8980670637 0
35 W 34.4358076325 0
35 Y 37.9483881919 0
36 A 37.6815456964 0
36 C 39.8459089282 0
36 D 36.2623624704 0
36 E 36.7618047818 0
36 F 36.3769394606 1
36 G 40.0144354789 0
36 H 35.4665843454 0
36 I 37.085296434 0
36 K 39.4960257729 0
36 L 34.7122297854 0
36 M 37.6085935093 0
36 N 37.636391324 0
36 P 366.639537533 0
36 Q 36.6206862553 0
36 R 36.8212636951 0
36 S 38.0924687114 0
36 T 36.6894924746 0
36 V 35.9547454642 0
36 W 52.3590410903 0
36 Y 34.255068335 0
37 A 33.7587155719 0
37 C 34.1499073167 0
37 D 27.1954727232 0
37 E 25.3267269728 1
37 F 25.918494049 0
37 G 35.6759368408 0
37 H 27.0429049394 0
37 I 29.2941154202 0
37 K 25.0436459511 0
37 L 26.1766879628 0
37 M 28.5829252293 0
37 N 29.6665637444 0
37 P 124.846058856 0
37 Q 26.1164832088 0
37 R 27.7395328967 0
37 S 33.356393121 0
37 T 33.6562136697 0
37 V 32.5957980018 0
37 W 27.5181301818 0
37 Y 27.1593189776 0
38 A 39.5571044626 0
38 C 38.920055951 0
38 D 35.0794979834 0
38 E 36.588020131 1
38 F 41.2361781796 0
38 G 42.23076439 0
38 H 41.7150782996 0
38 I 36.296270474 0
38 K 33.4685691471 0
38 L 38.5017954148 0
38 M 36.2057285547 0
38 N 37.8334843735 0
38 P 234.687385259 0
38 Q 36.8105441455 0
38 R 36.2455157116 0
38 S 39.2075805559 0
38 T 39.3845342437 0
38 V 35.7844122498 0
38 W 41.1342917455 0
38 Y 42.2949668989 0
39 A 46.2659190094 0
39 C 46.7097756149 0
39 D 46.5400689779 0
39 E 43.644260299 0
39 F 43.8314179507 0
39 G 49.2931497767 0
39 H 43.131376361 0
39 I 42.4274760331 0
39 K 41.9220763234 0
39 L 44.4459500463 0
39 M 43.6863314887 0
39 N 44.8508864986 0
39 P 114.064554954 0
39 Q 45.2830286191 0
39 R 43.2648060112 0
39 S 45.8425080667 0
39 T 45.357042299 0
39 V 41.111831217 1
39 W 45.7871271778 0
39 Y 43.2626509808 0
40 A 41.6422942052 0
40 C 40.1725040399 0
40 D 38.9592945708 0
40 E 39.3090205904 0
40 F 38.3157772893 0
40 G 43.9213990897 0
40 H 38.921226305 0
40 I 41.9989102512 0
40 K 37.8199181203 0
40 L 36.3764529063 1
40 M 37.2658408582 0
40 N 38.4307670272 0
40 P 217.616844486 0
40 Q 38.9424824918 0
40 R 33.5614803384 0
40 S 39.5838062528 0
40 T 40.4831326026 0
40 V 42.6195142039 0
40 W 34.5263632058 0
40 Y 38.7009107328 0
41 A 36.345699672 0
41 C 37.7678650018 0
41 D 37.2999922238 0
41 E 36.9084976917 0
41 F 36.3685864065 0
41 G 36.8996881661 0
41 H 35.1113190916 1
41 I 54.7648020102 0
41 K 34.4430021963 0
41 L 34.9205546405 0
41 M 37.5831682235 0
41 N 33.7550609072 0
41 P 272.996614977 0
41 Q 36.6516668313 0
41 R 34.3522522791 0
41 S 37.5321368408 0
41 T 44.3216506669 0
41 V 51.598457554 0
41 W 38.1022776078 0
41 Y 36.5527105785 0
42 A 35.3121824419 0
42 C 36.4721887306 0
42 D 38.0145077432 0
42 E 43.0306503111 0
42 F 51.7716281903 0
42 G 39.9937307184 0
42 H 40.9537314162 0
42 I 33.2605257125 1
42 K 64.2437015219 0
42 L 45.4573217567 0
42 M 35.1240698647 0
42 N 37.5490964951 0
42 P 126.089958246 0
42 Q 37.2486028373 0
42 R 46.9227665457 0
42 S 37.5872241828 0
42 T 37.3846002522 0
42 V 35.0925583136 0
42 W 43.2201923444 0
42 Y 44.8733089459 0
43 A 25.8864202326 0
43 C 35.479657015 0
43 D 32.4516350884 0
43 E 34.9900209076 0
43 F 30.539655436 0
43 G 27.3424571295 0
43 H 35.3653000116 0
43 I 34.9947372216 0
43 K 38.1534155315 0
43 L 33.1703486405 0
43 M 33.1025939644 0
43 N 36.609019729 0
43 P 129.426207269 0
43 Q 31.9793920709 0
43 R 49.2286141423 0
43 S 27.3531946149 1
43 T 34.1794507299 0
43 V 32.8330097468 0
43 W 41.5093595778 0
43 Y 32.2276259823 0
44 A 39.2160347786 0
44 C 38.185883385 0
44 D 31.4806102819 1
44 E 28.6723399347 0
44 F 32.9982467826 0
44 G 40.5899987178 0
44 H 34.7499254779 0
44 I 35.6268963752 0
44 K 33.8883009146 0
44 L 30.7053791141 0
44 M 35.0403277044 0
44 N 31.4409217979 0
44 P 67.4291198244 0
44 Q 32.2584069134 0
44 R 27.7459319551 0
44 S 39.0748825767 0
44 T 35.7623109613 0
44 V 35.53136021 0
44 W 32.9798946203 0
44 Y 30.3624774649 0
45 A 38.8966474579 0
45 C 43.1030287 0
45 D 39.8182643463 0
45 E 35.7868657933 0
45 F 36.9553991197 0
45 G 41.1518381138 0
45 H 38.8532571439 0
45 I 43.5635708245 0
45 K 41.4123090332 0
45 L 41.0370111302 0
45 M 40.7720427391 0
45 N 39.231911758 1
45 P 473.097137344 0
45 Q 39.898200194 0
45 R 41.0246987947 0
45 S 40.3017162871 0
45 T 39.3256455308 0
45 V 48.9892777273 0
45 W 38.6746167089 0
45 Y 35.1762253115 0
46 A 42.0890895538 0
46 C 42.7794008152 0
46 D 46.214614952 0
46 E 38.106123128 0
46 F 158.05167948 0
46 G 46.1323296298 0
46 H 58.3793868389 0
46 I 41.3062256587 0
46 K 46.6441445103 0
46 L 51.4716892097 0
46 M 39.0554296777 0
46 N 43.379107976 0
46 P 187.281777715 0
46 Q 36.4704440464 0
46 R 45.4651433494 0
46 S 43.676896543 0
46 T 41.634090245 0
46 V 39.8500700785 1
46 W 78.6092656115 0
46 Y 95.5260994273 0
47 A 40.4464367453 0
47 C 41.1648020729 0
47 D 42.9271397169 0
47 E 38.9087525341 0
47 F 43.0775559751 0
47 G 42.3207367537 0
47 H 42.0925572352 0
47 I 40.2936476204 0
47 K 41.0025783211 1
47 L 45.2986684014 0
47 M 40.5336638334 0
47 N 42.5808476483 0
47 P 226.378867871 0
47 Q 40.3797346825 0
47 R 39.0598744089 0
47 S 41.8852750825 0
47 T 42.2795887908 0
47 V 41.0664592055 0
47 W 42.5658350032 0
47 Y 43.1094663801 0
48 A 43.0729364437 0
48 C 46.237395701 0
48 D 44.5190277153 0
48 E 43.5132382349 0
48 F 46.6269785318 0
48 G 44.528415748 0
48 H 44.8983354151 0
48 I 45.2859192095 0
48 K 42.8394576868 1
48 L 43.4937743476 0
48 M 44.8877726602 0
48 N 44.1029675513 0
48 P 251.234083466 0
48 Q 44.9828058077 0
48 R 44.1912172006 0
48 S 44.4831764365 0
48 T 45.2322338838 0
48 V 45.1337992809 0
48 W 45.0910057826 0
48 Y 46.5717935846 0
49 A 44.8654933972 0
49 C 45.8550276488 0
49 D 43.7406131693 0
49 E 43.0980291562 0
49 F 43.1030931141 0
49 G 45.5201393453 0
49 H 41.9589658758 0
49 I 40.3497782149 0
49 K 41.5180860614 1
49 L 42.2558382492 0
49 M 44.0222918377 0
49 N 42.5365277265 0
49 P 187.854169104 0
49 Q 43.7647753721 0
49 R 40.0796643284 0
49 S 44.7741419906 0
49 T 44.6653613206 0
49 V 42.5233710412 0
49 W 44.4406962816 0
49 Y 43.5208475515 0
50 A 52.5435661276 0
50 C 50.8909212845 0
50 D 51.6070864509 0
50 E 54.1126615511 0
50 F 63.0378749554 0
50 G 60.8346966173 0
50 H 53.7780407416 0
50 I 49.2221140669 0
50 K 65.2047766129 0
50 L 47.0856778739 1
50 M 51.663582391 0
50 N 50.7520293508 0
50 P 378.155265299 0
50 Q 54.2380938114 0
50 R 69.4792186007 0
50 S 50.7873136875 0
50 T 51.3352105371 0
50 V 47.8955955614 0
50 W 172.115373823 0
50 Y 70.8621020013 0
51 A 53.2877705747 0
51 C 54.5286704852 0
51 D 51.3792406509 0
51 E 52.1262814081 0
51 F 50.4714196872 0
51 G 53.3697387182 0
51 H 51.4933770602 0
51 I 54.5539124907 0
51 K 52.5468991008 0
51 L 52.7874042408 0
51 M 52.5829398519 0
51 N 53.1606592336 0
51 P 50.7505632959 1
51 Q 50.9024778977 0
51 R 46.8684784562 0
51 S 51.295023522 0
51 T 51.5032144933 0
51 V 53.7489858858 0
51 W 53.639224006 0
51 Y 48.8713987918 0
52 A 54.4678173597 0
52 C 56.771402568 0
52 D 52.6893670093 0
52 E 52.6178311535 1
52 F 54.7962525399 0
52 G 55.6666532974 0
52 H 53.556564143 0
52 I 55.0062734637 0
52 K 53.100991777 0
52 L 54.0645829405 0
52 M 55.534309393 0
52 N 54.2732422264 0
52 P 52.0941353537 0
52 Q 55.1337753964 0
52 R 54.1850565121 0
52 S 53.242990883 0
52 T 54.0325970754 0
52 V 54.9327349312 0
52 W 54.9048598488 0
52 Y 54.8167256728 0
53 A 58.5699421814 0
53 C 65.2881581028 0
53 D 58.7726774051 0
53 E 58.1251738864 0
53 F 62.7515006778 0
53 G 45.6441955799 1
53 H 59.3735871003 0
53 I 68.8981475543 0
53 K 55.091345116 0
53 L 62.6369217499 0
53 M 62.9752356657 0
53 N 57.3520035995 0
53 P 198.526444627 0
53 Q 60.9762851339 0
53 R 52.2465156398 0
53 S 55.9926832528 0
53 T 59.1471648221 0
53 V 70.9376479926 0
53 W 65.4505171695 0
53 Y 64.6345260285 0
54 A 48.7730634028 0
54 C 48.3752294706 0
54 D 46.0242388547 0
54 E 44.6955432171 0
54 F 77.4066714348 0
54 G 54.6936366817 0
54 H 72.2783727359 0
54 I 57.5280854852 0
54 K 59.3772518637 0
54 L 69.9851629896 0
54 M 54.9853578888 0
54 N 46.4007104621 0
54 P 142.214098864 0
54 Q 46.1882234321 0
54 R 53.6656305873 0
54 S 45.4275574075 0
54 T 44.3785016772 0
54 V 44.4088930141 1
54 W 85.332076722 0
54 Y 76.464719825 0
55 A 43.4305578832 0
55 C 46.7079424974 0
55 D 42.7262692149 0
55 E 42.4403233813 0
55 F 43.7564679948 0
55 G 43.7753721227 0
55 H 43.4794094265 0
55 I 43.6942693298 0
55 K 42.5983579097 1
55 L 42.5667962551 0
55 M 43.4661626629 0
55 N 42.1844136951 0
55 P 84.4123069697 0
55 Q 44.4239070773 0
55 R 42.4702273222 0
55 S 44.0816552482 0
55 T 45.9145139775 0
55 V 43.9627718973 0
55 W 44.7058367837 0
55 Y 43.9441193927 0
56 A 40.521041152 0
56 C 37.8412618032 0
56 D 37.4565255658 0
56 E 41.1955665096 0
56 F 35.1513771431 0
56 G 44.5920902994 0
56 H 30.1952288953 0
56 I 41.0491870803 0
56 K 37.6400303807 0
56 L 38.1047865624 0
56 M 35.3529749485 1
56 N 38.6795522434 0
56 P 73.1183001891 0
56 Q 43.8267264284 0
56 R 35.2009946147 0
56 S 40.6770758263 0
56 T 40.8575359871 0
56 V 41.5768023104 0
56 W 35.2209302833 0
56 Y 40.0671695789 0
57 A 36.1290237314 0
57 C 39.2972082818 0
57 D 41.0288013659 0
57 E 37.2172320791 0
57 F 48.0751892705 0
57 G 40.9982089347 0
57 H 42.2389750728 0
57 I 38.883984906 0
57 K 38.7891681253 0
57 L 40.9692041054 0
57 M 38.4110506145 0
57 N 38.7140581594 0
57 P 259.996515613 0
57 Q 39.3163357989 0
57 R 32.2899049282 0
57 S 37.495831492 0
57 T 40.2537045657 1
57 V 37.8701208591 0
57 W 39.9387871422 0
57 Y 52.2775300184 0
58 A 40.6000548205 0
58 C 40.626001651 0
58 D 44.241389127 0
58 E 36.1517651459 0
58 F 53.7415948108 0
58 G 45.1067972592 0
58 H 47.2843631969 0
58 I 34.3472410018 0
58 K 33.8637240667 1
58 L 32.1909642066 0
58 M 32.4823121731 0
58 N 41.1375808395 0
58 P 51.5701972949 0
58 Q 34.8733510162 0
58 R 31.3888958088 0
58 S 41.0182815441 0
58 T 40.8642681437 0
58 V 40.7360881421 0
58 W 42.8406984792 0
58 Y 52.6887853823 0
59 A 40.241141626 0
59 C 39.8165395216 0
59 D 38.6667690525 0
59 E 35.6411533081 0
59 F 24.0904569115 0
59 G 44.6398108526 0
59 H 30.3512542643 0
59 I 39.8614850385 0
59 K 25.5374122973 0
59 L 31.1222837799 0
59 M 31.5030263363 0
59 N 34.4596256724 0
59 P 63.6574068823 0
59 Q 34.0012477352 0
59 R 27.4457474975 0
59 S 36.5362023832 0
59 T 38.1454899678 0
59 V 39.2555723877 0
59 W 34.5376904809 0
59 Y 28.0736925704 1
60 A 36.5338014448 0
60 C 38.1798359763 0
60 D 41.6473140236 0
60 E 43.9044630252 0
60 F 34.6913347156 0
60 G 39.9453462224 0
60 H 33.6543899965 1
60 I 49.0063281022 0
60 K 55.3808590029 0
60 L 127.108238888 0
60 M 46.3629449959 0
60 N 38.00884127 0
60 P 89.2096510901 0
60 Q 49.7938751288 0
60 R 66.0652797757 0
60 S 38.55602384 0
60 T 41.5170835956 0
60 V 53.2696118406 0
60 W 206.79743328 0
60 Y 55.3874068394 0
61 A 35.1873457429 0
61 C 37.4774484066 0
61 D 40.984751028 0
61 E 58.1218305754 0
61 F 83.2916046985 0
61 G 37.5061216419 0
61 H 56.3967295563 0
61 I 54.7263903935 0
61 K 65.7593537681 0
61 L 36.2410471245 0
61 M 79.2642029961 0
61 N 42.9700191012 0
61 P 55.4415346363 0
61 Q 62.1588232481 0
61 R 69.5356526252 0
61 S 35.2854048443 0
61 T 35.540515557 0
61 V 34.6605005506 1
61 W 178.065022338 0
61 Y 85.2323783739 0
62 A 42.1216386679 0
62 C 39.1806128817 0
62 D 37.1546418382 0
62 E 33.6830660915 0
62 F 41.100031261 0
62 G 44.2872182823 0
62 H 32.3684675011 0
62 I 43.7749352794 0
62 K 42.9379896119 0
62 L 33.1421732412 0
62 M 37.2979756184 0
62 N 37.3748848716 1
62 P 44.0201557495 0
62 Q 50.2850686453 0
62 R 36.7379065913 0
62 S 42.2056068719 0
62 T 45.028365391 0
62 V 43.8963186269 0
62 W 36.7226591161 0
62 Y 41.3873841246 0
63 A 45.1711584596 0
63 C 47.0152761206 0
63 D 44.0112007397 0
63 E 46.8672878556 0
63 F 40.7768687672 1
63 G 47.6080095093 0
63 H 38.8665146083 0
63 I 35.1791915841 0
63 K 39.6281755474 0
63 L 40.8379832985 0
63 M 43.6746392302 0
63 N 39.9191436147 0
63 P 72.9378774275 0
63 Q 37.0352124237 0
63 R 37.5843714046 0
63 S 45.3820147354 0
63 T 43.8901222472 0
63 V 44.4520124854 0
63 W 44.8060305254 0
63 Y 41.4644578854 0
64 A 52.3245551804 0
64 C 49.6053496213 0
64 D 42.1690359547 0
64 E 54.063074752 0
64 F 64.0954867969 0
64 G 57.8703238091 0
64 H 55.5131175423 0
64 I 59.3501686286 0
64 K 54.5690839002 0
64 L 52.8538258395 0
64 M 52.2610706119 1
64 N 42.4463261557 0
64 P 83.0289857489 0
64 Q 51.451493418 0
64 R 52.8268280325 0
64 S 56.6615983925 0
64 T 49.6629631703 0
64 V 49.5350400354 0
64 W 64.2516077094 0
64 Y 61.5418405636 0
65 A 70.5524924129 0
65 C 72.8773757398 0
65 D 71.0912310587 0
65 E 68.9930797513 0
65 F 62.4763943389 0
65 G 51.702585115 1
65 H 69.2727969967 0
65 I 72.2582448496 0
65 K 66.4327438395 0
65 L 65.1897669226 0
65 M 68.0696415813 0
65 N 67.4213229195 0
65 P 105.421402948 0
65 Q 70.9379037371 0
65 R 61.797093523 0
65 S 61.5632109918 0
65 T 67.8783517852 0
65 V 73.9361663017 0
65 W 76.6350388698 0
65 Y 69.5135080553 0
66 A 59.2006763611 0
66 C 62.6854771536 0
66 D 58.2375802917 0
66 E 51.4613466166 0
66 F 59.8798785189 0
66 G 45.8727355485 1
66 H 56.8170533123 0
66 I 59.8812442732 0
66 K 49.5584441719 0
66 L 63.8307826506 0
66 M 61.1366162999 0
66 N 57.3530544832 0
66 P 94.5871598737 0
66 Q 60.1176585645 0
66 R 56.4383605782 0
66 S 61.3340864205 0
66 T 51.9810291768 0
66 V 59.4918595133 0
66 W 61.2920987813 0
66 Y 59.0859848285 0
67 A 46.53127672 0
67 C 50.0028060517 0
67 D 44.7481659785 1
67 E 44.6564508186 0
67 F 46.7343978182 0
67 G 50.7910353283 0
67 H 43.9509914151 0
67 I 44.2084011302 0
67 K 43.9110644759 0
67 L 43.7493392054 0
67 M 47.5882992532 0
67 N 45.2858301335 0
67 P 106.118758316 0
67 Q 46.7649434405 0
67 R 45.5854693546 0
67 S 43.7666260786 0
67 T 43.3209185446 0
67 V 44.3436893625 0
67 W 46.967019784 0
67 Y 46.7099917816 0
68 A 31.0611439067 0
68 C 32.2456973393 0
68 D 25.2253078374 0
68 E 26.7815212067 0
68 F 98.5208842438 0
68 G 36.3212512049 0
68 H 34.5229328224 0
68 I 34.9683789735 0
68 K 40.5588017064 0
68 L 32.3425136965 1
68 M 44.9838661288 0
68 N 26.1458903116 0
68 P 43.0985771237 0
68 Q 34.78370834 0
68 R 30.5194116262 0
68 S 30.2716958111 0
68 T 34.3504734039 0
68 V 37.0214032676 0
68 W 64.1773608806 0
68 Y 90.6646466123 0
69 A 48.5907272395 0
69 C 52.191616188 0
69 D 52.5650964429 0
69 E 102.406608934 0
69 F 213.544490328 0
69 G 39.3104899984 1
69 H 84.6643701977 0
69 I 79.9453543269 0
69 K 154.919460441 0
69 L 117.27539092 0
69 M 97.4491494172 0
69 N 64.7040942447 0
69 P 112.707098889 0
69 Q 108.957600146 0
69 R 155.934932261 0
69 S 48.6241521785 0
69 T 51.5828254945 0
69 V 79.4749990318 0
69 W 196.798988281 0
69 Y 168.847027469 0
70 A 48.466914371 0
70 C 51.5938001871 0
70 D 47.4183748591 0
70 E 47.2779898938 0
70 F 45.3873092407 0
70 G 50.6879359321 0
70 H 44.7109707668 0
70 I 52.0943396534 0
70 K 44.9811874778 1
70 L 44.7296446435 0
70 M 48.3696664365 0
70 N 46.7796770049 0
70 P 204.149596456 0
70 Q 45.573331942 0
70 R 46.1244061584 0
70 S 49.5380386819 0
70 T 48.2577539705 0
70 V 48.6260071766 0
70 W 45.2963350487 0
70 Y 47.046111443 0
71 A 45.0670227106 0
71 C 48.6651682725 0
71 D 47.7636898582 1
71 E 43.684435839 0
71 F 45.5536763814 0
71 G 48.4129826391 0
71 H 41.3846346405 0
71 I 47.7770861099 0
71 K 42.6380091739 0
71 L 48.8497844229 0
71 M 46.4857876213 0
71 N 45.8957053716 0
71 P 95.6675311724 0
71 Q 44.9306287748 0
71 R 44.1766400331 0
71 S 46.8583824336 0
71 T 45.6943821641 0
71 V 46.8182821929 0
71 W 42.7238726459 0
71 Y 45.9353695641 0
72 A 50.1358427584 0
72 C 53.2060311763 0
72 D 54.9538414109 0
72 E 53.9511330485 0
72 F 74.3050282345 0
72 G 54.7854553401 0
72 H 88.026492652 0
72 I 100.828781197 0
72 K 56.9116324888 0
72 L 47.4537937809 1
72 M 45.6325185156 0
72 N 54.6502569475 0
72 P 431.872582923 0
72 Q 51.5459245429 0
72 R 61.5960004429 0
72 S 55.3146384444 0
72 T 54.0076396588 0
72 V 61.9606689696 0
72 W 94.7503874394 0
72 Y 64.1373533382 0
73 A 40.6249512121 0
73 C 44.748886953 0
73 D 50.8347186297 0
73 E 44.4887983379 0
73 F 246.237582437 0
73 G 42.8556258235 0
73 H 84.1306087208 0
73 I 205.644798979 0
73 K 48.9896840221 0
73 L 44.7649295143 0
73 M 41.6399925679 0
73 N 47.4257680794 0
73 P 272.317412066 0
73 Q 41.0010580509 0
73 R 43.2619210525 0
73 S 43.7202580674 0
73 T 40.9613886413 1
73 V 49.2114061681 0
73 W 504.210492406 0
73 Y 403.523626271 0
74 A 34.4936899414 0
74 C 35.441820697 0
74 D 33.7364564409 0
74 E 33.7366728352 0
74 F 31.4181897144 0
74 G 35.9171374409 0
74 H 28.2836067787 0
74 I 32.0407451223 0
74 K 33.6342323918 0
74 L 32.0969786093 0
74 M 32.8822846603 0
74 N 32.2476814533 0
74 P 188.295500644 0
74 Q 34.2476587131 1
74 R 32.6293998809 0
74 S 33.4126454173 0
74 T 32.4275057193 0
74 V 31.6964125708 0
74 W 28.2313241172 0
74 Y 30.4024344958 0
75 A 35.7433420952 1
75 C 42.3167206646 0
75 D 48.6405064542 0
75 E 40.7805368704 0
75 F 63.1153953802 0
75 G 38.5766245869 0
75 H 51.1976955958 0
75 I 138.291857962 0
75 K 57.982128217 0
75 L 46.2050219263 0
75 M 58.2756800839 0
75 N 47.9727274753 0
75 P 451.119358064 0
75 Q 43.1296573784 0
75 R 51.2662141086 0
75 S 40.480930997 0
75 T 43.1029240167 0
75 V 51.4699483163 0
75 W 58.1336300733 0
75 Y 85.0352875372 0
76 A 38.8358127868 0
76 C 36.2494996927 0
76 D 33.5486554496 0
76 E 31.0560702238 0
76 F 31.1077629627 0
76 G 42.5798747994 0
76 H 27.3290494738 0
76 I 42.4973778246 0
76 K 32.4448705687 0
76 L 31.7508928407 0
76 M 29.3590943845 0
76 N 33.3322199671 0
76 P 245.825505829 0
76 Q 30.4025819292 0
76 R 34.294292493 0
76 S 33.9348002102 0
76 T 36.9150720855 0
76 V 42.6880134631 0
76 W 27.2051483713 1
76 Y 32.0972045656 0
77 A 34.1292037177 1
77 C 47.8961396212 0
77 D 45.0652977006 0
77 E 117.735754694 0
77 F 530.430766346 0
77 G 39.4202023283 0
77 H 247.424941003 0
77 I 89.6527784274 0
77 K 86.6454967893 0
77 L 148.347314769 0
77 M 99.5313872449 0
77 N 59.6063578293 0
77 P 84.7593266846 0
77 Q 191.639993206 0
77 R 120.437044225 0
77 S 38.7002743136 0
77 T 56.3369995243 0
77 V 80.5007087645 0
77 W 392.096920381 0
77 Y 864.371241829 0
78 A 47.5102681322 0
78 C 47.1989474807 0
78 D 48.0393266072 0
78 E 44.5916793206 0
78 F 239.652631882 0
78 G 53.3223546887 0
78 H 117.346051473 0
78 I 51.7733587511 0
78 K 72.6764120412 0
78 L 48.0460206207 0
78 M 166.846210014 0
78 N 42.8622466674 0
78 P 279.442556287 0
78 Q 60.7198014495 0
78 R 179.706669752 0
78 S 47.0445608947 0
78 T 46.8334655749 0
78 V 40.2343165914 1
78 W 255.793033292 0
78 Y 321.569300791 0
79 A 44.1365448881 1
79 C 51.3543746468 0
79 D 60.9253017946 0
79 E 62.9675914373 0
79 F 107.149044423 0
79 G 49.1010406493 0
79 H 94.9293662215 0
79 I 79.5640810565 0
79 K 98.2008148959 0
79 L 58.7931138502 0
79 M 53.4720952414 0
79 N 122.290069075 0
79 P 426.269576884 0
79 Q 111.552873495 0
79 R 110.793775673 0
79 S 49.842322164 0
79 T 51.3905819425 0
79 V 82.8827726302 0
79 W 92.3694355522 0
79 Y 112.554895885 0
80 A 44.7060156576 0
80 C 47.5508580906 0
80 D 48.3035041902 0
80 E 44.0443626773 0
80 F 46.2816948911 0
80 G 47.0102156566 0
80 H 44.4451003213 0
80 I 47.6535107153 0
80 K 45.147268112 0
80 L 41.6916759852 0
80 M 41.3236901013 1
80 N 44.8183456123 0
80 P 332.660251507 0
80 Q 45.271201663 0
80 R 41.9842364818 0
80 S 47.5474125459 0
80 T 46.112593559 0
80 V 46.6488255374 0
80 W 42.3737129911 0
80 Y 46.6897191588 0
81 A 47.3031443083 1
81 C 53.1473757699 0
81 D 52.5192449636 0
81 E 54.3391103578 0
81 F 52.8413094419 0
81 G 48.0445945801 0
81 H 51.5676685576 0
81 I 70.2740699746 0
81 K 53.1681761405 0
81 L 90.8844962446 0
81 M 61.1617865602 0
81 N 51.5096845656 0
81 P 267.894411744 0
81 Q 53.2392533869 0
81 R 51.6789404538 0
81 S 51.9954374532 0
81 T 54.324675906 0
81 V 99.4185831139 0
81 W 59.85119695 0
81 Y 53.2046794531 0
82 A 53.4228008654 0
82 C 51.7063207063 0
82 D 50.4428566639 0
82 E 49.5807183597 0
82 F 58.1981379899 0
82 G 56.1276129455 0
82 H 60.1417489435 0
82 I 52.2312059732 0
82 K 49.5199031191 0
82 L 42.955184677 1
82 M 49.7653249571 0
82 N 48.2685548699 0
82 P 136.009836594 0
82 Q 46.4203242346 0
82 R 50.3918336114 0
82 S 51.0871791831 0
82 T 55.1552290713 0
82 V 53.3788182111 0
82 W 69.5027271096 0
82 Y 58.5985572941 0
83 A 48.2381243107 0
83 C 49.0476744841 0
83 D 46.4013459161 0
83 E 46.9014291693 0
83 F 48.2719340203 0
83 G 43.309449148 1
83 H 46.133902992 0
83 I 72.6374274217 0
83 K 45.3801583143 0
83 L 46.8686948309 0
83 M 48.3514635739 0
83 N 45.243319283 0
83 P 132.240643773 0
83 Q 47.4471137854 0
83 R 46.7099732347 0
83 S 48.973281278 0
83 T 54.6441773017 0
83 V 64.927385047 0
83 W 49.3285810805 0
83 Y 47.9540283587 0
84 A 44.886357823 0
84 C 44.3279892941 0
84 D 46.1154588701 0
84 E 48.3566864682 0
84 F 49.3159443379 0
84 G 45.631873892 0
84 H 45.9064321322 0
84 I 53.404639375 0
84 K 46.5195038524 0
84 L 55.3205633193 0
84 M 48.548774833 0
84 N 46.276811474 0
84 P 228.165220637 0
84 Q 48.1256316067 0
84 R 48.289132876 0
84 S 44.4253425961 0
84 T 45.3646715121 0
84 V 41.713759003 1
84 W 58.9043655095 0
84 Y 47.8793777442 0
85 A 43.2528574604 0
85 C 44.7615949272 0
85 D 44.2642353083 0
85 E 37.7211267602 1
85 F 35.8890273296 0
85 G 45.2918297051 0
85 H 40.8710483264 0
85 I 41.177880325 0
85 K 39.6059850525 0
85 L 39.3008927701 0
85 M 42.0449884361 0
85 N 44.5274040264 0
85 P 99.0423562891 0
85 Q 43.5387512524 0
85 R 40.4339056606 0
85 S 44.0733432799 0
85 T 43.0578195551 0
85 V 40.1677117044 0
85 W 44.8135696083 0
85 Y 39.7242134478 0
86 A 48.2898310354 0
86 C 50.9514026395 0
86 D 46.6858270764 1
86 E 46.2455548829 0
86 F 46.5575591274 0
86 G 49.0802633964 0
86 H 47.2689662747 0
86 I 48.8494835207 0
86 K 44.7650970148 0
86 L 46.2864557761 0
86 M 46.7680943726 0
86 N 47.7091821018 0
86 P 59.8916414311 0
86 Q 45.1686573141 0
86 R 42.820544083 0
86 S 47.034007404 0
86 T 47.9969475144 0
86 V 49.2078688183 0
86 W 44.4332298875 0
86 Y 46.3659615963 0
87 A 47.6407534962 0
87 C 50.7279631883 0
87 D 46.8169672175 0
87 E 45.8637392232 0
87 F 48.6769830336 0
87 G 50.1618649833 0
87 H 47.1961341436 0
87 I 50.9939519799 0
87 K 45.5107593657 1
87 L 45.7709184375 0
87 M 46.7947693254 0
87 N 47.6928135254 0
87 P 76.6527575652 0
87 Q 47.0688538765 0
87 R 45.5758688064 0
87 S 47.6606731794 0
87 T 49.3882691927 0
87 V 51.1135815506 0
87 W 47.30964444 0
87 Y 48.8061981048 0
88 A 47.736751528 0
88 C 47.6149915049 0
88 D 50.3830643514 0
88 E 62.8735352591 0
88 F 133.389581877 0
88 G 52.1985766946 0
88 H 58.0743773478 0
88 I 42.3678521512 0
88 K 67.3944658177 0
88 L 55.4481383888 0
88 M 60.6595558839 0
88 N 50.4062003532 0
88 P 221.46776167 0
88 Q 58.5212004131 0
88 R 68.9931291474 0
88 S 49.0587190806 0
88 T 45.053008439 0
88 V 42.3852189098 1
88 W 151.899608701 0
88 Y 167.859306976 0
89 A 41.8967359974 0
89 C 45.5776028154 0
89 D 45.4490889569 0
89 E 42.5374417088 0
89 F 47.4661620059 0
89 G 44.0197585747 0
89 H 49.1947533276 0
89 I 46.7731840019 0
89 K 39.9953159925 0
89 L 36.427695218 0
89 M 40.1282026427 0
89 N 43.2650901503 0
89 P 491.733918016 0
89 Q 37.803396359 0
89 R 39.083862342 0
89 S 42.4386752863 0
89 T 42.3634338499 1
89 V 74.7986693536 0
89 W 80.7092235724 0
89 Y 104.37953809 0
90 A 36.0719689414 0
90 C 45.2007719027 0
90 D 42.6871864838 0
90 E 41.6132861585 0
90 F 44.253300041 0
90 G 42.3262919635 0
90 H 41.3094515546 0
90 I 40.8736670644 0
90 K 40.8520654905 0
90 L 32.804492256 0
90 M 42.4885659085 0
90 N 41.7269754916 0
90 P 150.222955851 0
90 Q 42.9354002266 0
90 R 41.6119443003 0
90 S 41.8450632714 0
90 T 41.2230130009 0
90 V 39.5791599504 1
90 W 42.9496130444 0
90 Y 43.9596128168 0
91 A 34.9699976981 0
91 C 37.5752510405 0
91 D 33.7104487471 0
91 E 32.0857405578 0
91 F 35.7365645228 0
91 G 37.9128291681 0
91 H 34.5978960146 0
91 I 35.8680737489 0
91 K 34.3126174786 0
91 L 32.876939867 0
91 M 34.8797905264 0
91 N 34.4308956992 0
91 P 42.6761481084 1
91 Q 33.4324650326 0
91 R 33.745657509 0
91 S 34.834917624 0
91 T 36.2644482357 0
91 V 36.290798621 0
91 W 35.2858069107 0
91 Y 35.9621047481 0
92 A 47.3530922132 0
92 C 51.0934094698 0
92 D 48.691095196 0
92 E 50.0819495964 0
92 F 69.1699091189 0
92 G 51.5843843934 0
92 H 53.1880554775 0
92 I 50.3311259348 0
92 K 54.756907715 0
92 L 39.3318942143 1
92 M 46.3243908169 0
92 N 46.0234556427 0
92 P 385.595207756 0
92 Q 49.4725142603 0
92 R 50.0603065115 0
92 S 49.6264671869 0
92 T 45.9817356804 0
92 V 56.9013476005 0
92 W 66.6111554942 0
92 Y 128.350263477 0
93 A 39.1973981879 0
93 C 41.0384210761 0
93 D 39.6435324445 0
93 E 37.5828912648 0
93 F 39.3964630426 1
93 G 44.276536226 0
93 H 39.7242856079 0
93 I 52.2091370145 0
93 K 40.7839103564 0
93 L 34.4519937052 0
93 M 39.6763683322 0
93 N 38.1370723677 0
93 P 339.987429455 0
93 Q 36.1380835799 0
93 R 40.1704677849 0
93 S 39.6341143541 0
93 T 41.539470716 0
93 V 52.1271216037 0
93 W 43.2097109132 0
93 Y 39.5678027216 0
94 A 40.8627092516 0
94 C 41.9085043236 0
94 D 38.2668845192 0
94 E 37.5462797202 1
94 F 36.6046445855 0
94 G 42.3397672765 0
94 H 36.1378773304 0
94 I 38.9638836178 0
94 K 38.4768506065 0
94 L 37.0603287396 0
94 M 40.2213247554 0
94 N 38.3666050993 0
94 P 220.547003908 0
94 Q 39.6781458046 0
94 R 38.3593515877 0
94 S 39.5958360113 0
94 T 39.7278056655 0
94 V 39.4259608622 0
94 W 37.2836699368 0
94 Y 35.9942504972 0
95 A 44.756475413 0
95 C 155.364667566 0
95 D 90.1147331039 0
95 E 152.742460314 0
95 F 131.160943321 0
95 G 36.0114303448 1
95 H 99.789723612 0
95 I 126.717397026 0
95 K 148.077050276 0
95 L 239.304949375 0
95 M 158.45318802 0
95 N 73.607003908 0
95 P 587.963841446 0
95 Q 160.912289018 0
95 R 134.247714541 0
95 S 46.2287657077 0
95 T 205.994613653 0
95 V 308.989695739 0
95 W 164.758274519 0
95 Y 136.489633174 0
96 A 34.2910801682 0
96 C 33.737722406 0
96 D 48.6398465193 0
96 E 37.8203153426 0
96 F 67.5285799582 0
96 G 37.3335458995 0
96 H 57.8257953358 0
96 I 92.2338425788 0
96 K 98.960830111 0
96 L 62.9679716826 0
96 M 75.6042696427 0
96 N 43.956767644 0
96 P 190.251647715 0
96 Q 55.3242152441 0
96 R 67.770503795 0
96 S 35.6103459267 0
96 T 36.7576706969 0
96 V 33.4785892312 1
96 W 364.842467385 0
96 Y 86.4603227933 0
97 A 41.8638398774 0
97 C 44.1628236794 0
97 D 43.0558262954 0
97 E 40.8640404854 0
97 F 39.468862203 0
97 G 42.8632772736 0
97 H 41.7044407509 0
97 I 40.1260926757 0
97 K 38.7488208675 0
97 L 36.0257640542 0
97 M 37.8377155463 0
97 N 41.1975816386 0
97 P 154.353998941 0
97 Q 38.6863805578 1
97 R 38.4394118858 0
97 S 40.366641199 0
97 T 40.7776890051 0
97 V 41.3510216147 0
97 W 39.0249173922 0
97 Y 39.3565650922 0
98 A 43.5639440424 0
98 C 44.4519231981 0
98 D 42.1953758165 0
98 E 41.7976018233 0
98 F 39.7727684609 0
98 G 43.6609596386 0
98 H 39.800457847 0
98 I 48.567683826 0
98 K 40.9992962231 1
98 L 41.3169773372 0
98 M 41.9365489939 0
98 N 41.5217390598 0
98 P 272.199591404 0
98 Q 42.7261267123 0
98 R 40.1261204579 0
98 S 42.4233582397 0
98 T 41.5823257715 0
98 V 64.2534203797 0
98 W 42.6555578374 0
98 Y 39.7829442596 0
99 A 38.8591476787 0
99 C 38.7247004054 0
99 D 39.4218328956 0
99 E 35.942524859 0
99 F 35.7875610172 0
99 G 42.0461721638 0
99 H 35.5735538474 0
99 I 43.4133000245 0
99 K 35.3455360198 0
99 L 36.5597796419 0
99 M 39.1270144132 0
99 N 37.4009632306 0
99 P 140.70756464 0
99 Q 38.1728599766 0
99 R 35.8353050046 0
99 S 38.6344171427 0
99 T 37.8733026646 1
99 V 42.6484573938 0
99 W 39.0602065308 0
99 Y 35.1050136145 0
100 A 31.8738067174 0
100 C 34.191691349 0
100 D 33.5013953804 0
100 E 30.9656845515 0
100 F 33.3745626603 0
100 G 31.2275785164 0
100 H 31.5723731884 0
100 I 58.1758713898 0
100 K 30.5056068953 0
100 L 33.1820025604 0
100 M 33.9641385606 0
100 N 33.9878995324 0
100 P 70.3660298746 0
100 Q 31.9090629064 1
100 R 31.1517725938 0
100 S 32.3100884367 0
100 T 38.3447330106 0
100 V 46.1471411907 0
100 W 33.8417612399 0
100 Y 33.6185971813 0
101 A 37.7417686328 0
101 C 37.0805798807 0
101 D 37.8292434256 0
101 E 37.3496219158 0
101 F 39.1005978427 0
101 G 37.2222335574 0
101 H 37.9948007773 0
101 I 37.6529682082 0
101 K 36.8221419719 0
101 L 38.1525984165 0
101 M 37.7290109352 0
101 N 37.0557782254 0
101 P 145.186813382 0
101 Q 39.6898627274 0
101 R 33.5415667431 0
101 S 37.4128634773 0
101 T 37.8371921236 1
101 V 37.7344122783 0
101 W 38.5860853457 0
101 Y 38.8096423037 0
102 A 39.7618224062 0
102 C 35.7145954534 0
102 D 41.062767178 0
102 E 40.8621520968 0
102 F 80.5441846758 0
102 G 42.0229686213 0
102 H 45.3020495298 0
102 I 30.6067079766 1
102 K 40.2541610327 0
102 L 38.6024888802 0
102 M 40.4498100215 0
102 N 39.358686871 0
102 P 90.9168775539 0
102 Q 40.0097390423 0
102 R 42.8229542212 0
102 S 37.6634771569 0
102 T 37.2490617584 0
102 V 31.8073154712 0
102 W 191.995741909 0
102 Y 80.3695848118 0
103 A 47.5565919642 0
103 C 51.5224585325 0
103 D 46.2222701529 0
103 E 49.0338620535 0
103 F 48.0667482046 0
103 G 46.936749655 0
103 H 45.7379030874 0
103 I 50.4436973983 0
103 K 47.0623904223 0
103 L 52.051014392 0
103 M 51.2152367814 0
103 N 44.4907673391 0
103 P 196.340554052 0
103 Q 50.1861222954 0
103 R 46.6570074402 1
103 S 46.410906033 0
103 T 49.6532068466 0
103 V 54.6115344793 0
103 W 51.8442514793 0
103 Y 48.9563022873 0
104 A 36.3524219003 0
104 C 40.2429041862 0
104 D 36.2320842629 0
104 E 38.0186043049 0
104 F 38.4729330023 0
104 G 38.6338873677 0
104 H 36.8070496898 0
104 I 44.4523675638 0
104 K 37.7623684047 0
104 L 39.0942167011 0
104 M 38.8160247439 0
104 N 36.9576236567 0
104 P 97.2710925831 0
104 Q 39.421892616 0
104 R 36.4803276215 0
104 S 37.2793714964 1
104 T 40.6307265727 0
104 V 42.947470689 0
104 W 39.3191385728 0
104 Y 38.4968198895 0
105 A 48.7666871102 1
105 C 53.14802215 0
105 D 48.8505180786 0
105 E 50.1901778727 0
105 F 279.850861322 0
105 G 48.0863760535 0
105 H 50.3166255841 0
105 I 56.8355058402 0
105 K 50.5665690386 0
105 L 56.0469729842 0
105 M 52.2497266114 0
105 N 52.5560738931 0
105 P 51.1922927045 0
105 Q 52.0693638267 0
105 R 50.4061430442 0
105 S 48.9028189151 0
105 T 50.7902457223 0
105 V 54.9527382752 0
105 W 49.6684162655 0
105 Y 51.7403500542 0
106 A 46.9208711041 0
106 C 50.1871580014 0
106 D 46.7910787774 0
106 E 46.2027561807 0
106 F 50.0416076173 0
106 G 48.5086094597 0
106 H 48.847703389 0
106 I 50.2718355269 0
106 K 48.0082936292 0
106 L 47.7641582043 0
106 M 48.3567631669 0
106 N 48.1469749746 0
106 P 57.2051632136 0
106 Q 48.2303937939 0
106 R 49.0032163952 0
106 S 46.7094867236 1
106 T 48.1667157021 0
106 V 49.2921534967 0
106 W 51.2356508526 0
106 Y 49.7378541701 0
107 A 36.3967145325 0
107 C 40.1693485732 0
107 D 48.7197567105 1
107 E 39.8315108773 0
107 F 40.9611197176 0
107 G 38.5713768314 0
107 H 37.5081073258 0
107 I 68.1659506352 0
107 K 38.0398693524 0
107 L 39.3353033853 0
107 M 38.8182650599 0
107 N 38.8371116679 0
107 P 137.688969169 0
107 Q 40.020845048 0
107 R 38.5192647176 0
107 S 38.6543429683 0
107 T 47.799548012 0
107 V 65.9971623369 0
107 W 38.5381893532 0
107 Y 39.6762862093 0
108 A 48.9411706777 0
108 C 67.5767748411 0
108 D 50.9878888579 0
108 E 52.2477710033 0
108 F 116.474112988 0
108 G 50.375810237 0
108 H 70.1970369414 0
108 I 51.0591494384 1
108 K 57.5400810135 0
108 L 51.6808225891 0
108 M 45.5015888124 0
108 N 46.3436379578 0
108 P 186.739373327 0
108 Q 54.9434424835 0
108 R 55.8814565092 0
108 S 50.1699506625 0
108 T 53.5087118787 0
108 V 56.9095414156 0
108 W 303.020084359 0
108 Y 122.368299443 0
109 A 43.9595341818 0
109 C 46.0063125791 0
109 D 44.6265529279 0
109 E 41.8967734473 0
109 F 44.8610274505 0
109 G 46.1725584558 0
109 H 43.5985405605 0
109 I 46.5401815635 0
109 K 39.8701124984 0
109 L 40.8364517827 0
109 M 38.4639499643 0
109 N 43.8102000564 0
109 P 158.047946146 0
109 Q 43.794412329 0
109 R 42.629313748 1
109 S 44.6816507193 0
109 T 45.9096313287 0
109 V 44.3665419373 0
109 W 43.2354172707 0
109 Y 41.2923710698 0
110 A 45.8810704925 0
110 C 48.6424437181 0
110 D 46.5763822911 1
110 E 45.310704278 0
110 F 47.8418383197 0
110 G 47.5490491955 0
110 H 46.5981288063 0
110 I 47.011382682 0
110 K 45.6281727803 0
110 L 45.7514254418 0
110 M 47.2311070967 0
110 N 46.7814958254 0
110 P 501.910673281 0
110 Q 46.7359720105 0
110 R 46.3104063753 0
110 S 47.1751685306 0
110 T 46.7048854124 0
110 V 46.7302214698 0
110 W 44.3435572817 0
110 Y 47.8958103344 0
111 A 46.7420430691 0
111 C 48.3102137449 0
111 D 48.8917132677 0
111 E 48.5015648687 0
111 F 74.1199254442 0
111 G 50.3833105071 0
111 H 56.8366408036 0
111 I 44.786961151 0
111 K 43.8318581811 0
111 L 54.3241941897 0
111 M 44.9146965075 0
111 N 47.8584918458 0
111 P 190.487607478 0
111 Q 48.7430583423 0
111 R 43.0192160113 0
111 S 48.1719655603 0
111 T 46.8222588956 0
111 V 42.9888099229 1
111 W 80.3381416029 0
111 Y 65.4982548537 0
112 A 49.9217758474 0
112 C 52.0928261057 0
112 D 52.5469654019 0
112 E 51.3071530188 0
112 F 42.471561757 1
112 G 55.2906986145 0
112 H 48.4539671984 0
112 I 74.2033619713 0
112 K 59.754205956 0
112 L 50.3878555054 0
112 M 49.9775603835 0
112 N 50.7348158159 0
112 P 230.524333436 0
112 Q 51.8848948933 0
112 R 54.2842699029 0
112 S 52.2409452218 0
112 T 53.513490642 0
112 V 52.2662059351 0
112 W 163.745888338 0
112 Y 48.87547147 0
113 A 45.8828706484 0
113 C 47.7676114898 0
113 D 47.7328919866 0
113 E 45.7104557122 0
113 F 48.3423944751 0
113 G 47.9830888553 0
113 H 44.3126399506 0
113 I 45.6134462751 1
113 K 46.1707793853 0
113 L 48.8050484616 0
113 M 47.4870948174 0
113 N 46.8921292907 0
113 P 385.792353595 0
113 Q 47.8892022815 0
113 R 46.5054618652 0
113 S 47.3272625635 0
113 T 46.5524942941 0
113 V 47.3835453703 0
113 W 44.8582270905 0
113 Y 48.4362474248 0
114 A 47.233540171 0
114 C 49.2713576881 0
114 D 47.8828852238 0
114 E 48.0719932124 0
114 F 48.9465980992 0
114 G 48.4489248753 0
114 H 48.2509060714 0
114 I 50.7375445836 0
114 K 47.6194459771 0
114 L 47.896052233 0
114 M 48.8043164278 0
114 N 47.5848722239 1
114 P 324.117374502 0
114 Q 48.7219753366 0
114 R 47.7545667563 0
114 S 48.2823482692 0
114 T 50.2534807527 0
114 V 53.6354919809 0
114 W 46.7003191654 0
114 Y 50.7116072513 0
115 A 47.8199082977 1
115 C 60.6697813467 0
115 D 74.9307353236 0
115 E 75.1945402343 0
115 F 812.465976565 0
115 G 50.1142800306 0
115 H 389.529297001 0
115 I 88.0236267264 0
115 K 93.8982445219 0
115 L 128.549982684 0
115 M 120.054106333 0
115 N 70.9087386644 0
115 P 157.630207051 0
115 Q 93.0193223621 0
115 R 123.47377338 0
115 S 50.7277363081 0
115 T 56.8356523979 0
115 V 59.3115928628 0
115 W 1052.05912862 0
115 Y 827.883494978 0
116 A 51.7870967116 0
116 C 53.7760407797 0
116 D 50.2453485571 0
116 E 51.3125908509 0
116 F 51.5926075261 0
116 G 45.6779415495 1
116 H 50.0365217264 0
116 I 71.670645185 0
116 K 49.6613212494 0
116 L 51.1261436796 0
116 M 52.3268163302 0
116 N 48.9135202995 0
116 P 123.354052867 0
116 Q 51.1410322829 0
116 R 50.0919451553 0
116 S 50.3321455278 0
116 T 60.4966837246 0
116 V 72.0131885197 0
116 W 53.6601176441 0
116 Y 52.0241121081 0
117 A 48.2368955541 0
117 C 48.7394921547 0
117 D 49.1742391054 0
117 E 50.5630683788 0
117 F 134.376261363 0
117 G 54.900089792 0
117 H 94.3228102738 0
117 I 43.3855355151 1
117 K 53.4938097019 0
117 L 49.6000965566 0
117 M 48.0785692693 0
117 N 47.075777542 0
117 P 170.807759555 0
117 Q 47.9917042456 0
117 R 51.5414255674 0
117 S 50.8362956626 0
117 T 48.6396003343 0
117 V 43.577040506 0
117 W 175.488821472 0
117 Y 139.219310621 0
118 A 42.1575898927 0
118 C 45.0098413374 0
118 D 40.9630934849 0
118 E 42.3307842104 0
118 F 43.7267859204 0
118 G 42.5263392954 0
118 H 40.9880450248 0
118 I 46.3084106381 0
118 K 42.1885066569 1
118 L 41.9198702914 0
118 M 42.9562562516 0
118 N 42.2824411614 0
118 P 75.7393468645 0
118 Q 43.2839566005 0
118 R 42.6743220815 0
118 S 41.5846163253 0
118 T 42.8921305707 0
118 V 44.2727110928 0
118 W 42.5560291123 0
118 Y 43.8446246127 0
119 A 37.078162749 0
119 C 42.2557283747 0
119 D 38.1772242007 0
119 E 40.1807803944 0
119 F 37.1693524346 0
119 G 43.1700354421 1
119 H 35.2602546473 0
119 I 40.5346893888 0
119 K 37.028921752 0
119 L 43.6326285751 0
119 M 40.6067214395 0
119 N 41.0185001096 0
119 P 37.7427912121 0
119 Q 40.1135924359 0
119 R 37.7575123014 0
119 S 36.7991550885 0
119 T 38.9320654726 0
119 V 39.6090575166 0
119 W 35.6337785069 0
119 Y 37.5870011272 0
120 A 45.8778890784 0
120 C 48.9733528094 0
120 D 44.554424921 0
120 E 44.1507796924 1
120 F 47.2226298508 0
120 G 46.9230580116 0
120 H 45.93729096 0
120 I 45.9620642572 0
120 K 44.877335504 0
120 L 45.5227231631 0
120 M 46.8041708079 0
120 N 46.1233084857 0
120 P 66.1532090956 0
120 Q 46.691274763 0
120 R 45.7448084561 0
120 S 45.3807537002 0
120 T 45.9316213479 0
120 V 46.0639918094 0
120 W 46.0082735351 0
120 Y 47.1476663789 0
121 A 44.8448727477 0
121 C 47.8815877022 0
121 D 42.9552782023 0
121 E 42.5500491009 1
121 F 46.2975878324 0
121 G 46.9133192096 0
121 H 44.7059747496 0
121 I 45.0722730039 0
121 K 43.7591494668 0
121 L 41.882726641 0
121 M 44.7990088566 0
121 N 44.6101195655 0
121 P 102.949496543 0
121 Q 43.9956862594 0
121 R 43.1593350721 0
121 S 44.9399042841 0
121 T 44.4018836628 0
121 V 44.0179697649 0
121 W 45.6661973579 0
121 Y 46.0466135384 0
122 A 42.4735602391 0
122 C 42.0300762765 0
122 D 39.2093246481 0
122 E 38.9854943123 0
122 F 30.7018613175 0
122 G 45.3206220845 0
122 H 35.1157116139 0
122 I 51.5768938415 0
122 K 35.0043120906 0
122 L 34.948553315 0
122 M 34.5878600307 0
122 N 37.7078259279 0
122 P 310.136219821 0
122 Q 37.5090443552 0
122 R 32.4999251697 0
122 S 39.6744457401 0
122 T 41.7677398949 0
122 V 77.5348379977 0
122 W 34.1799370199 0
122 Y 30.5571235978 1
123 A 39.1774460791 0
123 C 41.6921024494 0
123 D 38.3473231162 1
123 E 32.4187907644 0
123 F 43.8621599203 0
123 G 43.5143220311 0
123 H 40.1544990809 0
123 I 38.5270923001 0
123 K 40.2839637759 0
123 L 37.3432699326 0
123 M 39.3418391448 0
123 N 38.9429237732 0
123 P 400.308514025 0
123 Q 41.5195532006 0
123 R 37.9406745356 0
123 S 39.9383846814 0
123 T 38.4755689878 0
123 V 38.6171482567 0
123 W 43.576227623 0
123 Y 42.0764717868 0
124 A 43.1779611924 1
124 C 47.1228630875 0
124 D 45.0728952537 0
124 E 43.4430784043 0
124 F 45.1263150542 0
124 G 44.7161481655 0
124 H 43.879595274 0
124 I 47.9100894489 0
124 K 43.1844517434 0
124 L 43.7205219748 0
124 M 45.01432141 0
124 N 44.4631484852 0
124 P 368.643203085 0
124 Q 44.7597428293 0
124 R 43.8642606473 0
124 S 44.0068807651 0
124 T 43.3185837259 0
124 V 62.8673483459 0
124 W 44.2042083296 0
124 Y 45.2547611932 0
125 A 41.1720043379 1
125 C 49.7895301704 0
125 D 49.7745558047 0
125 E 59.8470854796 0
125 F 71.7654116091 0
125 G 44.8569766851 0
125 H 61.8398904855 0
125 I 59.8066482798 0
125 K 72.6364417822 0
125 L 64.7529324613 0
125 M 53.1986251337 0
125 N 48.7082166402 0
125 P 383.350758539 0
125 Q 59.7557258538 0
125 R 57.0157470176 0
125 S 45.4019691937 0
125 T 56.0465614087 0
125 V 57.1934156028 0
125 W 69.7733241619 0
125 Y 74.5327155742 0
126 A 39.8747412095 0
126 C 43.2952505976 0
126 D 42.9425468182 0
126 E 42.6392117595 0
126 F 39.2696723946 0
126 G 43.5907999721 0
126 H 40.4903874675 0
126 I 39.3045112713 0
126 K 41.082752684 0
126 L 43.7331458731 0
126 M 42.0699262064 0
126 N 41.7499726126 0
126 P 370.154938801 0
126 Q 44.4048852122 0
126 R 37.677307468 0
126 S 41.2733994085 0
126 T 40.0513914273 0
126 V 39.0955103838 0
126 W 41.5999733524 1
126 Y 39.4853807767 0
127 A 47.7141424284 0
127 C 48.0424999578 0
127 D 50.5457925873 0
127 E 48.1130168608 0
127 F 47.9582333218 0
127 G 48.7379895124 0
127 H 46.4799795911 0
127 I 51.968327819 0
127 K 45.5403974029 0
127 L 44.9488629335 0
127 M 45.9728468889 0
127 N 46.8426258498 1
127 P 334.323329664 0
127 Q 47.9905877007 0
127 R 43.7157027076 0
127 S 48.1106232303 0
127 T 47.6576215013 0
127 V 51.4094314882 0
127 W 44.8786779693 0
127 Y 48.1832113201 0
128 A 46.8883035719 0
128 C 49.4517864467 0
128 D 42.7553473856 0
128 E 46.9597765915 0
128 F 48.5487322419 0
128 G 46.2088129975 0
128 H 48.3292476002 0
128 I 93.0727069002 0
128 K 47.2856843572 0
128 L 50.7841790349 0
128 M 48.6156536905 0
128 N 47.0461943348 0
128 P 475.836293734 0
128 Q 49.9999997692 0
128 R 47.5633265319 0
128 S 44.7853046266 1
128 T 49.7831434873 0
128 V 86.8461780351 0
128 W 45.7473819365 0
128 Y 48.9348669445 0
129 A 44.1505373523 0
129 C 46.3825705021 0
129 D 41.7781370204 0
129 E 40.7847836648 0
129 F 45.7674298355 1
129 G 44.9854006542 0
129 H 41.688368474 0
129 I 44.9634703002 0
129 K 42.7927279195 0
129 L 43.0788912707 0
129 M 43.5647845796 0
129 N 43.3179728999 0
129 P 44.3968792856 0
129 Q 44.2556968655 0
129 R 43.381799981 0
129 S 42.2816309697 0
129 T 43.3878925983 0
129 V 45.1216984988 0
129 W 44.3533485972 0
129 Y 45.7365821629 0
130 A 49.3063100483 0
130 C 50.6904919263 0
130 D 46.3491960207 0
130 E 44.0708959875 0
130 F 44.3986206619 0
130 G 50.8919065876 0
130 H 44.6848913506 0
130 I 47.0404171594 0
130 K 48.000942814 0
130 L 48.500813919 0
130 M 50.2491519924 0
130 N 47.562209727 0
130 P 61.6923552534 0
130 Q 47.3090577599 0
130 R 48.0172521061 0
130 S 48.8866402423 0
130 T 47.313992566 0
130 V 46.6171719058 1
130 W 44.4086512471 0
130 Y 45.7312049979 0
131 A 45.795249678 0
131 C 45.1967932505 0
131 D 55.2272889881 0
131 E 51.6009338002 0
131 F 78.9104227907 0
131 G 53.3992413996 0
131 H 65.9750412499 0
131 I 59.203252292 0
131 K 72.114039691 0
131 L 81.9736679065 0
131 M 59.4391783947 0
131 N 59.9980198481 0
131 P 80.5474057291 0
131 Q 49.9261251783 0
131 R 62.236953604 0
131 S 48.1283612198 0
131 T 44.4149457933 0
131 V 45.3754249911 1
131 W 78.6958775978 0
131 Y 81.0602018136 0
132 A 38.5865520311 0
132 C 43.545864574 0
132 D 40.7465843813 0
132 E 39.9922880982 0
132 F 40.400747313 0
132 G 44.2356092819 0
132 H 39.4207511369 0
132 I 46.5486069829 0
132 K 39.1312347438 1
132 L 38.3946798889 0
132 M 38.1377129797 0
132 N 41.1317305868 0
132 P 289.396387288 0
132 Q 40.2013508455 0
132 R 39.5205502653 0
132 S 40.1648202654 0
132 T 40.4603807507 0
132 V 45.6963994193 0
132 W 38.1891205366 0
132 Y 40.5773791191 0
133 A 37.4532543857 0
133 C 42.3233335693 0
133 D 38.2372963201 0
133 E 37.858548183 0
133 F 37.4525687658 0
133 G 39.6057387082 0
133 H 37.7134021041 0
133 I 50.5799927675 0
133 K 37.7562619284 0
133 L 36.0025050484 0
133 M 38.4253382966 0
133 N 39.1503223459 0
133 P 463.737950686 0
133 Q 39.9119115113 0
133 R 37.6032203842 0
133 S 38.4094043779 1
133 T 37.6585704754 0
133 V 71.0008336599 0
133 W 38.3832494618 0
133 Y 38.0418139463 0
134 A 36.8877096961 0
134 C 36.1947481788 0
134 D 34.0710904079 0
134 E 32.7042419494 0
134 F 31.5545127071 0
134 G 39.7338758256 0
134 H 32.7189672764 0
134 I 36.097291634 0
134 K 33.3264358022 0
134 L 26.5690116933 1
134 M 30.9023262429 0
134 N 33.0946842015 0
134 P 155.656433094 0
134 Q 33.1978918835 0
134 R 33.9409376636 0
134 S 34.4631009653 0
134 T 34.3588837859 0
134 V 38.3214424131 0
134 W 33.808313433 0
134 Y 32.8028706975 0
135 A 29.9220252197 0
135 C 31.2493252304 0
135 D 34.3464734921 0
135 E 32.0719619361 0
135 F 26.7160217187 0
135 G 39.3205086447 0
135 H 26.8215060511 0
135 I 33.700179045 0
135 K 33.8260586976 0
135 L 30.6338154118 0
135 M 28.3462494339 0
135 N 34.971005883 0
135 P 296.568486636 0
135 Q 33.2030657573 0
135 R 28.4016768626 0
135 S 31.0802715927 0
135 T 33.8622744503 0
135 V 30.8627559537 1
135 W 26.8692153807 0
135 Y 27.0772379306 0
136 A 34.2986510277 1
136 C 36.5135769683 0
136 D 32.4845703366 0
136 E 32.4821476506 0
136 F 37.1155706912 0
136 G 35.8227597217 0
136 H 35.73483818 0
136 I 33.3948731793 0
136 K 34.4147599832 0
136 L 32.8775841058 0
136 M 34.0374338092 0
136 N 34.8643369061 0
136 P 360.077369875 0
136 Q 35.4823968252 0
136 R 35.0914851723 0
136 S 35.1682238474 0
136 T 34.3216876394 0
136 V 34.242543545 0
136 W 36.1799893271 0
136 Y 37.3137817178 0
137 A 31.2920432906 0
137 C 34.0516238358 0
137 D 32.0402335803 0
137 E 29.793214394 0
137 F 34.2074703764 0
137 G 33.2820282474 0
137 H 32.1643429201 0
137 I 33.0392239471 0
137 K 30.7744846506 0
137 L 30.1904401932 0
137 M 31.0030789097 0
137 N 31.2163755068 0
137 P 296.439518712 0
137 Q 31.5754066782 1
137 R 31.5435395154 0
137 S 32.4314970605 0
137 T 32.5969197046 0
137 V 33.254192349 0
137 W 33.1865357205 0
137 Y 34.4713380179 0
138 A 31.6323937302 0
138 C 34.3508615555 0
138 D 33.9604739863 0
138 E 37.1689703408 0
138 F 61.1605899543 0
138 G 33.6781732246 0
138 H 46.2199198399 0
138 I 46.44806349 0
138 K 57.9130318179 0
138 L 29.3986947372 0
138 M 37.5061066156 0
138 N 31.9905860265 0
138 P 479.957044523 0
138 Q 29.8991402372 1
138 R 41.0855331036 0
138 S 28.1291044663 0
138 T 28.3019168826 0
138 V 67.1521695347 0
138 W 96.4552885973 0
138 Y 43.2080773431 0
139 A 28.600590937 0
139 C 30.5451654975 0
139 D 27.9981582788 0
139 E 26.8711753622 1
139 F 26.2427582939 0
139 G 35.3712042976 0
139 H 25.2469363065 0
139 I 27.986374536 0
139 K 27.3807547913 0
139 L 26.853121664 0
139 M 25.9329026666 0
139 N 27.5788428725 0
139 P 236.327710526 0
139 Q 28.6629319059 0
139 R 26.2926287005 0
139 S 28.9193082076 0
139 T 28.8762039066 0
139 V 28.317427793 0
139 W 25.5800773881 0
139 Y 25.773418208 0
140 A 34.1457630427 0
140 C 36.9367020407 0
140 D 35.8718910988 0
140 E 35.6669418857 0
140 F 37.7892907069 0
140 G 36.6567016309 0
140 H 35.3652561548 0
140 I 36.3720245106 0
140 K 34.2894416217 1
140 L 33.5474352647 0
140 M 35.5503103616 0
140 N 35.1489792175 0
140 P 328.337135026 0
140 Q 36.0636608444 0
140 R 33.0516700624 0
140 S 36.0161766278 0
140 T 43.973172565 0
140 V 38.7872367424 0
140 W 34.820164332 0
140 Y 37.6205827649 0
141 A 28.0549405707 1
141 C 32.7846729617 0
141 D 38.3547775721 0
141 E 33.1062430811 0
141 F 47.3193658265 0
141 G 33.2839219262 0
141 H 35.7903531618 0
141 I 47.729932742 0
141 K 33.1257801199 0
141 L 48.7223911333 0
141 M 30.4440954895 0
141 N 35.0999023323 0
141 P 406.337668221 0
141 Q 34.8554950028 0
141 R 31.8830322902 0
141 S 32.6688791635 0
141 T 47.6507020093 0
141 V 77.0136727344 0
141 W 38.8886585074 0
141 Y 38.2154025934 0
142 A 30.3183598416 1
142 C 31.8605350612 0
142 D 32.2100679938 0
142 E 39.610985325 0
142 F 44.5228954976 0
142 G 33.7961159657 0
142 H 51.6149060316 0
142 I 36.7432838925 0
142 K 36.6161975153 0
142 L 34.3173300125 0
142 M 40.5961417974 0
142 N 28.3379899948 0
142 P 74.1135416257 0
142 Q 40.0454310537 0
142 R 36.2031506866 0
142 S 32.3506353628 0
142 T 31.2599471988 0
142 V 26.8897968168 0
142 W 39.2011632672 0
142 Y 42.8525619068 0
143 A 39.2241515389 1
143 C 41.6397513146 0
143 D 39.8834830729 0
143 E 39.6133068156 0
143 F 41.7951617658 0
143 G 40.4406885295 0
143 H 40.6987182726 0
143 I 41.3880278672 0
143 K 39.5137666647 0
143 L 39.6150740874 0
143 M 40.7395584267 0
143 N 38.0191481331 0
143 P 375.044516154 0
143 Q 40.9458289077 0
143 R 39.9957074775 0
143 S 40.7569160967 0
143 T 39.6325721518 0
143 V 46.5754988298 0
143 W 42.131823342 0
143 Y 41.5977422367 0
144 A 44.4983938438 0
144 C 46.6807291327 0
144 D 44.2054465676 1
144 E 43.2432097829 0
144 F 46.5230386547 0
144 G 47.6083949836 0
144 H 44.5466463589 0
144 I 56.8380989372 0
144 K 44.8832430788 0
144 L 36.8781471381 0
144 M 38.9427295939 0
144 N 44.4732781167 0
144 P 336.572251301 0
144 Q 44.1247703548 0
144 R 37.434750727 0
144 S 45.8325208212 0
144 T 48.1267515309 0
144 V 58.5981733523 0
144 W 40.2951734496 0
144 Y 47.3542158897 0
145 A 46.6085539299 0
145 C 44.799188046 0
145 D 46.8326045522 0
145 E 46.5424322179 0
145 F 58.4917150178 0
145 G 51.1711437837 0
145 H 40.2771372707 0
145 I 52.0380359089 0
145 K 52.5629432457 0
145 L 43.7966615186 0
145 M 43.4207998078 0
145 N 43.4914376222 0
145 P 135.031653145 0
145 Q 48.8816739575 0
145 R 51.2543681629 0
145 S 46.9263905156 0
145 T 43.6787705238 0
145 V 41.7862800382 1
145 W 93.7609418005 0
145 Y 70.2163760882 0
146 A 45.0187979318 0
146 C 47.7466468656 0
146 D 41.9374727687 0
146 E 33.8621426479 0
146 F 46.6266935519 0
146 G 34.7140507526 0
146 H 41.046070448 0
146 I 44.8185223128 0
146 K 36.4579921851 0
146 L 44.2767536371 0
146 M 45.0469415256 0
146 N 40.7936754708 0
146 P 76.9484330528 0
146 Q 46.9991277058 1
146 R 42.2430587794 0
146 S 43.9596565484 0
146 T 37.2008419822 0
146 V 44.9213332176 0
146 W 50.9170295832 0
146 Y 48.3639332577 0
147 A 40.3713879293 0
147 C 42.441947205 0
147 D 39.2397744476 0
147 E 44.0874997675 0
147 F 55.404904332 0
147 G 36.6982005359 0
147 H 216.86288887 0
147 I 44.7661416082 0
147 K 99.3203708063 0
147 L 36.4826315694 1
147 M 46.4819608626 0
147 N 41.1514959839 0
147 P 72.9523309907 0
147 Q 43.028224379 0
147 R 61.553597924 0
147 S 45.7830120996 0
147 T 41.2487106898 0
147 V 37.1336741075 0
147 W 157.292722481 0
147 Y 62.5223210821 0
148 A 45.2014587194 0
148 C 45.9186255716 0
148 D 41.6211187066 0
148 E 43.4202836929 0
148 F 43.2037797036 0
148 G 45.3096520227 0
148 H 42.3570414173 0
148 I 43.0530686031 0
148 K 43.1387718712 0
148 L 43.4990119901 0
148 M 44.8498598189 0
148 N 41.5170403984 0
148 P 52.7581468934 0
148 Q 44.7138952102 0
148 R 43.3548510248 1
148 S 43.483469829 0
148 T 42.508370058 0
148 V 43.1924309686 0
148 W 43.8241411436 0
148 Y 42.9116114097 0
149 A 55.5932814562 0
149 C 56.5463283186 0
149 D 58.939110942 0
149 E 55.7777776268 0
149 F 54.1208589525 0
149 G 49.0062970382 1
149 H 52.741067103 0
149 I 55.9944104311 0
149 K 57.134096953 0
149 L 58.3774166347 0
149 M 51.4998145783 0
149 N 56.7663419395 0
149 P 94.3754260941 0
149 Q 54.4828977394 0
149 R 51.5930223458 0
149 S 55.5096021506 0
149 T 55.4406448311 0
149 V 57.1434737733 0
149 W 57.9526865443 0
149 Y 53.7075698951 0
150 A 51.9005047376 0
150 C 54.1324375298 0
150 D 57.8585668391 0
150 E 51.0822759043 0
150 F 122.365417998 0
150 G 58.9357352005 0
150 H 160.048776211 0
150 I 46.0920002858 0
150 K 58.0889837184 0
150 L 69.8143553827 0
150 M 58.1422496403 0
150 N 57.353072071 0
150 P 67.1609557218 0
150 Q 63.5045051909 0
150 R 56.3070363171 0
150 S 51.83962576 0
150 T 50.388261998 0
150 V 44.3666310792 1
150 W 337.575915834 0
150 Y 115.473862841 0
151 A 52.024815773 0
151 C 51.5434219039 0
151 D 53.4424930163 0
151 E 52.6076356328 0
151 F 61.3459751099 0
151 G 58.7434707838 0
151 H 49.1368912383 0
151 I 50.1673302483 0
151 K 61.7583637024 0
151 L 48.286545228 0
151 M 56.964878094 0
151 N 50.010873883 0
151 P 46.4727109325 1
151 Q 52.2943067191 0
151 R 60.2360774923 0
151 S 50.9042761229 0
151 T 49.418413642 0
151 V 50.7048738144 0
151 W 53.8551608061 0
151 Y 57.8991650007 0
152 A 48.033432845 1
152 C 51.5623745799 0
152 D 47.8673311999 0
152 E 51.7538600108 0
152 F 76.6396758705 0
152 G 52.1713754454 0
152 H 65.565693132 0
152 I 65.5805589517 0
152 K 51.6864918523 0
152 L 67.1301681131 0
152 M 47.9294516904 0
152 N 50.683668209 0
152 P 147.173486891 0
152 Q 51.5922941447 0
152 R 50.696697135 0
152 S 48.7691160912 0
152 T 57.1518070057 0
152 V 58.9719048111 0
152 W 69.9446293417 0
152 Y 91.9759858359 0
153 A 47.9716207726 0
153 C 48.6739394438 0
153 D 50.4982046412 0
153 E 48.7125241521 0
153 F 45.7721941715 0
153 G 55.9908348606 0
153 H 44.6668318472 0
153 I 40.5420325071 0
153 K 56.742288685 0
153 L 42.7851598087 0
153 M 47.3422656123 1
153 N 48.1218764315 0
153 P 76.6709289575 0
153 Q 49.3156894451 0
153 R 46.6686357406 0
153 S 48.8212813538 0
153 T 47.2730674793 0
153 V 43.3969148939 0
153 W 48.4843830236 0
153 Y 48.1725681824 0
154 A 50.1169767184 0
154 C 49.9235471597 0
154 D 49.6470569124 0
154 E 53.0156566035 0
154 F 40.8345892577 1
154 G 56.6955022437 0
154 H 46.1998319504 0
154 I 49.366081665 0
154 K 43.8079291792 0
154 L 54.5769163502 0
154 M 44.5303930943 0
154 N 48.4251007282 0
154 P 102.886573357 0
154 Q 48.5486518426 0
154 R 42.1872199299 0
154 S 50.0776651239 0
154 T 52.1382523715 0
154 V 48.1992235192 0
154 W 54.6904022247 0
154 Y 37.6284129835 0
155 A 45.8351115399 0
155 C 42.6009403053 0
155 D 52.233443734 0
155 E 51.9778604423 0
155 F 83.7212407343 0
155 G 52.1117949674 0
155 H 46.6993804253 0
155 I 40.8333878519 0
155 K 90.8640962456 0
155 L 78.2969775843 0
155 M 45.8690810967 0
155 N 46.5262542429 0
155 P 161.461359562 0
155 Q 44.427455257 0
155 R 82.7477008391 0
155 S 45.1895994764 0
155 T 45.5843794055 0
155 V 40.3737663687 1
155 W 70.772896314 0
155 Y 90.7226881373 0
156 A 45.8685245714 0
156 C 49.9385886779 0
156 D 49.2042282421 0
156 E 43.4191119876 0
156 F 50.2462720829 0
156 G 45.8983648842 0
156 H 49.1795673194 0
156 I 76.8222041385 0
156 K 45.8205377651 0
156 L 44.3311294427 0
156 M 41.7863730009 0
156 N 46.3265182697 1
156 P 146.799680235 0
156 Q 41.8976523289 0
156 R 42.3668638378 0
156 S 48.3925968182 0
156 T 57.3558154058 0
156 V 81.4208042301 0
156 W 61.891145655 0
156 Y 50.8335638761 0
157 A 93.2002476205 0
157 C 328.027676149 0
157 D 132.533839128 0
157 E 148.978789594 0
157 F 331.479445708 0
157 G 46.5746650397 1
157 H 244.148607515 0
157 I 483.813497501 0
157 K 140.462331252 0
157 L 262.814875238 0
157 M 135.157255184 0
157 N 155.031878545 0
157 P 213.332465817 0
157 Q 148.656580959 0
157 R 168.916128735 0
157 S 109.039814106 0
157 T 340.125243412 0
157 V 366.645321947 0
157 W 520.716214764 0
157 Y 295.258900201 0
158 A 50.9511409133 0
158 C 49.9457463152 0
158 D 53.9929148259 0
158 E 49.9403574528 0
158 F 55.4631103818 0
158 G 54.4401879807 0
158 H 51.4112200363 0
158 I 49.7181638992 0
158 K 48.8708524422 1
158 L 52.0455107254 0
158 M 51.158572647 0
158 N 52.5372262354 0
158 P 366.636464202 0
158 Q 49.7490871014 0
158 R 48.7831612081 0
158 S 52.2221927522 0
158 T 48.8582182973 0
158 V 49.0406229285 0
158 W 53.3984144856 0
158 Y 55.0667518349 0
159 A 43.3100267139 0
159 C 44.902985372 0
159 D 41.4236941858 0
159 E 44.5428920531 0
159 F 40.1908593462 0
159 G 51.9826345549 0
159 H 42.4239598616 0
159 I 43.7138718836 0
159 K 48.2332851059 0
159 L 42.5871310341 0
159 M 51.1162288497 0
159 N 41.5548091692 0
159 P 104.891622567 0
159 Q 46.8154528666 0
159 R 42.930993298 0
159 S 44.5776707413 0
159 T 45.0146098799 0
159 V 39.4160331189 0
159 W 37.9833188733 0
159 Y 38.8407888234 1
160 A 40.110689355 0
160 C 44.9810703932 0
160 D 49.7928482099 0
160 E 42.5722080539 0
160 F 128.814238591 0
160 G 44.4977087311 0
160 H 75.9642910891 0
160 I 101.638836335 0
160 K 41.4866036042 0
160 L 45.3722106581 0
160 M 39.9094971726 0
160 N 44.4594103344 0
160 P 75.3284914031 0
160 Q 42.4654562599 1
160 R 38.9186772775 0
160 S 41.9001524287 0
160 T 42.9040809315 0
160 V 81.5844698773 0
160 W 167.317945333 0
160 Y 153.405317968 0
161 A 48.8207482621 0
161 C 46.9689271725 0
161 D 46.9429436651 0
161 E 50.1645283944 0
161 F 42.5110098669 0
161 G 51.1773730525 0
161 H 46.1445969489 0
161 I 48.1130073232 0
161 K 51.6874114735 0
161 L 42.5243281289 1
161 M 40.1194134794 0
161 N 46.8404571677 0
161 P 108.576175494 0
161 Q 49.4737239454 0
161 R 47.5840192622 0
161 S 49.1133376944 0
161 T 46.6675833292 0
161 V 49.0437169015 0
161 W 47.4882986135 0
161 Y 42.474498408 0
162 A 39.6325603376 0
162 C 41.0835769849 0
162 D 37.6268682291 0
162 E 43.6059409055 0
162 F 67.2856405907 0
162 G 52.4524028305 0
162 H 63.2316383236 0
162 I 73.3679624745 0
162 K 42.1443384036 0
162 L 41.52731759 0
162 M 40.8139323202 0
162 N 37.1497248812 1
162 P 425.285376474 0
162 Q 41.0583359842 0
162 R 76.8445420599 0
162 S 39.6465068836 0
162 T 38.5489261607 0
162 V 36.5828456825 0
162 W 65.2212701732 0
162 Y 71.0498503858 0
163 A 47.9305148961 0
163 C 45.6371802207 0
163 D 42.6078602302 0
163 E 41.3536835417 0
163 F 42.240271378 0
163 G 48.0921761114 0
163 H 40.91929504 0
163 I 47.2311370358 0
163 K 57.586151273 0
163 L 43.3701837099 0
163 M 49.9862782961 0
163 N 42.6597538022 0
163 P 46.5369940591 1
163 Q 42.1374137114 0
163 R 54.7478380583 0
163 S 44.2649612032 0
163 T 43.4320449503 0
163 V 46.8832886022 0
163 W 68.8711274831 0
163 Y 41.9266989592 0
164 A 47.6846387262 0
164 C 45.7196994295 0
164 D 43.4629552768 0
164 E 47.105637341 0
164 F 50.3408594758 0
164 G 46.9742045685 0
164 H 48.9912610709 0
164 I 50.4895479371 0
164 K 47.4999583725 0
164 L 48.7951520732 0
164 M 49.7788571701 0
164 N 49.9257588375 0
164 P 220.794718845 0
164 Q 48.4891437192 1
164 R 47.3011302012 0
164 S 48.7360799098 0
164 T 49.1645300799 0
164 V 50.8742648734 0
164 W 49.7316874014 0
164 Y 50.1644098152 0
165 A 43.1534520386 0
165 C 45.2110873583 0
165 D 41.7791580192 0
165 E 42.9277345849 0
165 F 35.5211036781 0
165 G 44.3328945579 1
165 H 35.112436613 0
165 I 42.9283243497 0
165 K 42.0658334518 0
165 L 42.9033253603 0
165 M 44.6621617667 0
165 N 34.0573244989 0
165 P 68.142809418 0
165 Q 43.6923153822 0
165 R 41.8867355794 0
165 S 42.3223451964 0
165 T 41.9880683911 0
165 V 42.6027249301 0
165 W 39.6149348441 0
165 Y 35.9239519586 0
166 A 46.9994936971 0
166 C 47.9139387652 0
166 D 41.0054069235 0
166 E 45.5598804948 0
166 F 37.3167967794 0
166 G 55.0246965713 0
166 H 36.786597045 0
166 I 35.7193066837 0
166 K 33.9685766553 0
166 L 35.6342543704 0
166 M 34.8390738876 1
166 N 41.4650104147 0
166 P 145.814261269 0
166 Q 33.7497464729 0
166 R 33.7708999066 0
166 S 46.1048553234 0
166 T 46.6084742515 0
166 V 44.4126469652 0
166 W 35.2462216457 0
166 Y 36.4591827219 0
167 A 46.3480033847 0
167 C 46.3718987884 0
167 D 43.9098218272 1
167 E 47.9067818358 0
167 F 46.0073798831 0
167 G 52.1026657055 0
167 H 46.1498638554 0
167 I 48.9311000623 0
167 K 45.9150333024 0
167 L 47.5042374387 0
167 M 51.071166713 0
167 N 41.8506284515 0
167 P 72.9093807707 0
167 Q 47.5204723637 0
167 R 45.4253073674 0
167 S 47.3051690119 0
167 T 46.8126824023 0
167 V 48.246066336 0
167 W 47.2223950714 0
167 Y 50.2941474472 0
168 A 53.1707267266 0
168 C 59.0605580406 0
168 D 51.0115705757 0
168 E 49.0989917364 0
168 F 55.5060590512 0
168 G 46.6023374474 0
168 H 53.5992045287 0
168 I 51.8520924791 0
168 K 50.4772091936 0
168 L 48.3213225655 0
168 M 55.9516783533 0
168 N 54.0433319669 0
168 P 62.1066400882 0
168 Q 51.9561851793 0
168 R 52.3252035115 0
168 S 44.9878514017 0
168 T 43.4294295947 1
168 V 50.944911396 0
168 W 54.3776206911 0
168 Y 53.9212830925 0
169 A 49.492025274 0
169 C 52.3630472918 0
169 D 46.7701574001 0
169 E 49.5556725499 0
169 F 48.4868298225 0
169 G 49.0547605143 0
169 H 48.5529028675 0
169 I 52.8579570492 0
169 K 48.9407264521 0
169 L 52.864945291 0
169 M 51.0162106311 0
169 N 46.1180230934 0
169 P 69.2792731475 0
169 Q 51.752610063 0
169 R 47.4226220308 0
169 S 46.772650769 1
169 T 51.2935544679 0
169 V 59.109010676 0
169 W 52.3483467376 0
169 Y 47.6751967835 0
170 A 50.584536242 0
170 C 49.7877019941 0
170 D 50.7751611787 0
170 E 47.4298054285 0
170 F 49.9037182166 0
170 G 57.4303328604 0
170 H 46.9761442601 0
170 I 72.1741016167 0
170 K 47.0492573787 0
170 L 49.0408333493 0
170 M 51.1802859688 0
170 N 47.6040164895 1
170 P 81.0506436966 0
170 Q 49.2953295749 0
170 R 46.849130338 0
170 S 48.5232611448 0
170 T 49.6388225457 0
170 V 55.4068765307 0
170 W 52.8580895791 0
170 Y 50.4268565857 0
171 A 45.8603342115 0
171 C 48.0202706456 0
171 D 44.041539412 0
171 E 43.5609266113 0
171 F 42.6460081264 0
171 G 47.2621772389 0
171 H 43.3189217754 0
171 I 46.2275342915 0
171 K 44.3333726431 0
171 L 46.1721686466 0
171 M 42.6719230467 1
171 N 44.7321833329 0
171 P 44.6011738992 0
171 Q 45.9571156712 0
171 R 45.0711807587 0
171 S 44.6892753944 0
171 T 45.1518626544 0
171 V 46.4504660404 0
171 W 40.8312540522 0
171 Y 43.0642251081 0
172 A 48.382164504 0
172 C 50.836597132 0
172 D 46.5337458564 1
172 E 45.3210738144 0
172 F 48.6973649826 0
172 G 49.5705271119 0
172 H 47.9258923454 0
172 I 48.2729765407 0
172 K 47.5719251789 0
172 L 47.8515383658 0
172 M 48.3947732845 0
172 N 47.9834763504 0
172 P 61.7190840427 0
172 Q 46.5686303471 0
172 R 48.0406992338 0
172 S 47.2387091453 0
172 T 47.6474707228 0
172 V 46.7888291725 0
172 W 47.2240986635 0
172 Y 49.0958001044 0
173 A 44.3814001802 0
173 C 48.8613924316 0
173 D 44.6632179732 0
173 E 44.3896825589 0
173 F 47.9451984883 0
173 G 46.6674204527 0
173 H 45.7178592787 0
173 I 45.3765103871 0
173 K 45.3841347478 0
173 L 43.4850388781 0
173 M 46.407424868 0
173 N 45.7829440317 0
173 P 135.634894072 0
173 Q 46.2305751866 0
173 R 45.7459814126 0
173 S 45.7689560709 0
173 T 45.6788833927 0
173 V 44.8311104948 1
173 W 47.4079354791 0
173 Y 48.2985959922 0
174 A 45.296384435 0
174 C 48.8625256515 0
174 D 46.3923253519 0
174 E 40.8415923682 0
174 F 38.1792057058 1
174 G 50.748511177 0
174 H 39.5504720011 0
174 I 41.5477024467 0
174 K 39.0037136377 0
174 L 39.5600890434 0
174 M 44.3762275306 0
174 N 46.1366074387 0
174 P 262.473200501 0
174 Q 40.2833766601 0
174 R 40.3062907248 0
174 S 46.4217022664 0
174 T 45.9027702863 0
174 V 44.5344293767 0
174 W 38.5730627796 0
174 Y 38.716110308 0
175 A 40.9907989748 0
175 C 43.0923309145 0
175 D 44.5011210429 0
175 E 41.6139253034 0
175 F 78.9210215217 0
175 G 43.5920277722 0
175 H 44.4333133531 0
175 I 39.9237284123 0
175 K 39.5861093063 0
175 L 39.7244948253 0
175 M 39.3775595834 0
175 N 40.8240055234 0
175 P 287.398676893 0
175 Q 41.0553111038 0
175 R 38.466453024 0
175 S 40.5265831107 0
175 T 39.0968161104 0
175 V 40.6874044825 1
175 W 87.4722645793 0
175 Y 257.456404716 0
176 A 45.631512077 0
176 C 47.9444194387 0
176 D 45.7316651238 0
176 E 44.8324739767 0
176 F 47.2252923159 0
176 G 46.9228801467 0
176 H 45.5322797208 0
176 I 45.4901028679 0
176 K 44.344858388 0
176 L 44.506876819 0
176 M 45.3142263672 0
176 N 45.3525651925 0
176 P 351.45596088 0
176 Q 46.315618951 1
176 R 44.7563236459 0
176 S 46.101655085 0
176 T 43.9904438229 0
176 V 46.0511020346 0
176 W 42.9489060361 0
176 Y 47.4015787047 0
177 A 46.0322444414 0
177 C 46.85156594 0
177 D 39.7134040212 0
177 E 38.9077870171 0
177 F 41.2821330655 0
177 G 47.8670374291 0
177 H 44.726308638 0
177 I 49.2782466739 0
177 K 45.4317261497 0
177 L 41.967066385 0
177 M 42.5800574199 0
177 N 45.0575855342 0
177 P 356.239156662 0
177 Q 44.7309641138 1
177 R 45.4610418361 0
177 S 46.7296662458 0
177 T 46.5109612045 0
177 V 45.3738971213 0
177 W 39.7508137399 0
177 Y 41.3801080996 0
178 A 49.6814300154 0
178 C 48.0453668954 0
178 D 44.1224065216 0
178 E 44.4423442257 0
178 F 36.1633838948 0
178 G 52.5857698134 0
178 H 39.5611445898 0
178 I 50.9963387184 0
178 K 45.4841379771 0
178 L 43.3059148227 0
178 M 42.8720419441 0
178 N 43.8188826801 0
178 P 449.076702054 0
178 Q 44.6771140363 0
178 R 46.8795800763 0
178 S 50.392867332 0
178 T 44.5562176696 0
178 V 76.2409086107 0
178 W 35.2282757591 0
178 Y 36.943724874 1
179 A 37.8171145026 1
179 C 39.6904121859 0
179 D 39.044314422 0
179 E 38.5492257611 0
179 F 181.100174284 0
179 G 42.9624514564 0
179 H 53.2398891438 0
179 I 47.3284401053 0
179 K 55.9228649794 0
179 L 41.1090948712 0
179 M 38.740841878 0
179 N 44.3037074287 0
179 P 344.358565184 0
179 Q 38.07252473 0
179 R 40.0530254639 0
179 S 39.5962223941 0
179 T 37.8773201341 0
179 V 41.1768978269 0
179 W 425.424255627 0
179 Y 203.280360543 0
180 A 45.7241920064 0
180 C 48.7764410297 0
180 D 40.0211485489 1
180 E 45.7675604133 0
180 F 44.7171507319 0
180 G 47.4205338395 0
180 H 44.780802939 0
180 I 46.35355912 0
180 K 46.2001936581 0
180 L 42.3352929144 0
180 M 47.8373550011 0
180 N 43.4888325434 0
180 P 385.709562258 0
180 Q 48.2084940773 0
180 R 45.1584565879 0
180 S 46.6784271985 0
180 T 46.2271301404 0
180 V 66.6388185085 0
180 W 44.0442289442 0
180 Y 42.8231189455 0
181 A 39.021361934 0
181 C 38.0387622774 0
181 D 40.3017383955 0
181 E 46.8075253862 0
181 F 76.5281934371 0
181 G 44.7662297859 0
181 H 48.4417344125 0
181 I 61.8536092954 0
181 K 58.1028960562 0
181 L 35.7444192094 0
181 M 38.3641900391 0
181 N 42.4700357902 0
181 P 369.037098771 0
181 Q 44.3403054516 0
181 R 72.6164069147 0
181 S 41.4429018711 0
181 T 36.9459922346 1
181 V 40.372562529 0
181 W 62.2517736588 0
181 Y 93.034680329 0
182 A 45.3235948324 0
182 C 45.7875790686 0
182 D 46.8209618651 0
182 E 44.9956769642 0
182 F 104.721538775 0
182 G 51.9558478834 0
182 H 66.9424258615 0
182 I 39.477722496 0
182 K 108.487374752 0
182 L 41.5468157417 0
182 M 44.5822886941 0
182 N 47.3455541451 0
182 P 230.379231917 0
182 Q 45.6061334653 0
182 R 74.9660624206 0
182 S 46.1495636354 0
182 T 43.6970459187 0
182 V 40.0275990281 1
182 W 80.7480755406 0
182 Y 100.518756965 0
183 A 44.8715682266 0
183 C 46.8307774334 0
183 D 47.2840435463 0
183 E 44.7553444479 0
183 F 47.0055886501 0
183 G 46.0649279644 0
183 H 44.7929303455 0
183 I 45.9543995503 0
183 K 44.5705806261 1
183 L 44.2333356127 0
183 M 47.17891445 0
183 N 47.0958556647 0
183 P 395.383962582 0
183 Q 46.6286236299 0
183 R 42.1022610703 0
183 S 44.9962429361 0
183 T 44.7409493338 0
183 V 54.8204938789 0
183 W 44.7071588317 0
183 Y 47.3185036373 0
184 A 45.0771120598 0
184 C 47.5798130444 0
184 D 47.28654584 0
184 E 44.9873501783 0
184 F 46.1575452582 0
184 G 66.3552522022 0
184 H 44.5641495278 0
184 I 45.6441194803 0
184 K 39.6788968931 0
184 L 43.6810100436 0
184 M 64.6576175753 0
184 N 45.3445298768 0
184 P 293.846148808 0
184 Q 46.1705065765 0
184 R 43.8912931597 0
184 S 45.6191962263 0
184 T 45.2191568712 0
184 V 44.5184374885 0
184 W 43.2631545083 0
184 Y 46.0825111621 1
185 A 38.0350724852 0
185 C 37.0378269344 0
185 D 36.0775320229 0
185 E 35.5288395914 0
185 F 43.7130561593 0
185 G 40.9216738122 0
185 H 40.0312247362 0
185 I 109.872599395 0
185 K 44.3339884383 0
185 L 33.6467241971 1
185 M 31.9449691905 0
185 N 33.6870473162 0
185 P 369.191007422 0
185 Q 33.8050733068 0
185 R 60.0873562772 0
185 S 39.3350608319 0
185 T 47.9954835291 0
185 V 97.039616989 0
185 W 62.9748966337 0
185 Y 60.1583488513 0
186 A 36.7452833978 0
186 C 37.7699136851 0
186 D 48.8437229905 0
186 E 47.7994816692 0
186 F 132.749954448 0
186 G 37.8663625481 0
186 H 74.9112706004 0
186 I 56.1404719751 0
186 K 46.6743930091 0
186 L 63.789713496 0
186 M 56.6108077562 0
186 N 47.1317519822 0
186 P 245.002277573 0
186 Q 66.8677653119 0
186 R 69.3980087782 0
186 S 36.9528217286 1
186 T 45.2407883779 0
186 V 41.8142519621 0
186 W 293.096579187 0
186 Y 124.909983352 0
187 A 40.8097618677 0
187 C 41.7178704628 0
187 D 39.9933206126 0
187 E 39.9023465911 1
187 F 39.6352741729 0
187 G 40.5321958408 0
187 H 38.5029357062 0
187 I 56.4720334725 0
187 K 39.2962547649 0
187 L 39.0459072764 0
187 M 40.1226464279 0
187 N 38.7751463059 0
187 P 345.153367121 0
187 Q 40.3699071618 0
187 R 38.9428151452 0
187 S 40.8483258673 0
187 T 40.5277734826 0
187 V 58.9450875259 0
187 W 40.9479005777 0
187 Y 39.8456228299 0
188 A 39.2346281085 0
188 C 41.2694406589 0
188 D 42.1100344159 0
188 E 37.1374915455 0
188 F 51.3790911794 0
188 G 43.1942020914 0
188 H 39.3501636002 0
188 I 34.2654303149 0
188 K 41.3763234581 1
188 L 39.5536028361 0
188 M 38.0494419356 0
188 N 41.1831613322 0
188 P 431.086212839 0
188 Q 35.8557750692 0
188 R 39.9115660199 0
188 S 40.0478199658 0
188 T 41.3684591537 0
188 V 39.2574664582 0
188 W 47.9739823497 0
188 Y 79.7190519382 0
189 A 45.6613896791 0
189 C 46.3245782413 0
189 D 42.2713169977 0
189 E 44.6121565417 0
189 F 48.2754747414 0
189 G 45.0244000228 0
189 H 45.6118961241 0
189 I 45.0016415365 0
189 K 44.3825214581 1
189 L 43.2343678819 0
189 M 45.7640232725 0
189 N 42.9375802992 0
189 P 53.7183504722 0
189 Q 46.1171577871 0
189 R 45.138805886 0
189 S 44.3668966122 0
189 T 46.5434351303 0
189 V 46.2306823212 0
189 W 47.940832351 0
189 Y 47.9171363358 0
