1 A -176.035700011 0
1 C -172.61525115 0
1 D -177.536469897 0
1 E -175.035652904 0
1 F -173.856274107 0
1 G -178.221483403 0
1 H -175.757519779 0
1 I -157.952517122 0
1 K -174.858489723 0
1 L -174.403233213 0
1 M -172.89697762 0
1 N -174.757433921 0
1 P -176.748235854 0
1 Q -172.855250168 0
1 R -172.392358954 0
1 S -178.639570684 0
1 T -175.742745242 1
1 V -145.725668872 0
1 W -173.690628948 0
1 Y -173.92189904 0
2 A -178.928589739 0
2 C -181.250066888 0
2 D -181.878189375 0
2 E -183.902231528 1
2 F -179.164162225 0
2 G -178.303894837 0
2 H -180.140746485 0
2 I -184.063672854 0
2 K -182.762426874 0
2 L -179.651840946 0
2 M -181.353731604 0
2 N -182.978110737 0
2 P -165.926013478 0
2 Q -182.67997976 0
2 R -179.523158375 0
2 S -183.935329359 0
2 T -180.593085738 0
2 V -180.376987651 0
2 W -176.377521901 0
2 Y -179.043480272 0
3 A -171.356349272 0
3 C -171.027716791 0
3 D -167.227036155 0
3 E -168.077250984 0
3 F -185.326573512 1
3 G -167.398903706 0
3 H -174.86226325 0
3 I -169.10354258 0
3 K -175.482889268 0
3 L -164.764489748 0
3 M -175.058767959 0
3 N -171.15233623 0
3 P -119.661091674 0
3 Q -170.996555785 0
3 R -177.539934417 0
3 S -171.740243928 0
3 T -173.553254077 0
3 V -173.750400827 0
3 W -185.160582275 0
3 Y -181.640772034 0
4 A -172.10331581 0
4 C -170.389334204 0
4 D -171.608588763 0
4 E -173.750432522 0
4 F -172.831495377 0
4 G -170.604117691 0
4 H -173.086223142 0
4 I -173.282335397 0
4 K -173.547068534 1
4 L -172.94995597 0
4 M -172.019739975 0
4 N -171.964409439 0
4 P -158.629284007 0
4 Q -172.048487671 0
4 R -174.931681189 0
4 S -173.171922754 0
4 T -173.645405072 0
4 V -174.362068003 0
4 W -173.468832941 0
4 Y -172.943028077 0
5 A -181.398967442 1
5 C -178.991406403 0
5 D -187.380410315 0
5 E -183.181583167 0
5 F -179.847001889 0
5 G -171.390926906 0
5 H -178.87684091 0
5 I -178.527686181 0
5 K -180.101085641 0
5 L -181.599225786 0
5 M -179.578957067 0
5 N -183.201027606 0
5 P -183.328162505 0
5 Q -179.713375403 0
5 R -180.664881321 0
5 S -182.840283398 0
5 T -180.427369154 0
5 V -178.700879483 0
5 W -178.092234479 0
5 Y -178.345248961 0
6 A -147.884997456 0
6 C -138.936643477 0
6 D -141.897086884 0
6 E -140.404823673 0
6 F -109.811513634 0
6 G -172.874529254 1
6 H -36.5040044775 0
6 I -105.170879266 0
6 K -139.814729779 0
6 L 28.5473536402 0
6 M -140.718918569 0
6 N -153.857988615 0
6 P 158.02913089 0
6 Q -137.575987492 0
6 R -142.390411599 0
6 S -148.228103113 0
6 T -41.9395872976 0
6 V 209.517911193 0
6 W -101.096495364 0
6 Y -0.0748455967135 0
7 A -172.029859445 0
7 C -170.671136442 0
7 D -175.389596582 0
7 E -172.147591341 0
7 F -171.56375727 0
7 G -169.511144564 0
7 H -171.884123543 0
7 I -171.888423474 0
7 K -170.938949688 0
7 L -171.707791928 0
7 M -170.433079967 0
7 N -172.850663753 0
7 P -157.991758702 0
7 Q -170.663259143 0
7 R -170.533015888 0
7 S -174.014713761 1
7 T -169.183420809 0
7 V -170.410417787 0
7 W -170.644824317 0
7 Y -171.214608707 0
8 A -176.681224749 1
8 C -172.066621974 0
8 D -178.012402973 0
8 E -175.070965657 0
8 F -116.727961439 0
8 G -171.73274911 0
8 H -175.938440924 0
8 I -177.068073241 0
8 K -174.873725822 0
8 L -170.327418851 0
8 M -173.090377335 0
8 N -173.449891375 0
8 P -172.798306802 0
8 Q -171.937945856 0
8 R -174.194724501 0
8 S -176.443126137 0
8 T -172.450751983 0
8 V -157.057948099 0
8 W -175.764082442 0
8 Y -173.84200423 0
9 A -175.491804354 0
9 C -172.423791567 0
9 D -177.074069606 0
9 E -177.790274959 0
9 F -174.331659606 0
9 G -174.421640711 0
9 H -175.792793646 0
9 I -175.293299037 0
9 K -176.690101648 1
9 L -176.196491481 0
9 M -174.953015702 0
9 N -175.726228743 0
9 P -168.34228443 0
9 Q -175.115071338 0
9 R -176.149402493 0
9 S -175.946024307 0
9 T -175.309567979 0
9 V -175.411782852 0
9 W -175.937487781 0
9 Y -174.342727766 0
10 A -176.198377485 0
10 C -172.926746519 0
10 D -175.26349812 0
10 E -175.024062797 0
10 F -172.902251216 0
10 G -174.672493437 0
10 H -174.548798008 0
10 I -173.462381308 0
10 K -174.82636442 1
10 L -167.482941099 0
10 M -173.455618821 0
10 N -175.030029028 0
10 P -77.1351318353 0
10 Q -174.192625715 0
10 R -175.900349297 0
10 S -175.83659159 0
10 T -175.611883606 0
10 V -174.586816678 0
10 W -172.622613463 0
10 Y -174.802141541 0
11 A -28.2960241292 0
11 C 193.470574542 0
11 D 240.750656319 0
11 E 962.281054724 0
11 F 1206.37152589 0
11 G -177.897236836 1
11 H 915.143572208 0
11 I 465.87460842 0
11 K 478.657204625 0
11 L 658.689616778 0
11 M 937.522495247 0
11 N 411.52504799 0
11 P 308.35048781 0
11 Q 1086.89929683 0
11 R 613.440814117 0
11 S -10.9234987547 0
11 T 162.991110716 0
11 V 374.759564751 0
11 W 919.781695642 0
11 Y 1206.07861813 0
12 A -178.33489175 1
12 C -174.577549651 0
12 D -176.296641176 0
12 E -178.139496928 0
12 F -172.901042481 0
12 G -175.784254948 0
12 H -177.316322072 0
12 I -126.110453657 0
12 K -175.944854835 0
12 L -176.012526934 0
12 M -174.424283499 0
12 N -174.589895036 0
12 P 145.927846924 0
12 Q -175.386975298 0
12 R -176.371277176 0
12 S -176.600662982 0
12 T -176.9880777 0
12 V -118.727545717 0
12 W -174.885733725 0
12 Y -173.492007362 0
13 A -177.44213509 0
13 C -174.982907695 0
13 D -178.981913774 0
13 E -179.556767847 0
13 F -176.493828017 0
13 G -176.750644779 0
13 H -178.191189359 0
13 I -176.352779146 0
13 K -178.55895549 0
13 L -178.713492036 0
13 M -177.892034396 0
13 N -178.574273588 0
13 P -41.700799749 0
13 Q -177.541070657 0
13 R -178.346038809 0
13 S -177.637596258 0
13 T -176.930041678 1
13 V -176.697774899 0
13 W -177.669225057 0
13 Y -176.634473593 0
14 A -174.733761975 0
14 C -174.233465691 0
14 D -175.42588431 0
14 E -177.796977133 0
14 F -174.965659177 0
14 G -172.069380257 0
14 H -177.063068243 0
14 I -180.429068252 0
14 K -176.224640867 0
14 L -179.583624501 1
14 M -177.095020161 0
14 N -174.939698522 0
14 P 50.5169799388 0
14 Q -175.847730498 0
14 R -176.90293423 0
14 S -175.334586566 0
14 T -178.140076157 0
14 V -177.750699405 0
14 W -176.973096204 0
14 Y -175.913879377 0
15 A -170.214977356 0
15 C -168.08353183 0
15 D -170.821291145 0
15 E -168.774976612 0
15 F -180.554851244 1
15 G -166.978346863 0
15 H -175.334806557 0
15 I -167.159550402 0
15 K -167.587454176 0
15 L -160.528531619 0
15 M -171.144522142 0
15 N -170.283217868 0
15 P 119.092599881 0
15 Q -168.053054282 0
15 R -167.031032607 0
15 S -169.331241479 0
15 T -168.871732772 0
15 V -118.514412102 0
15 W -177.330075518 0
15 Y -176.865632903 0
16 A -175.757627687 0
16 C -172.890709976 0
16 D -175.753767857 0
16 E -176.383314661 0
16 F -173.487816444 0
16 G -173.604388089 0
16 H -175.201299535 0
16 I -176.260170283 0
16 K -176.213670177 1
16 L -172.679302041 0
16 M -175.208723196 0
16 N -175.197621352 0
16 P 79.7120179561 0
16 Q -175.026523545 0
16 R -176.357801863 0
16 S -174.848235202 0
16 T -175.218268045 0
16 V -175.412346991 0
16 W -175.08100527 0
16 Y -173.398797112 0
17 A -173.836164877 0
17 C -172.151648457 0
17 D -174.75328584 0
17 E -175.697986407 0
17 F -172.83577678 0
17 G -172.884019037 0
17 H -174.374302528 0
17 I -172.176940945 0
17 K -175.794823862 0
17 L -175.66740457 0
17 M -174.196957277 0
17 N -175.012526068 0
17 P 13.1966961515 0
17 Q -174.464459332 0
17 R -175.56958802 0
17 S -174.359837949 0
17 T -174.672373523 1
17 V -172.54411878 0
17 W -172.699866801 0
17 Y -172.796296256 0
18 A -176.397856332 0
18 C -176.030328382 0
18 D -176.029202193 0
18 E -177.595576135 0
18 F -177.467679866 0
18 G -172.418628156 0
18 H -176.534117491 0
18 I -174.020565206 0
18 K -178.601236788 0
18 L -169.461551312 0
18 M -175.466638907 0
18 N -176.158895368 0
18 P -48.5188946767 0
18 Q -177.603525285 0
18 R -177.077913695 1
18 S -177.312405608 0
18 T -177.043233699 0
18 V -177.181173194 0
18 W -176.201282927 0
18 Y -177.336838923 0
19 A -176.3820446 0
19 C -177.121980869 1
19 D -177.842542058 0
19 E -180.174003256 0
19 F -183.295552838 0
19 G -173.176387565 0
19 H -183.870021427 0
19 I -181.301151351 0
19 K -181.076161445 0
19 L -185.803021202 0
19 M -182.476454836 0
19 N -179.227507992 0
19 P -38.4521119747 0
19 Q -179.914939239 0
19 R -184.824244946 0
19 S -175.577394777 0
19 T -177.2768634 0
19 V -179.173078421 0
19 W -169.509958806 0
19 Y -181.204938468 0
20 A -177.156145045 0
20 C -171.440639148 0
20 D -173.532348234 0
20 E -175.230156805 0
20 F -173.815149657 0
20 G -175.335202535 0
20 H -174.791598795 0
20 I -166.548782896 0
20 K -175.825398713 0
20 L -177.259355059 1
20 M -175.117743872 0
20 N -174.171106559 0
20 P 174.017566339 0
20 Q -174.025135105 0
20 R -175.550524761 0
20 S -175.23547686 0
20 T -169.140171032 0
20 V -163.155341406 0
20 W -174.504251929 0
20 Y -173.879113074 0
21 A -174.704491703 0
21 C -171.837211386 0
21 D -175.317096545 0
21 E -176.312746969 0
21 F -173.046133868 0
21 G -173.290865021 0
21 H -174.393773439 0
21 I -173.836396436 0
21 K -175.969677787 0
21 L -174.537962626 0
21 M -173.81673734 0
21 N -174.225106323 0
21 P -166.596136579 0
21 Q -175.402665657 1
21 R -177.003425472 0
21 S -174.880151605 0
21 T -174.459914979 0
21 V -173.758683941 0
21 W -173.229075971 0
21 Y -173.214180891 0
22 A -175.656904919 0
22 C -175.155941553 1
22 D -175.219531544 0
22 E -177.765035703 0
22 F -176.486879675 0
22 G -173.676017156 0
22 H -175.913792327 0
22 I -177.89554283 0
22 K -179.452418984 0
22 L -170.842276318 0
22 M -178.885177216 0
22 N -177.489671347 0
22 P -102.207124483 0
22 Q -176.686064068 0
22 R -180.566732647 0
22 S -176.165744932 0
22 T -177.805326667 0
22 V -177.082646264 0
22 W -175.36553779 0
22 Y -176.602735212 0
23 A -170.214970692 0
23 C -169.965598532 0
23 D -167.149346407 0
23 E -170.838867262 0
23 F -170.937874356 0
23 G -166.093112287 0
23 H -175.248838005 1
23 I -166.2497816 0
23 K -169.350132946 0
23 L -172.502300572 0
23 M -172.817805427 0
23 N -171.084828201 0
23 P -59.9941668448 0
23 Q -170.441401739 0
23 R -171.997210649 0
23 S -169.643563159 0
23 T -171.204331641 0
23 V -167.100079055 0
23 W -165.919259662 0
23 Y -169.204466916 0
24 A -173.388337152 0
24 C -172.371561473 0
24 D -170.290651607 0
24 E -171.437066546 0
24 F -166.810095456 0
24 G -171.440321291 0
24 H -169.159514138 0
24 I -123.253789445 0
24 K -169.552918947 0
24 L -167.90249029 0
24 M -172.196814586 0
24 N -174.032544479 0
24 P -135.763998309 0
24 Q -173.457704118 0
24 R -173.199883936 0
24 S -175.059385276 0
24 T -176.413232478 1
24 V -169.193130982 0
24 W -169.477489413 0
24 Y -167.367861807 0
25 A -171.596423878 0
25 C -171.836928033 0
25 D -172.564749356 0
25 E -167.663322763 0
25 F -174.464643743 0
25 G -167.561774886 0
25 H -172.968094385 0
25 I -170.68208693 0
25 K -164.683470493 0
25 L -173.929302067 0
25 M -169.158995904 0
25 N -171.397529382 0
25 P -160.291382809 0
25 Q -161.345151572 0
25 R -155.07695329 0
25 S -172.403355867 0
25 T -176.540720017 0
25 V -176.920830771 1
25 W -173.942631717 0
25 Y -174.143937917 0
26 A -172.367528827 0
26 C -170.480588515 0
26 D -173.589246717 0
26 E -176.282963062 1
26 F -171.268776922 0
26 G -171.063378074 0
26 H -172.80540192 0
26 I -170.833226096 0
26 K -172.878551685 0
26 L -173.045115118 0
26 M -171.649922451 0
26 N -172.726226652 0
26 P -154.41396731 0
26 Q -174.610541371 0
26 R -172.018458695 0
26 S -173.00397912 0
26 T -172.22528352 0
26 V -171.36810632 0
26 W -171.34161568 0
26 Y -171.455953157 0
27 A -175.023489395 0
27 C -172.912103723 0
27 D -175.301635471 0
27 E -176.458537199 0
27 F -175.532651842 0
27 G -173.026737901 0
27 H -176.296624241 0
27 I -174.04575689 0
27 K -176.190846814 1
27 L -176.546777407 0
27 M -176.360298758 0
27 N -174.701616993 0
27 P -179.453548886 0
27 Q -174.392640254 0
27 R -175.425479369 0
27 S -175.434500005 0
27 T -174.600034641 0
27 V -173.356287019 0
27 W -175.2806069 0
27 Y -175.228059255 0
28 A -166.862368518 0
28 C -162.382727224 0
28 D -168.869208186 0
28 E -166.792702992 0
28 F -169.639178046 0
28 G -175.977840072 1
28 H -168.587928413 0
28 I -149.083463177 0
28 K -164.163168307 0
28 L -167.935318049 0
28 M -163.576328161 0
28 N -170.028175213 0
28 P -63.1270811006 0
28 Q -166.517012361 0
28 R -166.370957429 0
28 S -168.41166424 0
28 T -159.509486307 0
28 V -149.055419838 0
28 W -167.302510794 0
28 Y -168.563071606 0
29 A -170.344507988 0
29 C -118.750680159 0
29 D -133.517919769 0
29 E -130.506351039 0
29 F -33.5643136451 0
29 G -172.752877569 1
29 H -97.3066665843 0
29 I -133.367165844 0
29 K -124.641361229 0
29 L -3.57732148206 0
29 M -130.698115239 0
29 N -75.458357506 0
29 P 201.580746743 0
29 Q -125.70306706 0
29 R -122.832138028 0
29 S -153.30462192 0
29 T -148.688203187 0
29 V -134.982120912 0
29 W 10.5674866789 0
29 Y -26.6581920291 0
30 A -166.635431168 0
30 C -166.109228885 0
30 D -167.318879271 0
30 E -168.45532515 0
30 F -164.90845091 0
30 G -166.474190598 0
30 H -166.745508092 0
30 I -165.854480744 0
30 K -167.322487135 0
30 L -167.127711205 0
30 M -165.968488108 0
30 N -166.581475188 0
30 P -172.000751073 1
30 Q -167.003865708 0
30 R -167.609462455 0
30 S -168.551163602 0
30 T -168.084402117 0
30 V -166.286205262 0
30 W -164.847114794 0
30 Y -164.629782369 0
31 A -172.109714136 0
31 C -174.244935368 0
31 D -177.02196216 0
31 E -171.988104645 0
31 F -170.263016001 0
31 G -170.105957426 0
31 H -182.419052697 1
31 I -174.369718922 0
31 K -168.561437882 0
31 L -172.754782817 0
31 M -172.965150993 0
31 N -177.17509845 0
31 P -173.296040776 0
31 Q -171.18600595 0
31 R -168.26212094 0
31 S -174.702759364 0
31 T -175.122735884 0
31 V -173.97360648 0
31 W -172.444404669 0
31 Y -170.950946446 0
32 A -174.381868826 0
32 C -173.398791037 0
32 D -179.329232555 0
32 E -175.356410864 0
32 F -169.230951457 0
32 G -181.867213645 0
32 H -172.790277625 0
32 I -175.502154468 0
32 K -179.17200474 1
32 L -180.667488031 0
32 M -174.477311279 0
32 N -176.172329491 0
32 P -149.038234874 0
32 Q -174.816399173 0
32 R -179.872967664 0
32 S -183.123340365 0
32 T -182.661136103 0
32 V -175.968256887 0
32 W -169.831498135 0
32 Y -169.018064747 0
33 A -180.491505821 0
33 C -177.000553462 0
33 D -181.747123451 0
33 E -181.405378866 0
33 F -180.088145489 0
33 G -178.361709256 0
33 H -181.259765312 0
33 I -183.296794406 0
33 K -181.432698128 0
33 L -180.956282221 0
33 M -180.647581716 0
33 N -181.124083151 0
33 P -148.817903542 0
33 Q -179.643111825 0
33 R -180.585420867 0
33 S -180.60568853 0
33 T -180.923366639 0
33 V -182.585648316 1
33 W -179.614564984 0
33 Y -180.577165798 0
34 A -173.482476711 0
34 C -167.418147048 0
34 D -169.227854438 0
34 E -171.227776636 0
34 F -164.792117627 0
34 G -179.025986472 1
34 H -172.067353517 0
34 I -157.576462701 0
34 K -168.495323159 0
34 L -170.284940295 0
34 M -174.217710101 0
34 N -169.850390957 0
34 P -99.6360207891 0
34 Q -173.830987786 0
34 R -167.609880252 0
34 S -171.197026264 0
34 T -169.363176237 0
34 V -115.642925228 0
34 W -158.494976917 0
34 Y -156.963224462 0
35 A -175.537104451 0
35 C -174.890277828 0
35 D -176.53102854 0
35 E -177.922124393 0
35 F -179.294139241 0
35 G -170.384551733 0
35 H -177.876141849 0
35 I -156.90984122 0
35 K -173.091303192 0
35 L -171.165468975 0
35 M -176.938810951 0
35 N -175.550279044 0
35 P -179.676671319 1
35 Q -177.828673382 0
35 R -173.141371132 0
35 S -174.176742848 0
35 T -170.918163342 0
35 V -168.486783252 0
35 W -177.911522526 0
35 Y -180.072719758 0
36 A -175.217273384 0
36 C -175.350753282 0
36 D -173.470718053 0
36 E -170.344708153 0
36 F 175.503791964 0
36 G -171.863371765 0
36 H -72.8310825276 0
36 I -125.665185329 0
36 K -174.215307031 0
36 L -162.563905739 0
36 M -172.72809427 0
36 N -177.581819766 1
36 P -167.692805145 0
36 Q -170.899147539 0
36 R -174.617990931 0
36 S -174.124584317 0
36 T -174.278725073 0
36 V -174.339592388 0
36 W -86.1881299048 0
36 Y 212.849216761 0
37 A -168.414298035 0
37 C -168.031659973 0
37 D -169.34386648 0
37 E -170.032991885 0
37 F -166.43396327 0
37 G -167.231406329 0
37 H -169.585478978 0
37 I -156.916886735 0
37 K -168.983211167 0
37 L -176.106273314 1
37 M -173.728048578 0
37 N -170.398832794 0
37 P -61.8955532569 0
37 Q -171.105194778 0
37 R -173.755828564 0
37 S -167.824470114 0
37 T -170.095558655 0
37 V -156.172885801 0
37 W -174.706008632 0
37 Y -165.486901286 0
38 A -174.182925545 0
38 C -174.144381726 0
38 D -170.879802268 0
38 E -171.653644598 0
38 F -178.593087779 0
38 G -172.156161608 0
38 H -177.73808664 1
38 I -164.925747512 0
38 K -170.356592994 0
38 L -160.095541921 0
38 M -166.992051972 0
38 N -176.782012614 0
38 P -125.614377227 0
38 Q -173.536054457 0
38 R -172.021563116 0
38 S -173.733664691 0
38 T -169.425500462 0
38 V -173.871941259 0
38 W -177.738722512 0
38 Y -177.615817033 0
39 A -171.31817929 0
39 C -167.524771539 0
39 D -171.157269506 0
39 E -170.826596918 0
39 F -169.056646499 0
39 G -177.712306369 1
39 H -169.138124926 0
39 I -146.431880372 0
39 K -168.360802589 0
39 L -165.749470743 0
39 M -167.139911607 0
39 N -173.0467394 0
39 P -60.0340455556 0
39 Q -169.86022585 0
39 R -169.148398729 0
39 S -169.666921983 0
39 T -160.028021041 0
39 V -146.24619619 0
39 W -162.369317074 0
39 Y -167.587441748 0
40 A -171.493600258 0
40 C -169.837725097 0
40 D -171.121693853 0
40 E -172.453521284 0
40 F -162.13211876 0
40 G -169.051665417 0
40 H -164.850754435 0
40 I -176.22063761 1
40 K -172.859166715 0
40 L -169.741858184 0
40 M -174.512986792 0
40 N -170.122199343 0
40 P -53.1914522328 0
40 Q -172.683401787 0
40 R -173.782129664 0
40 S -171.11972963 0
40 T -171.472490745 0
40 V -174.600823156 0
40 W -168.824860765 0
40 Y -62.9732752411 0
41 A -166.581758236 0
41 C -174.768670307 0
41 D -177.188634355 0
41 E -176.407839028 0
41 F -183.9979491 1
41 G -162.831113996 0
41 H -178.726949386 0
41 I -180.776518789 0
41 K -174.845972005 0
41 L -181.789424771 0
41 M -180.116123384 0
41 N -177.088914925 0
41 P -162.24595811 0
41 Q -176.222343051 0
41 R -176.29367185 0
41 S -172.523021079 0
41 T -173.947030281 0
41 V -178.201088781 0
41 W -166.965244417 0
41 Y -182.879622168 0
42 A -164.274479105 0
42 C -160.770122052 0
42 D -165.26245566 0
42 E -164.847420552 0
42 F -167.508645813 0
42 G -173.006077556 1
42 H -168.804868018 0
42 I -151.031782736 0
42 K -168.99945815 0
42 L -164.685996366 0
42 M -161.426558147 0
42 N -166.451586621 0
42 P -63.6078098066 0
42 Q -163.811969541 0
42 R -166.933866233 0
42 S -166.460726628 0
42 T -161.068704785 0
42 V -151.13768973 0
42 W -165.61339272 0
42 Y -166.256248637 0
43 A -173.417276652 0
43 C -170.897426425 0
43 D -170.978147584 0
43 E -171.765274968 0
43 F -170.525092817 0
43 G -167.129968545 0
43 H -174.440028243 0
43 I -170.215043324 0
43 K -178.199371301 0
43 L -173.77423702 0
43 M -176.793594118 0
43 N -174.706403612 0
43 P 99.8731395489 0
43 Q -172.326372866 0
43 R -180.090323746 1
43 S -172.123900303 0
43 T -172.156290191 0
43 V -171.963772626 0
43 W -174.201030801 0
43 Y -170.55576534 0
44 A -178.398588447 0
44 C -176.528312655 0
44 D -175.544576798 0
44 E -178.20710992 0
44 F -181.739891157 0
44 G -176.077877175 0
44 H -179.786728686 1
44 I -173.128703225 0
44 K -175.639946163 0
44 L -172.5588414 0
44 M -177.331002128 0
44 N -178.188772809 0
44 P -177.933972892 0
44 Q -176.517491233 0
44 R -176.411361681 0
44 S -177.544823285 0
44 T -177.577127372 0
44 V -173.777359632 0
44 W -178.244872264 0
44 Y -181.193454906 0
45 A -183.842554319 0
45 C -171.973126599 0
45 D -169.503517418 0
45 E -149.008371376 0
45 F -138.446724201 0
45 G -179.751280768 0
45 H 607.241904519 0
45 I -173.152612958 0
45 K -171.430695302 0
45 L 4.73863658843 0
45 M -183.924133993 0
45 N -169.131854028 0
45 P 18.7045341626 0
45 Q -149.550182552 0
45 R -180.529533055 0
45 S -183.85462244 1
45 T -173.885230169 0
45 V -178.399238004 0
45 W -141.290038617 0
45 Y -137.210415051 0
46 A -147.326140155 0
46 C -127.852096216 0
46 D 144.589942514 0
46 E 205.266890046 0
46 F 2082.56549268 0
46 G -178.492921073 1
46 H 1729.39224123 0
46 I 207.975566094 0
46 K -107.504588409 0
46 L 24.0556352219 0
46 M -105.660290289 0
46 N 223.828611838 0
46 P -29.6022986819 0
46 Q 265.986986338 0
46 R -12.2214928518 0
46 S -137.576650824 0
46 T 84.8852149572 0
46 V 155.2998042 0
46 W -99.9138725094 0
46 Y -119.81001075 0
47 A -175.267843739 0
47 C -176.046906539 0
47 D -177.681586722 0
47 E -179.953790486 0
47 F -172.401494987 0
47 G -174.819319894 0
47 H -178.318231672 0
47 I -161.4858865 0
47 K -181.826328252 0
47 L -181.137950621 0
47 M -178.053326796 0
47 N -182.980522648 0
47 P -68.1777201735 0
47 Q -181.177165563 1
47 R -176.975862885 0
47 S -175.315008385 0
47 T -176.703184642 0
47 V -163.483602768 0
47 W -175.26233862 0
47 Y -171.882087986 0
48 A -183.9467665 1
48 C -181.966342965 0
48 D -188.061237812 0
48 E -158.841050442 0
48 F -172.033730399 0
48 G -180.320502878 0
48 H -173.496447053 0
48 I -171.004888512 0
48 K -179.522709797 0
48 L -145.577816489 0
48 M -179.212874809 0
48 N -186.173251226 0
48 P -164.517906724 0
48 Q -155.79671369 0
48 R -180.327748244 0
48 S -182.644083321 0
48 T -184.044624442 0
48 V -179.049715091 0
48 W -172.295856175 0
48 Y -164.142464362 0
49 A -181.920648446 0
49 C -179.177655264 0
49 D -182.945290087 0
49 E -182.542627677 1
49 F -180.270586971 0
49 G -181.180190879 0
49 H -182.366496032 0
49 I -179.884750061 0
49 K -182.281998015 0
49 L -181.998956439 0
49 M -180.818200803 0
49 N -181.661175042 0
49 P -182.259731125 0
49 Q -180.737957399 0
49 R -181.669597776 0
49 S -182.79827574 0
49 T -180.86918921 0
49 V -179.585572261 0
49 W -181.049398264 0
49 Y -179.951769596 0
50 A -170.398174731 0
50 C -164.525827713 0
50 D -169.331611938 0
50 E -166.592876074 0
50 F -168.104964024 0
50 G -179.714540489 1
50 H -170.847767302 0
50 I -157.002904382 0
50 K -170.895157771 0
50 L -168.585835287 0
50 M -165.316878458 0
50 N -173.618474713 0
50 P -58.3093241134 0
50 Q -167.708573053 0
50 R -169.195644302 0
50 S -169.209228567 0
50 T -166.391884022 0
50 V -156.945700234 0
50 W -166.440988867 0
50 Y -168.976890548 0
51 A -170.917677651 0
51 C -170.840792658 0
51 D -167.185795105 0
51 E -169.273576268 0
51 F -177.000774201 0
51 G -165.408499991 0
51 H -172.886749209 0
51 I -135.135746453 0
51 K -168.744986289 0
51 L -157.025356173 0
51 M -173.071669096 0
51 N -171.213933392 0
51 P 33.8446001187 0
51 Q -171.650936631 0
51 R -157.571716634 0
51 S -169.483468169 0
51 T -170.527966515 0
51 V -128.370635838 0
51 W -122.023530573 0
51 Y -175.250292027 1
52 A -176.156072514 0
52 C -173.764526698 0
52 D -177.446762438 0
52 E -178.118266525 0
52 F -175.198843647 0
52 G -173.120776039 0
52 H -175.910661199 0
52 I -177.394508179 0
52 K -176.860591644 0
52 L -176.776242814 0
52 M -175.111494849 0
52 N -177.025196819 0
52 P -175.820432203 0
52 Q -176.757444342 0
52 R -176.272082108 0
52 S -177.664253462 1
52 T -175.852111183 0
52 V -177.013679955 0
52 W -174.502724538 0
52 Y -174.833178246 0
53 A -173.493599691 0
53 C -175.734636676 0
53 D -177.160069059 0
53 E -176.199587975 0
53 F -181.364493425 0
53 G -171.392037362 0
53 H -177.420214986 0
53 I -168.270443318 0
53 K -170.361722219 0
53 L -163.93975842 0
53 M -174.090020387 0
53 N -177.895049955 0
53 P -153.681155279 0
53 Q -173.937930356 0
53 R -176.479339257 0
53 S -176.858610694 0
53 T -172.491765972 0
53 V -173.092311054 0
53 W -174.070180228 0
53 Y -184.685633953 1
54 A -171.993380314 0
54 C -168.922940197 0
54 D -170.079431431 0
54 E -170.921433387 0
54 F 83.5351908201 0
54 G -171.243956762 0
54 H -172.657704761 0
54 I -164.224918928 0
54 K -166.323963121 0
54 L -147.909316903 0
54 M -169.142190908 0
54 N -171.003654191 0
54 P -168.746632553 0
54 Q -167.468476404 0
54 R -158.097214373 0
54 S -174.332487865 0
54 T -174.39399081 1
54 V -167.480694525 0
54 W -163.575758178 0
54 Y -148.605277856 0
55 A -173.774342625 0
55 C -171.097118501 0
55 D -175.075424579 1
55 E -177.066771993 0
55 F -171.841904058 0
55 G -172.419191795 0
55 H -174.523242237 0
55 I -172.367831684 0
55 K -174.265014298 0
55 L -174.40397565 0
55 M -173.441150858 0
55 N -173.644466708 0
55 P -171.409472813 0
55 Q -173.424166643 0
55 R -173.667578494 0
55 S -174.401811386 0
55 T -173.078170696 0
55 V -170.69304212 0
55 W -175.036212796 0
55 Y -171.164170385 0
56 A -179.379488791 1
56 C -161.821072186 0
56 D -169.480423142 0
56 E -152.688090476 0
56 F -165.154909006 0
56 G -176.138689235 0
56 H -170.018595937 0
56 I -86.4300760649 0
56 K -145.779551998 0
56 L 353.584362398 0
56 M -143.938096467 0
56 N -173.097462287 0
56 P -153.313788732 0
56 Q -153.613329703 0
56 R -142.834829637 0
56 S -177.183970351 0
56 T -149.047995432 0
56 V -116.364792975 0
56 W -159.569107587 0
56 Y -167.495363874 0
57 A -179.394757171 0
57 C -178.398134395 0
57 D -180.358262043 0
57 E -188.324372953 0
57 F -177.749625598 0
57 G -177.598516975 0
57 H -178.696117586 0
57 I -182.981577554 0
57 K -182.933671179 0
57 L -183.804834636 0
57 M -180.657391917 0
57 N -180.478082332 1
57 P -159.415022544 0
57 Q -189.383907518 0
57 R -178.776332799 0
57 S -179.41610844 0
57 T -181.51784819 0
57 V -182.620858754 0
57 W -158.329374448 0
57 Y -178.188583626 0
58 A -178.297815942 0
58 C -176.806722475 0
58 D -181.095786003 0
58 E -179.964271532 0
58 F -182.731020073 0
58 G -177.577764075 0
58 H -183.404602671 0
58 I -185.86826148 1
58 K -180.94864392 0
58 L -184.157414967 0
58 M -180.643731786 0
58 N -182.713380129 0
58 P -66.0879670775 0
58 Q -178.420751523 0
58 R -181.929077602 0
58 S -178.745713798 0
58 T -179.12660359 0
58 V -185.337226956 0
58 W -180.777040758 0
58 Y -182.320585932 0
59 A -176.798663176 0
59 C -175.056986791 0
59 D -177.219291218 0
59 E -178.097235051 0
59 F -175.657663643 0
59 G -175.928815814 0
59 H -177.14280876 0
59 I -175.182962745 0
59 K -178.346498281 1
59 L -178.511138027 0
59 M -177.046859279 0
59 N -177.583935057 0
59 P 53.1908035735 0
59 Q -176.631095911 0
59 R -178.119647811 0
59 S -177.28132332 0
59 T -176.229193367 0
59 V -175.233055746 0
59 W -176.52633629 0
59 Y -175.77872733 0
60 A -180.260221529 0
60 C -175.29554759 0
60 D -174.269271814 0
60 E -177.240540094 0
60 F -173.934681969 0
60 G -176.564750017 0
60 H -166.566470824 0
60 I -166.646595133 0
60 K -179.011313403 1
60 L -165.572132233 0
60 M -177.377502606 0
60 N -174.775939172 0
60 P 87.6807606829 0
60 Q -177.353004198 0
60 R -179.45151507 0
60 S -177.624955785 0
60 T -177.907252389 0
60 V -141.053304979 0
60 W -166.88685945 0
60 Y -168.153530192 0
61 A -175.000466053 0
61 C -173.548197679 0
61 D -179.64990118 0
61 E -174.886189134 0
61 F -167.473640144 0
61 G -173.892256522 0
61 H -179.40931318 0
61 I -157.654778216 0
61 K -176.910646636 0
61 L -177.147349816 0
61 M -174.383802534 0
61 N -182.236617236 1
61 P 146.90938287 0
61 Q -175.274914937 0
61 R -176.477356738 0
61 S -174.289091311 0
61 T -170.680189518 0
61 V -159.19286006 0
61 W -164.05260992 0
61 Y -168.858843488 0
62 A -179.703252748 0
62 C -179.707430349 0
62 D -179.044123405 0
62 E -177.884765352 0
62 F -171.133833638 0
62 G -175.15182009 0
62 H -152.184039095 0
62 I -181.736538528 0
62 K -154.738898134 0
62 L -172.205210992 0
62 M -172.121912283 0
62 N -179.833896171 0
62 P -136.369344224 0
62 Q -176.340004255 0
62 R -175.648873507 0
62 S -178.274306602 0
62 T -180.813380277 0
62 V -183.969907889 1
62 W -174.59308016 0
62 Y -172.528894532 0
63 A -175.898677294 0
63 C -175.570119425 0
63 D -175.233596604 0
63 E -178.16388668 0
63 F -172.096026548 0
63 G -172.833361202 0
63 H -177.508929859 0
63 I -176.392740953 0
63 K -178.325721385 0
63 L -180.875686698 1
63 M -176.662551887 0
63 N -177.101388543 0
63 P -175.097927929 0
63 Q -176.103168138 0
63 R -177.617521107 0
63 S -176.309616205 0
63 T -176.978138619 0
63 V -176.157226728 0
63 W -176.436554093 0
63 Y -170.098766101 0
64 A -170.007832482 0
64 C -169.669700068 0
64 D -169.162389554 0
64 E -171.216857677 0
64 F -176.857309125 0
64 G -166.776288033 0
64 H -174.885396754 0
64 I -174.56366308 0
64 K -174.014645344 0
64 L -172.269034057 0
64 M -172.697338689 0
64 N -171.559513746 0
64 P -31.0014762119 0
64 Q -170.882165384 0
64 R -175.764359011 0
64 S -169.647864746 0
64 T -165.969370915 0
64 V -174.893052428 0
64 W -185.795543529 1
64 Y -177.048705095 0
65 A -174.042875543 0
65 C -174.45101168 0
65 D -178.293748385 1
65 E -174.442459175 0
65 F -171.267619784 0
65 G -172.878807838 0
65 H -171.251808166 0
65 I -173.086176092 0
65 K -172.352254609 0
65 L -173.191490823 0
65 M -173.935972689 0
65 N -177.604485815 0
65 P -112.458202859 0
65 Q -173.031053973 0
65 R -174.094141478 0
65 S -174.713140739 0
65 T -175.638636797 0
65 V -174.141855111 0
65 W -168.08996131 0
65 Y -171.206235782 0
66 A -176.20449187 0
66 C -176.633188708 0
66 D -183.371735099 0
66 E -186.566513919 1
66 F -179.277415089 0
66 G -174.165222416 0
66 H -180.895130779 0
66 I -184.51234458 0
66 K -175.385664727 0
66 L -181.869173569 0
66 M -182.011581338 0
66 N -183.047070012 0
66 P -177.555702983 0
66 Q -178.165908617 0
66 R -181.618482164 0
66 S -178.418400517 0
66 T -184.992024812 0
66 V -185.873631147 0
66 W -179.763537402 0
66 Y -173.131610461 0
67 A -185.276814451 0
67 C -182.200940647 0
67 D -187.962210938 0
67 E -185.401420149 0
67 F -182.78835774 0
67 G -183.130984057 0
67 H -185.269427744 0
67 I -180.932994939 0
67 K -186.3184446 0
67 L -187.168833189 0
67 M -184.490951102 0
67 N -186.097781224 1
67 P -162.567380712 0
67 Q -185.853240062 0
67 R -186.255739685 0
67 S -185.244688171 0
67 T -186.357219861 0
67 V -188.067232392 0
67 W -183.335166735 0
67 Y -181.726640416 0
68 A -187.731096734 0
68 C -184.766527291 0
68 D -180.462089987 0
68 E -186.066496906 0
68 F -182.499197222 0
68 G -184.773946634 0
68 H -186.81526889 0
68 I -182.350231796 0
68 K -186.138360873 0
68 L -181.25713776 0
68 M -185.396532334 0
68 N -188.137368602 1
68 P -159.593364583 0
68 Q -185.86446808 0
68 R -186.600052737 0
68 S -185.983596763 0
68 T -184.465872739 0
68 V -183.731664167 0
68 W -184.028909999 0
68 Y -182.685473984 0
69 A -181.91510526 0
69 C -179.918446985 0
69 D -179.1432846 0
69 E -181.559581238 0
69 F -178.478572178 0
69 G -177.767282108 0
69 H -179.357032411 0
69 I -178.847489626 0
69 K -181.396873925 0
69 L -185.548706127 0
69 M -185.879363825 1
69 N -179.23827258 0
69 P 30.9485419956 0
69 Q -181.52669957 0
69 R -183.577819794 0
69 S -179.328901818 0
69 T -181.978113839 0
69 V -181.383527384 0
69 W -180.100005344 0
69 Y -178.383384316 0
70 A -185.063102959 0
70 C -181.819765982 0
70 D -184.960823021 0
70 E -182.602505263 0
70 F -111.809295531 0
70 G -182.795842324 0
70 H -176.174310494 0
70 I -176.782105634 0
70 K -183.513817265 0
70 L -174.704714083 0
70 M -182.956486109 0
70 N -181.054576918 0
70 P -99.1241327607 0
70 Q -183.348812488 0
70 R -182.994629596 0
70 S -186.410093864 1
70 T -184.071528692 0
70 V -178.24241305 0
70 W 97.9935235654 0
70 Y -136.871641243 0
71 A -183.732551041 0
71 C -180.320431311 0
71 D -184.269185257 0
71 E -184.871517368 1
71 F -183.290456371 0
71 G -181.778916769 0
71 H -184.308141745 0
71 I -182.94874487 0
71 K -185.439231383 0
71 L -184.666493981 0
71 M -183.890898593 0
71 N -183.60008252 0
71 P -85.8412543333 0
71 Q -183.102836826 0
71 R -184.053491901 0
71 S -183.110450914 0
71 T -182.874412413 0
71 V -183.094013384 0
71 W -183.076173745 0
71 Y -184.211835354 0
72 A -180.867844809 0
72 C -177.926769855 0
72 D -178.89538674 0
72 E -175.619523517 0
72 F -186.729299323 0
72 G -177.389997684 0
72 H -184.431286075 0
72 I -129.853000977 0
72 K -178.097918798 0
72 L -152.046075388 0
72 M -179.402400335 0
72 N -180.704392632 0
72 P 46.1489654171 0
72 Q -176.417155758 0
72 R -177.985287433 0
72 S -179.356390178 0
72 T -178.589969027 0
72 V -144.120415994 0
72 W -184.924235716 0
72 Y -186.53170249 1
73 A -178.209744187 0
73 C -176.597978736 0
73 D -178.041165535 0
73 E -178.900882 0
73 F -180.045246751 0
73 G -175.411406348 0
73 H -179.793135196 0
73 I -174.107252113 0
73 K -179.18953872 0
73 L -183.877362545 1
73 M -181.606858528 0
73 N -179.072605318 0
73 P 49.7302268648 0
73 Q -179.447293365 0
73 R -180.557507754 0
73 S -176.391883557 0
73 T -174.567437215 0
73 V -175.896686154 0
73 W -182.542200297 0
73 Y -180.126553647 0
74 A -181.020752519 0
74 C -177.258784882 0
74 D -178.242324772 0
74 E -180.309704525 0
74 F -181.539907871 0
74 G -178.770223048 0
74 H -179.74541651 0
74 I -172.481854843 0
74 K -180.710137567 0
74 L -178.573374744 0
74 M -178.894736148 0
74 N -179.430870124 0
74 P 158.23953578 0
74 Q -178.319323545 0
74 R -180.063958887 0
74 S -179.344574882 0
74 T -180.137060943 1
74 V -170.788266539 0
74 W -182.913924714 0
74 Y -181.004349974 0
75 A -179.998184608 0
75 C -175.599285384 0
75 D -181.565279614 0
75 E -178.212185303 0
75 F -169.992040513 0
75 G -168.459762362 0
75 H -176.525836771 0
75 I -161.529011443 0
75 K -175.01684678 0
75 L -173.169775118 0
75 M -175.993055278 0
75 N -180.921187173 1
75 P -115.521014615 0
75 Q -176.257471223 0
75 R -175.939782879 0
75 S -177.584784309 0
75 T -174.579321848 0
75 V -162.482845005 0
75 W -175.199157079 0
75 Y -170.197831689 0
76 A -177.709899652 0
76 C -177.992373093 0
76 D -167.894322988 0
76 E -175.543297869 0
76 F 16.0282672694 0
76 G -175.209161576 0
76 H -168.107082374 0
76 I -166.253614723 0
76 K -20.8715733347 0
76 L -149.264810923 0
76 M -100.788490395 0
76 N -171.853011738 0
76 P -176.974309087 1
76 Q -165.882356923 0
76 R -116.99314501 0
76 S -176.170773708 0
76 T -173.646225104 0
76 V -177.434721841 0
76 W 188.350482601 0
76 Y 209.607620385 0
77 A -173.606105639 0
77 C -172.261600084 0
77 D -172.556619614 0
77 E -175.271173693 0
77 F -171.985810318 0
77 G -172.388584826 0
77 H -174.333014579 0
77 I -173.137388731 0
77 K -175.849115552 1
77 L -174.882557274 0
77 M -174.834018766 0
77 N -173.424103731 0
77 P -156.128305777 0
77 Q -173.772441736 0
77 R -175.053372702 0
77 S -174.805113188 0
77 T -174.883132656 0
77 V -173.545251183 0
77 W -174.70773141 0
77 Y -171.489694763 0
78 A -170.593965818 0
78 C -166.151823383 0
78 D -170.131880777 0
78 E -170.835318278 0
78 F -168.217661831 0
78 G -169.169154841 0
78 H -169.854002397 0
78 I -166.869571002 0
78 K -170.890663443 1
78 L -170.554280434 0
78 M -168.703105943 0
78 N -168.84591708 0
78 P -19.0560620945 0
78 Q -169.31910614 0
78 R -170.192177844 0
78 S -169.651368758 0
78 T -168.957972388 0
78 V -168.028832785 0
78 W -170.167426235 0
78 Y -168.195860266 0
79 A -176.253061101 0
79 C -179.591648153 0
79 D -180.298436937 0
79 E -182.109984726 0
79 F -186.231122944 0
79 G -169.170934773 0
79 H -183.853433625 0
79 I -171.907808807 0
79 K -182.251911419 0
79 L -178.743166246 0
79 M -180.491877125 0
79 N -180.97791486 0
79 P -22.9638916473 0
79 Q -179.910317952 0
79 R -181.80165585 0
79 S -180.66439945 0
79 T -182.612610225 0
79 V -171.40967131 0
79 W -183.425817572 0
79 Y -184.586188642 1
80 A -170.068791193 0
80 C -170.391985898 0
80 D -167.289315774 0
80 E -171.444975296 0
80 F -163.701074944 0
80 G -155.264111822 0
80 H -165.192675925 0
80 I -175.60176117 1
80 K -163.408987888 0
80 L -168.389728908 0
80 M -169.372850225 0
80 N -169.454820102 0
80 P -84.8406352239 0
80 Q -171.949137287 0
80 R -158.666742677 0
80 S -169.646636089 0
80 T -170.872312857 0
80 V -175.738838805 0
80 W -157.875921367 0
80 Y -157.717727293 0
81 A -166.924342548 0
81 C -165.168338445 0
81 D -167.221354779 0
81 E -168.236255656 0
81 F -166.575106221 0
81 G -166.10866435 0
81 H -168.210999328 0
81 I -166.240288251 0
81 K -167.908878674 0
81 L -167.070212468 0
81 M -166.098658552 0
81 N -166.440388274 0
81 P -173.859301797 1
81 Q -165.62297024 0
81 R -167.475858955 0
81 S -167.913330702 0
81 T -166.32902598 0
81 V -166.98135062 0
81 W -166.727317463 0
81 Y -166.362943951 0
82 A -155.579355251 0
82 C -150.869902251 0
82 D -157.535720233 0
82 E -154.412652902 0
82 F -153.932793916 0
82 G -172.496871627 1
82 H -155.361182572 0
82 I -140.553129127 0
82 K -155.011441389 0
82 L -155.59327442 0
82 M -154.998385669 0
82 N -159.401060199 0
82 P -28.2126415388 0
82 Q -153.579630269 0
82 R -158.490917433 0
82 S -155.112291483 0
82 T -149.988008139 0
82 V -140.44824127 0
82 W -153.861181793 0
82 Y -155.416406348 0
83 A -172.064903542 0
83 C -166.849697861 0
83 D -171.73369019 0
83 E -167.133646203 0
83 F -155.994050218 0
83 G -168.375623055 0
83 H -168.4711864 0
83 I -170.618201244 0
83 K -163.466375558 0
83 L -167.702497054 0
83 M -168.597857349 0
83 N -169.942565747 0
83 P -31.1407674563 0
83 Q -159.33691941 0
83 R -168.702904115 0
83 S -172.901615139 0
83 T -174.349017833 1
83 V -169.81003993 0
83 W -147.878555043 0
83 Y -155.432539012 0
84 A -170.603977694 0
84 C -173.594005819 0
84 D -177.99981749 0
84 E -172.108339773 0
84 F -167.106580711 0
84 G -170.500160529 0
84 H -169.468571289 0
84 I -173.213322081 0
84 K -178.051177447 1
84 L -169.166716425 0
84 M -174.628635058 0
84 N -177.892675501 0
84 P -171.401769136 0
84 Q -174.050983047 0
84 R -177.449664987 0
84 S -177.251237023 0
84 T -171.505498925 0
84 V -172.557287774 0
84 W -166.262946075 0
84 Y -167.333404431 0
85 A -171.875203055 0
85 C -170.364092966 0
85 D -176.348093894 0
85 E -170.426668623 0
85 F -176.677877481 0
85 G -168.021215498 0
85 H -173.212475025 0
85 I -172.901137164 0
85 K -171.975749038 0
85 L -173.983406735 0
85 M -173.759473325 1
85 N -175.236501445 0
85 P -131.066175027 0
85 Q -172.349102619 0
85 R -174.31214589 0
85 S -171.677565907 0
85 T -170.874163209 0
85 V -173.455923214 0
85 W -176.764522789 0
85 Y -175.857221281 0
86 A -172.68177456 1
86 C -170.346759848 0
86 D -174.601119001 0
86 E -175.353236789 0
86 F -170.686316974 0
86 G -171.771796976 0
86 H -174.364406574 0
86 I -169.447762952 0
86 K -173.368724878 0
86 L -171.838104338 0
86 M -171.185993011 0
86 N -175.109189377 0
86 P -123.679828581 0
86 Q -171.296527372 0
86 R -172.798954294 0
86 S -172.796619692 0
86 T -171.600984872 0
86 V -169.808391566 0
86 W -170.44844276 0
86 Y -170.354067175 0
87 A -167.099925542 0
87 C -168.720021801 0
87 D -175.609553769 0
87 E -172.751197548 0
87 F -175.22129013 1
87 G -163.536842276 0
87 H -172.173732087 0
87 I -171.122939106 0
87 K -173.728115929 0
87 L -172.512073774 0
87 M -174.300454283 0
87 N -173.006277953 0
87 P 78.7898947762 0
87 Q -171.508857128 0
87 R -173.662156208 0
87 S -171.769725086 0
87 T -169.74841391 0
87 V -173.314987883 0
87 W -168.684408788 0
87 Y -171.149864711 0
88 A -175.252506165 0
88 C -175.184373746 0
88 D -176.949703543 0
88 E -178.728711063 0
88 F -173.086536117 0
88 G -174.531304667 1
88 H -175.262054782 0
88 I -176.970683591 0
88 K -176.528466305 0
88 L -178.6357028 0
88 M -174.871687148 0
88 N -175.510758954 0
88 P -174.049247337 0
88 Q -175.45517223 0
88 R -178.768146234 0
88 S -179.240477398 0
88 T -178.184621582 0
88 V -174.427382771 0
88 W -173.663406888 0
88 Y -173.501450884 0
89 A -73.8958895052 0
89 C 193.606045171 0
89 D 166.142772963 0
89 E 290.631686781 0
89 F 1517.03842796 0
89 G -176.760439283 1
89 H -55.9025851336 0
89 I 748.106525413 0
89 K -13.40666451 0
89 L 823.116531075 0
89 M -22.9310972543 0
89 N 180.559157254 0
89 P -40.4580632913 0
89 Q 282.23080038 0
89 R 22.0037025195 0
89 S -68.041947794 0
89 T 142.857027122 0
89 V 134.518488946 0
89 W 1087.36023383 0
89 Y 1410.89123319 0
90 A -169.580121235 0
90 C -173.426775749 0
90 D -177.303692943 0
90 E -174.669934808 0
90 F -166.409520391 0
90 G -163.127231584 0
90 H -173.427116193 0
90 I -181.136113585 0
90 K -166.636654772 0
90 L -178.427558431 1
90 M -169.152155601 0
90 N -176.329779147 0
90 P -112.698714067 0
90 Q -173.645036887 0
90 R -168.357906825 0
90 S -172.666837519 0
90 T -174.647074758 0
90 V -178.601489974 0
90 W -153.804631471 0
90 Y -161.537714112 0
91 A -173.133403142 0
91 C -170.636407856 0
91 D -176.327041721 0
91 E -175.225025898 0
91 F -173.084260548 0
91 G -172.298556961 0
91 H -174.510573715 0
91 I -172.901733596 0
91 K -176.145435464 1
91 L -175.184217382 0
91 M -174.587489131 0
91 N -173.476288954 0
91 P -171.701666348 0
91 Q -174.321659614 0
91 R -174.018388506 0
91 S -175.03190842 0
91 T -174.324154049 0
91 V -172.296358293 0
91 W -174.419198 0
91 Y -173.287713727 0
92 A -176.506108699 0
92 C -174.087856817 0
92 D -175.984215302 0
92 E -176.650953436 0
92 F -175.62445517 0
92 G -173.824360919 0
92 H -176.45938268 0
92 I -175.290817103 0
92 K -175.350176045 1
92 L -176.881268421 0
92 M -175.986321671 0
92 N -177.121977016 0
92 P -161.037355495 0
92 Q -175.175467711 0
92 R -174.900517361 0
92 S -176.470568419 0
92 T -172.571046924 0
92 V -175.448382342 0
92 W -175.588731209 0
92 Y -175.569523316 0
93 A -175.393072815 0
93 C -171.674266945 0
93 D -176.282284445 0
93 E -178.040280162 1
93 F -170.64730317 0
93 G -173.731388946 0
93 H -174.766177311 0
93 I -172.425684685 0
93 K -177.616785556 0
93 L -175.767209391 0
93 M -175.560335724 0
93 N -172.997255125 0
93 P -174.239072896 0
93 Q -175.933725603 0
93 R -174.686606022 0
93 S -175.319898673 0
93 T -175.057793152 0
93 V -173.102441044 0
93 W -173.983516985 0
93 Y -172.501846408 0
94 A -172.729003934 0
94 C -171.61383901 0
94 D -173.887856736 0
94 E -174.885266373 0
94 F -171.640426522 0
94 G -171.917727249 0
94 H -172.05495536 0
94 I -172.532741496 0
94 K -177.540264893 1
94 L -173.186681896 0
94 M -172.799674348 0
94 N -172.957512457 0
94 P -158.802916444 0
94 Q -173.241985493 0
94 R -173.252305266 0
94 S -173.689208917 0
94 T -173.265840079 0
94 V -172.508011027 0
94 W -171.552699518 0
94 Y -171.492397385 0
95 A -175.385581595 0
95 C -174.483660311 0
95 D -180.503766888 1
95 E -179.634177588 0
95 F -176.031207897 0
95 G -172.397030404 0
95 H -177.772936376 0
95 I -132.155394601 0
95 K -177.642180419 0
95 L -179.42103923 0
95 M -180.066318761 0
95 N -177.56864419 0
95 P -121.270558379 0
95 Q -179.026846134 0
95 R -177.555311489 0
95 S -174.993103258 0
95 T -171.787243978 0
95 V -144.088151626 0
95 W -176.855687993 0
95 Y -175.247530072 0
96 A -173.399908333 0
96 C -171.206177562 0
96 D -163.51991691 0
96 E -170.499559985 0
96 F -16.7019224574 0
96 G -169.847346474 0
96 H -92.6200220029 0
96 I -177.500142851 0
96 K -175.793713969 0
96 L -176.772787784 0
96 M -178.702927253 0
96 N -170.96087265 0
96 P -39.9537593532 0
96 Q -173.426308321 0
96 R -181.29317246 1
96 S -169.289262521 0
96 T -171.501354515 0
96 V -174.909302257 0
96 W 81.78698431 0
96 Y -56.5289493908 0
97 A -177.508876561 0
97 C -175.678444568 0
97 D -175.538102439 0
97 E -177.804353053 0
97 F -170.442093065 0
97 G -174.451997238 0
97 H -175.180878753 0
97 I -169.275320939 0
97 K -173.720650659 0
97 L -172.836618471 0
97 M -175.361995258 0
97 N -177.128980537 1
97 P 124.8319887 0
97 Q -175.523505292 0
97 R -176.990962429 0
97 S -174.661566139 0
97 T -172.19727654 0
97 V -133.22423071 0
97 W -176.026269906 0
97 Y -168.481583712 0
98 A -176.515692331 0
98 C -174.73501336 0
98 D -178.544227143 1
98 E -174.792922258 0
98 F -153.130841294 0
98 G -172.440364413 0
98 H -177.498166453 0
98 I -164.514227153 0
98 K -160.450606703 0
98 L -100.667586629 0
98 M -162.92014424 0
98 N -176.805830934 0
98 P -2.37692624284 0
98 Q -172.639876896 0
98 R -166.875987237 0
98 S -174.380552276 0
98 T -170.230261738 0
98 V -163.740524209 0
98 W -153.679809877 0
98 Y -151.871352879 0
99 A -176.019562287 0
99 C -174.547116878 0
99 D -174.624281714 0
99 E -178.11337673 0
99 F -174.031389797 0
99 G -172.937976646 0
99 H -177.479797476 0
99 I -174.668608365 0
99 K -170.295591962 0
99 L -183.42475005 1
99 M -181.962145749 0
99 N -175.896797966 0
99 P 47.0510399077 0
99 Q -178.208023372 0
99 R -174.614455921 0
99 S -175.008563097 0
99 T -170.672839056 0
99 V -169.874277334 0
99 W -169.862661641 0
99 Y -175.063623649 0
100 A -173.800237625 0
100 C -173.666898629 0
100 D -173.032810358 0
100 E -173.06713733 0
100 F -51.6167797497 0
100 G -171.812847489 0
100 H -163.796061121 0
100 I -183.797383079 1
100 K -164.447968347 0
100 L -177.75435959 0
100 M -174.011350319 0
100 N -174.40760925 0
100 P 58.3522347603 0
100 Q -174.488728056 0
100 R -152.431386999 0
100 S -172.935396899 0
100 T -176.168646433 0
100 V -178.546095686 0
100 W 54.0727032258 0
100 Y -10.4954155091 0
101 A -177.278801328 0
101 C -175.057024563 0
101 D -176.145662914 0
101 E -177.028958262 0
101 F -135.310044089 0
101 G -173.829724256 0
101 H -172.492076906 0
101 I -113.05843292 0
101 K -171.228301531 0
101 L -165.309765947 0
101 M -174.323983392 0
101 N -174.885658805 0
101 P 114.599371343 0
101 Q -176.384985804 0
101 R -172.309880643 0
101 S -178.242237057 0
101 T -182.843077199 1
101 V -120.640515183 0
101 W -168.801177228 0
101 Y -167.445151736 0
102 A -172.334476511 0
102 C -168.953662571 0
102 D -168.974230753 0
102 E -169.077423105 0
102 F -180.710943147 0
102 G -168.938651731 0
102 H -175.908938943 0
102 I 145.013920094 0
102 K -169.692349001 0
102 L -165.988359352 0
102 M -168.754671152 0
102 N -170.72298639 0
102 P 117.746818211 0
102 Q -168.12426727 0
102 R -172.102628994 0
102 S -170.081836403 0
102 T -168.895875987 0
102 V -85.8837588032 0
102 W -178.85114615 0
102 Y -180.285751201 1
103 A -176.441283182 0
103 C -175.175769797 0
103 D -177.017766949 0
103 E -179.55473455 0
103 F -178.186696936 0
103 G -173.003311217 0
103 H -177.20718596 0
103 I -178.355288727 0
103 K -178.006023782 0
103 L -184.438866078 1
103 M -180.944737038 0
103 N -177.831590213 0
103 P 57.3173280074 0
103 Q -178.82297675 0
103 R -179.748452032 0
103 S -174.557999325 0
103 T -174.518214368 0
103 V -153.277591442 0
103 W -181.859963655 0
103 Y -167.726504227 0
104 A -181.194832474 0
104 C -181.369701764 0
104 D -181.022986439 0
104 E -183.076004729 0
104 F -182.137503554 0
104 G -179.233229559 0
104 H -184.282266714 0
104 I -183.535402638 0
104 K -182.291649427 1
104 L -186.661624917 0
104 M -184.433396966 0
104 N -183.005629735 0
104 P 147.304866292 0
104 Q -183.057440382 0
104 R -184.306767055 0
104 S -179.921823371 0
104 T -182.576274374 0
104 V -180.76417891 0
104 W -184.78790753 0
104 Y -181.81708509 0
105 A -181.16028108 0
105 C -178.32938537 0
105 D -181.373453026 0
105 E -183.676696106 0
105 F -179.760288947 0
105 G -179.900770844 0
105 H -181.207784912 0
105 I -183.713714336 0
105 K -182.362898406 1
105 L -184.390375813 0
105 M -181.668287165 0
105 N -182.215926383 0
105 P -59.8663521364 0
105 Q -181.960498322 0
105 R -181.794026151 0
105 S -181.957045554 0
105 T -181.377700059 0
105 V -181.901599499 0
105 W -180.163253508 0
105 Y -180.240578731 0
106 A -186.969095471 1
106 C -178.319329046 0
106 D -171.453041965 0
106 E -183.4437615 0
106 F -176.295086982 0
106 G -182.704931515 0
106 H -169.552266071 0
106 I -173.300502312 0
106 K -182.673516336 0
106 L -179.407853567 0
106 M -180.083179271 0
106 N -179.985316673 0
106 P 35.657761962 0
106 Q -182.394449659 0
106 R -179.595293844 0
106 S -184.86962251 0
106 T -181.755806286 0
106 V -175.479867619 0
106 W -177.378622149 0
106 Y -176.724297426 0
107 A -186.221481836 0
107 C -187.201271751 1
107 D -185.072491457 0
107 E -182.578527593 0
107 F -154.876889351 0
107 G -183.988011876 0
107 H -176.309159191 0
107 I -156.027277484 0
107 K -101.73696225 0
107 L -189.00655245 0
107 M -97.8746212393 0
107 N -188.620472066 0
107 P -34.3778035571 0
107 Q -183.872375346 0
107 R -172.126050558 0
107 S -184.678556703 0
107 T -188.143440782 0
107 V -162.008340958 0
107 W -170.29251782 0
107 Y -142.844275795 0
108 A -184.440253152 0
108 C -182.497867707 0
108 D -183.31256722 0
108 E -184.725174332 1
108 F -182.389068649 0
108 G -184.78947202 0
108 H -184.374066134 0
108 I -179.234324573 0
108 K -185.424338591 0
108 L -184.667043736 0
108 M -184.186370004 0
108 N -183.524576665 0
108 P -128.019449684 0
108 Q -183.618469519 0
108 R -184.887779517 0
108 S -184.580549029 0
108 T -184.423636367 0
108 V -177.740675316 0
108 W -182.257122933 0
108 Y -182.243548148 0
