1 A -126.594969177 0
1 C -125.190900428 0
1 D -128.10759526 0
1 E -125.991016626 0
1 F -124.653042376 0
1 G -124.916214894 0
1 H -127.487091576 0
1 I -127.039684262 0
1 K -124.958024852 0
1 L -126.432893921 0
1 M -125.586148689 0
1 N -126.853419214 0
1 P -33.3522970939 0
1 Q -125.440303443 0
1 R -124.80173523 0
1 S -126.581436264 0
1 T -126.27857852 1
1 V -125.874030583 0
1 W -125.431907967 0
1 Y -124.369298639 0
2 A -124.053990291 0
2 C -123.581121402 0
2 D -124.605345828 0
2 E -125.794991174 0
2 F -124.902566583 0
2 G -122.478166973 0
2 H -124.779597989 0
2 I -127.413747219 0
2 K -125.529350341 0
2 L -126.753439007 0
2 M -125.1393245 0
2 N -125.141746487 0
2 P -123.629188084 0
2 Q -124.429061809 0
2 R -125.803579681 0
2 S -125.212227159 0
2 T -126.465866384 1
2 V -127.344443403 0
2 W -127.589253249 0
2 Y -124.843793595 0
3 A -115.268169942 0
3 C -115.920556428 0
3 D -112.512889282 0
3 E -115.642324501 0
3 F -129.436909658 0
3 G -110.847848425 0
3 H -123.060599628 0
3 I -114.95059502 0
3 K -110.674008788 0
3 L -115.366109445 0
3 M -119.28224678 0
3 N -117.052933054 0
3 P -21.0474453223 0
3 Q -114.3329079 0
3 R -113.06949846 0
3 S -114.136341175 0
3 T -113.648041154 0
3 V -114.830519638 0
3 W -45.2449071875 0
3 Y -128.513812166 1
4 A -121.086057417 0
4 C -120.108572015 0
4 D -117.087807486 0
4 E -118.587618604 0
4 F -123.317276248 0
4 G -117.168454093 0
4 H -123.222888691 0
4 I -120.904130725 0
4 K -122.798478954 1
4 L -119.617307803 0
4 M -122.424795736 0
4 N -119.427511237 0
4 P -39.5561637175 0
4 Q -120.830705918 0
4 R -122.752272723 0
4 S -120.596957713 0
4 T -122.691632994 0
4 V -122.911734258 0
4 W -119.244573886 0
4 Y -122.729818648 0
5 A -114.468424347 0
5 C -115.443490125 0
5 D -112.83053188 0
5 E -115.616903325 0
5 F -106.363104597 0
5 G -110.030384571 0
5 H -117.027957468 0
5 I -117.417744221 0
5 K -107.758085749 0
5 L -125.611830936 1
5 M -117.97025244 0
5 N -115.949061205 0
5 P -6.05224433782 0
5 Q -119.270036264 0
5 R -111.237016767 0
5 S -114.738146284 0
5 T -109.672674631 0
5 V -115.836870666 0
5 W -105.054166186 0
5 Y -106.683736429 0
6 A -120.519323976 0
6 C -118.888639532 0
6 D -116.104146614 0
6 E -120.966081325 0
6 F -117.008243854 0
6 G -114.537220575 0
6 H -119.736539949 0
6 I -124.110352441 1
6 K -121.11167553 0
6 L -122.457141034 0
6 M -120.216714239 0
6 N -120.163071891 0
6 P -33.405050231 0
6 Q -122.016920251 0
6 R -121.394392509 0
6 S -119.954532696 0
6 T -120.092240844 0
6 V -123.572351235 0
6 W -117.497226352 0
6 Y -116.247499143 0
7 A -117.239145457 0
7 C -117.92185491 0
7 D -118.499004675 0
7 E -118.957375463 0
7 F -117.030761098 0
7 G -113.400780165 0
7 H -118.641123966 0
7 I -122.267445766 0
7 K -113.478356148 0
7 L -125.034891985 1
7 M -120.661356681 0
7 N -119.782575333 0
7 P -58.9522456533 0
7 Q -119.652375988 0
7 R -116.747696253 0
7 S -117.334431418 0
7 T -117.192826229 0
7 V -116.631621734 0
7 W -105.230620527 0
7 Y -111.28768933 0
8 A -123.412443755 0
8 C -123.150756834 0
8 D -125.646511325 0
8 E -125.396614082 0
8 F -124.738344424 0
8 G -119.512282747 0
8 H -125.532122907 0
8 I -127.830096015 0
8 K -125.923469807 0
8 L -127.541212086 0
8 M -124.32500714 0
8 N -125.720099888 1
8 P -32.8381428741 0
8 Q -124.218508019 0
8 R -126.549648904 0
8 S -125.863257903 0
8 T -124.239310089 0
8 V -127.325170285 0
8 W -123.162151144 0
8 Y -124.697068282 0
9 A -98.271472904 0
9 C -80.8480976178 0
9 D -78.7975932849 0
9 E -53.6813694813 0
9 F 95.6286295247 0
9 G -126.397076382 1
9 H -7.89580871963 0
9 I -36.6599812325 0
9 K -42.2171183904 0
9 L 54.009142936 0
9 M -46.3738032294 0
9 N -63.9600057691 0
9 P -59.0350392281 0
9 Q -24.2930740961 0
9 R 50.3362049201 0
9 S -89.3169365526 0
9 T -87.5336817637 0
9 V -64.8693211233 0
9 W 210.90053614 0
9 Y 79.7533237008 0
10 A -122.195854319 0
10 C -120.686337398 0
10 D -124.811816734 0
10 E -124.710485574 0
10 F -121.817639606 0
10 G -122.03351011 0
10 H -124.323251662 0
10 I -121.73887002 0
10 K -124.552481686 1
10 L -124.205610155 0
10 M -122.688119607 0
10 N -123.755645593 0
10 P -121.549463928 0
10 Q -122.549587703 0
10 R -123.531621806 0
10 S -124.788648615 0
10 T -124.909621036 0
10 V -121.853488478 0
10 W -122.776593455 0
10 Y -121.888328616 0
11 A -121.157219256 0
11 C -119.070140397 0
11 D -122.82416598 0
11 E -120.846661357 0
11 F -123.423175288 0
11 G -121.308664446 0
11 H -123.745934677 0
11 I -127.796889144 0
11 K -122.565673868 0
11 L -125.246647548 0
11 M -120.313285721 0
11 N -124.872210367 0
11 P -94.195349208 0
11 Q -120.530115248 0
11 R -122.590609737 0
11 S -121.536042448 0
11 T -123.618110808 1
11 V -124.143575502 0
11 W -119.656947667 0
11 Y -122.931541019 0
12 A -123.369247937 0
12 C -122.519866299 0
12 D -122.702166507 0
12 E -124.200404618 0
12 F -125.281478884 0
12 G -118.738850917 0
12 H -123.434610896 0
12 I -119.995978963 0
12 K -124.367852215 0
12 L -126.581914782 1
12 M -122.664411567 0
12 N -123.062250734 0
12 P -74.09137695 0
12 Q -124.172711578 0
12 R -124.912515373 0
12 S -124.519074898 0
12 T -122.154127061 0
12 V -123.706013108 0
12 W -121.02449325 0
12 Y -125.375954049 0
13 A -123.835972525 0
13 C -121.774557567 0
13 D -121.136892147 0
13 E -124.901579486 0
13 F -124.483330141 0
13 G -122.125373268 0
13 H -124.81034923 0
13 I -124.902479901 0
13 K -125.241864675 1
13 L -123.101140961 0
13 M -124.088778123 0
13 N -126.377252889 0
13 P -118.236650057 0
13 Q -124.76047878 0
13 R -126.546768572 0
13 S -124.944466521 0
13 T -126.523348575 0
13 V -126.562576946 0
13 W -124.018682849 0
13 Y -124.579209079 0
14 A -111.683749689 0
14 C -114.093796938 0
14 D -111.936362737 0
14 E -114.16219292 0
14 F -103.793843329 0
14 G -123.740491024 1
14 H -109.848300257 0
14 I -107.618246951 0
14 K -114.02372149 0
14 L -111.847167019 0
14 M -112.879045607 0
14 N -112.524460555 0
14 P -71.0555931828 0
14 Q -111.980395563 0
14 R -114.727217925 0
14 S -112.703127529 0
14 T -111.396085757 0
14 V -101.920849288 0
14 W -83.0941437568 0
14 Y -103.360601094 0
15 A -122.710983399 0
15 C -121.672181637 0
15 D -119.299194775 0
15 E -124.487210831 1
15 F -121.11757373 0
15 G -119.366102637 0
15 H -121.392693563 0
15 I -125.18957707 0
15 K -120.876589211 0
15 L -115.489800758 0
15 M -121.246142545 0
15 N -119.842848168 0
15 P -104.812432324 0
15 Q -122.780559108 0
15 R -119.635191627 0
15 S -122.762368413 0
15 T -123.5416002 0
15 V -123.742527287 0
15 W -122.109709326 0
15 Y -121.633999582 0
16 A -122.574891789 0
16 C -121.36376339 0
16 D -122.070934633 0
16 E -122.843271173 0
16 F -120.937426159 0
16 G -120.629651809 0
16 H -123.686190874 0
16 I -127.440633551 0
16 K -123.676925978 0
16 L -120.680753331 0
16 M -123.730511983 0
16 N -122.087475689 0
16 P -66.4809528101 0
16 Q -122.274240402 0
16 R -124.510823971 0
16 S -123.792996402 0
16 T -125.10477882 1
16 V -127.379294215 0
16 W -122.669771378 0
16 Y -121.458615072 0
17 A -123.430288108 0
17 C -122.817492042 0
17 D -122.573344827 0
17 E -126.609477465 0
17 F -125.25766205 0
17 G -122.669405438 0
17 H -125.256943355 0
17 I -127.482025171 0
17 K -125.610466932 0
17 L -122.342299527 0
17 M -123.835026096 0
17 N -124.250644717 0
17 P -109.845709589 0
17 Q -124.824715721 0
17 R -125.425379715 0
17 S -124.655801941 0
17 T -127.740357634 1
17 V -127.642270688 0
17 W -124.436155601 0
17 Y -125.306637337 0
18 A -124.227236005 0
18 C -123.991455907 0
18 D -120.602407531 0
18 E -123.159851424 0
18 F -124.515484624 0
18 G -119.716712612 0
18 H -124.594216739 0
18 I -125.034489007 0
18 K -121.935086028 0
18 L -96.5920554146 0
18 M -121.234800264 0
18 N -122.589308903 0
18 P -75.1959047045 0
18 Q -121.17451093 0
18 R -123.194930719 0
18 S -124.100646786 0
18 T -126.190620378 1
18 V -125.920639495 0
18 W -123.466366747 0
18 Y -124.590486131 0
19 A -123.714103849 0
19 C -122.844546035 0
19 D -124.193898156 0
19 E -125.928641508 1
19 F -124.57075007 0
19 G -122.024876696 0
19 H -124.533348871 0
19 I -127.078877101 0
19 K -125.481828378 0
19 L -126.593868677 0
19 M -123.720603899 0
19 N -124.624310185 0
19 P -121.637480648 0
19 Q -125.711695002 0
19 R -124.887001096 0
19 S -125.499877285 0
19 T -124.98301279 0
19 V -126.149343278 0
19 W -123.899435273 0
19 Y -124.71918238 0
20 A -126.123343719 1
20 C -123.58146771 0
20 D -115.192173739 0
20 E -110.903924302 0
20 F -51.8901405955 0
20 G -120.768762585 0
20 H -71.9100804155 0
20 I -94.2801831207 0
20 K -105.057404539 0
20 L 46.2508502711 0
20 M -110.006844683 0
20 N -115.455526563 0
20 P -77.3624496597 0
20 Q -114.043156154 0
20 R -111.65037111 0
20 S -122.665325527 0
20 T -118.945610324 0
20 V -112.069293624 0
20 W -96.0395375381 0
20 Y -27.6099408528 0
21 A -126.097526549 0
21 C -123.670779331 0
21 D -127.679606088 0
21 E -128.589067185 0
21 F -124.212932758 0
21 G -125.002152534 0
21 H -126.028286025 0
21 I -124.942395201 0
21 K -127.131635493 0
21 L -126.679681904 0
21 M -125.723813616 0
21 N -126.301025198 0
21 P -124.669019001 0
21 Q -125.990921473 0
21 R -126.733164791 0
21 S -126.657164056 0
21 T -125.607176963 0
21 V -125.127669828 1
21 W -124.658488129 0
21 Y -124.104464619 0
22 A -117.180766314 0
22 C -116.785285906 0
22 D -124.39884689 1
22 E -117.552358967 0
22 F -115.698791931 0
22 G -116.882112273 0
22 H -119.702063163 0
22 I -112.611284453 0
22 K -115.828561098 0
22 L -113.530624334 0
22 M -115.529532448 0
22 N -121.785319342 0
22 P -82.7875121449 0
22 Q -114.755296106 0
22 R -115.369825929 0
22 S -118.408540068 0
22 T -117.886487114 0
22 V -114.388123423 0
22 W -105.816176842 0
22 Y -115.341264222 0
23 A -132.780868769 1
23 C -128.280194297 0
23 D -132.641795127 0
23 E -132.993228684 0
23 F -130.633515563 0
23 G -128.858948913 0
23 H -133.871813305 0
23 I -126.450355932 0
23 K -131.747186295 0
23 L -131.270261473 0
23 M -130.622630424 0
23 N -130.994971386 0
23 P -122.883460857 0
23 Q -130.63583131 0
23 R -133.275663745 0
23 S -132.18610731 0
23 T -128.120599736 0
23 V -129.857177011 0
23 W -133.484965069 0
23 Y -130.787114168 0
24 A -129.58673413 0
24 C -126.141342476 0
24 D -130.110719315 0
24 E -129.412790139 1
24 F -127.60602445 0
24 G -128.500931292 0
24 H -128.989592254 0
24 I -128.862289563 0
24 K -130.21323923 0
24 L -129.720527148 0
24 M -128.296043499 0
24 N -129.115938225 0
24 P -119.588426371 0
24 Q -126.878628724 0
24 R -130.00822725 0
24 S -129.685553876 0
24 T -125.697672517 0
24 V -129.564757597 0
24 W -126.860347517 0
24 Y -127.348921701 0
25 A -130.247496314 0
25 C -127.247155823 0
25 D -133.105354721 0
25 E -136.550277 0
25 F -133.12046901 0
25 G -128.233267162 0
25 H -134.160544955 0
25 I -133.023517407 0
25 K -129.888511041 0
25 L -135.17486783 0
25 M -132.636861556 0
25 N -131.808144937 0
25 P -58.597381217 0
25 Q -134.954751262 0
25 R -129.4999578 0
25 S -129.735171649 0
25 T -132.362836555 1
25 V -134.054987427 0
25 W -131.77501583 0
25 Y -133.241632692 0
26 A -132.404250627 1
26 C -116.049588175 0
26 D -105.758546257 0
26 E -91.5752750416 0
26 F 106.219584632 0
26 G -126.863754036 0
26 H 5.77898860861 0
26 I -98.4743885966 0
26 K -27.5104697215 0
26 L -69.4042924183 0
26 M -17.2321595829 0
26 N -105.547496833 0
26 P 86.4378720414 0
26 Q -77.8553902404 0
26 R -63.0289083692 0
26 S -126.199967919 0
26 T -98.3996296341 0
26 V -81.1746056004 0
26 W 369.213582386 0
26 Y 191.950773307 0
27 A -133.233251546 0
27 C -128.155648064 0
27 D -132.408705111 0
27 E -132.431986371 1
27 F -126.017759483 0
27 G -130.879576502 0
27 H -130.328878558 0
27 I -93.3133486936 0
27 K -130.956547672 0
27 L -133.523265012 0
27 M -129.600507733 0
27 N -128.316326666 0
27 P 199.391183183 0
27 Q -130.42016613 0
27 R -130.095203009 0
27 S -130.682699816 0
27 T -129.395472331 0
27 V -93.591484745 0
27 W -128.669290314 0
27 Y -124.53694138 0
28 A -129.111519307 0
28 C -128.948517509 0
28 D -129.982162962 0
28 E -128.980593346 0
28 F -128.346108456 0
28 G -127.623073166 0
28 H -130.845519007 0
28 I -130.77292492 0
28 K -131.157482587 0
28 L -131.230801223 0
28 M -129.16510841 0
28 N -130.871392737 0
28 P 164.957320751 0
28 Q -128.861680844 0
28 R -131.80116123 1
28 S -128.370571663 0
28 T -129.416567661 0
28 V -128.019226183 0
28 W -129.879643625 0
28 Y -126.156805256 0
29 A -132.605990269 0
29 C -130.03421472 0
29 D -135.764488154 0
29 E -132.216717147 0
29 F -133.696977836 0
29 G -130.726011987 0
29 H -133.568307417 0
29 I -139.098905331 0
29 K -138.434840505 0
29 L -138.506482434 0
29 M -135.801171489 0
29 N -136.028120703 0
29 P 14.2750653239 0
29 Q -137.193214893 0
29 R -133.532191863 0
29 S -132.009557 0
29 T -132.530858566 0
29 V -133.808471951 1
29 W -135.851582233 0
29 Y -133.321470866 0
30 A -121.462149267 0
30 C -120.940825657 0
30 D -120.50371357 0
30 E -117.964561235 0
30 F -131.454357308 1
30 G -118.011344437 0
30 H -125.746378439 0
30 I -79.1344571006 0
30 K -110.370435251 0
30 L -121.672004381 0
30 M -126.274749646 0
30 N -123.303679224 0
30 P 93.0753942684 0
30 Q -120.226207228 0
30 R -113.068908044 0
30 S -119.745181122 0
30 T -118.135630099 0
30 V -101.233098174 0
30 W -104.488811471 0
30 Y -125.477240314 0
31 A -131.623813553 0
31 C -130.234797925 0
31 D -129.698658809 0
31 E -130.864891521 0
31 F -124.121265762 0
31 G -129.674452399 0
31 H -129.379284942 0
31 I -131.876732686 0
31 K -131.240766149 1
31 L -132.769004422 0
31 M -132.989390216 0
31 N -130.186818732 0
31 P 196.769202126 0
31 Q -130.724261877 0
31 R -132.397832752 0
31 S -130.778944278 0
31 T -131.338849957 0
31 V -127.877763625 0
31 W -127.254599084 0
31 Y -120.936379496 0
32 A -132.593853944 0
32 C -129.676917363 0
32 D -132.139438067 0
32 E -133.764514849 1
32 F -130.278628957 0
32 G -131.166308009 0
32 H -131.751561511 0
32 I -132.497778096 0
32 K -133.205051341 0
32 L -132.910855497 0
32 M -132.580459884 0
32 N -132.06317688 0
32 P 93.3383264343 0
32 Q -132.190445796 0
32 R -132.682836105 0
32 S -131.648742036 0
32 T -132.361232329 0
32 V -132.097808362 0
32 W -130.618717267 0
32 Y -130.569813243 0
33 A -127.583356904 0
33 C -125.400619371 0
33 D -128.08342268 0
33 E -130.138292149 0
33 F -133.904360908 0
33 G -126.140248731 0
33 H -132.431667668 0
33 I -131.118619485 0
33 K -128.494899831 0
33 L -132.806044614 0
33 M -128.70310077 0
33 N -127.950511199 0
33 P 96.0336879839 0
33 Q -128.889404967 0
33 R -130.004048802 0
33 S -127.864259646 0
33 T -128.956963422 0
33 V -129.049591771 0
33 W -131.884938429 0
33 Y -134.031569752 1
34 A -128.510716431 1
34 C -128.399233388 0
34 D -122.598860113 0
34 E -79.1086756813 0
34 F -99.3385590445 0
34 G -124.353767377 0
34 H -95.3863576435 0
34 I -102.325777958 0
34 K -59.4973791839 0
34 L -113.163092826 0
34 M -85.5315023427 0
34 N -124.418618338 0
34 P 116.798942326 0
34 Q -67.1929061952 0
34 R -99.5251827773 0
34 S -125.278258602 0
34 T -126.063066677 0
34 V -113.04237403 0
34 W 223.93634515 0
34 Y -97.2587948462 0
35 A -123.373861529 0
35 C -120.753929807 0
35 D -127.132109153 0
35 E -124.003023614 0
35 F -123.381827448 0
35 G -121.919533214 0
35 H -125.667422912 0
35 I -122.573545772 0
35 K -126.867309997 1
35 L -126.951683397 0
35 M -123.566007949 0
35 N -125.555673833 0
35 P 124.106268798 0
35 Q -122.52050464 0
35 R -123.788133569 0
35 S -122.939644064 0
35 T -122.94322616 0
35 V -122.44624188 0
35 W -130.667097491 0
35 Y -123.412914555 0
36 A -125.467296149 0
36 C -122.167961801 0
36 D -123.628151442 0
36 E -124.722017778 0
36 F -122.245382352 0
36 G -123.338658842 0
36 H -123.721270671 0
36 I -122.493297024 0
36 K -124.486052345 1
36 L -123.779491466 0
36 M -123.463044089 0
36 N -124.593186109 0
36 P 181.517763246 0
36 Q -123.237497768 0
36 R -124.252529152 0
36 S -123.43060295 0
36 T -124.050248793 0
36 V -116.994958769 0
36 W -123.932056789 0
36 Y -122.177273224 0
37 A -122.132734823 0
37 C -121.876077797 0
37 D -120.900674474 0
37 E -123.213713774 0
37 F -113.451540284 0
37 G -120.437197206 0
37 H -122.520583942 0
37 I -106.325233195 0
37 K -123.716644948 0
37 L -122.546657126 0
37 M -124.006671009 0
37 N -124.292725288 1
37 P 132.181768249 0
37 Q -123.435365003 0
37 R -123.41829313 0
37 S -121.361156255 0
37 T -124.58663149 0
37 V -124.885194144 0
37 W -116.9394602 0
37 Y -113.185470622 0
38 A -121.12402751 0
38 C -120.173780291 0
38 D -122.49171949 0
38 E -122.168558538 0
38 F -121.223438851 0
38 G -125.623369206 1
38 H -123.157506087 0
38 I -82.0299609571 0
38 K -123.754012512 0
38 L -122.140082504 0
38 M -120.913758273 0
38 N -124.008544912 0
38 P -51.9184437324 0
38 Q -121.711129623 0
38 R -122.526001244 0
38 S -120.183916605 0
38 T -113.851794373 0
38 V -88.7860045295 0
38 W -120.214202431 0
38 Y -121.017960909 0
39 A -121.804656144 0
39 C -123.219922083 0
39 D -116.638222482 0
39 E -111.94468043 0
39 F -89.0806847972 0
39 G -114.60148222 0
39 H -103.79217957 0
39 I -125.387944963 0
39 K -104.576115535 0
39 L -104.328848269 0
39 M -113.674048026 0
39 N -121.385381287 0
39 P 69.4590323723 0
39 Q -110.029528816 0
39 R -102.018144217 0
39 S -120.195223907 0
39 T -123.151970887 0
39 V -129.017269156 1
39 W 14.9195762988 0
39 Y -83.7452011828 0
40 A -122.5613534 0
40 C -120.322232824 0
40 D -126.157842765 1
40 E -125.919613152 0
40 F -121.388462526 0
40 G -133.479016384 0
40 H -123.061811635 0
40 I -122.421410008 0
40 K -125.99434428 0
40 L -128.372460808 0
40 M -121.257860127 0
40 N -124.81797437 0
40 P -119.860623777 0
40 Q -122.651425553 0
40 R -124.770277312 0
40 S -132.970184747 0
40 T -133.453580485 0
40 V -122.467783052 0
40 W -122.435893062 0
40 Y -124.342152965 0
41 A -57.4514487689 0
41 C 226.301306368 0
41 D 225.795949838 0
41 E 238.099641947 0
41 F 696.361152337 0
41 G -130.070164437 1
41 H 370.829972928 0
41 I 643.35750439 0
41 K 270.964090892 0
41 L 1088.9273401 0
41 M 229.743273806 0
41 N 331.778821929 0
41 P -22.3842243063 0
41 Q 244.184569036 0
41 R 250.363404759 0
41 S -8.59810130409 0
41 T 146.376083681 0
41 V 598.261068938 0
41 W 692.880811743 0
41 Y 700.495502106 0
42 A -125.642858823 0
42 C -123.970728579 0
42 D -126.687527737 0
42 E -127.635678294 1
42 F -126.33857125 0
42 G -124.633382568 0
42 H -126.574434103 0
42 I -127.374494908 0
42 K -127.398480689 0
42 L -127.121740368 0
42 M -125.938125626 0
42 N -126.449399229 0
42 P -7.64676593265 0
42 Q -125.70944583 0
42 R -126.910562002 0
42 S -127.0048134 0
42 T -126.536107901 0
42 V -127.163748249 0
42 W -125.78482755 0
42 Y -126.60313097 0
43 A -114.659940376 0
43 C -117.433837106 0
43 D -116.53208903 0
43 E -113.400515247 0
43 F -123.162699824 0
43 G -110.817347446 0
43 H -121.612451769 0
43 I -117.789533222 0
43 K -113.0686761 0
43 L -120.082207003 0
43 M -115.527555524 0
43 N -114.920965238 0
43 P -108.825950027 0
43 Q -117.780970202 0
43 R -111.84541669 0
43 S -113.842358598 0
43 T -118.643776718 0
43 V -121.084482316 0
43 W -128.782899946 1
43 Y -121.688580957 0
44 A -123.094005246 0
44 C -121.701136564 0
44 D -121.988897983 0
44 E -124.472938898 0
44 F -125.502206666 0
44 G -120.956229947 0
44 H -124.074611327 0
44 I -125.347174645 0
44 K -125.922656023 0
44 L -124.813410176 0
44 M -124.313316638 0
44 N -123.065588361 0
44 P -39.3115227243 0
44 Q -124.398842286 0
44 R -125.666606984 0
44 S -123.93835371 0
44 T -124.189259969 1
44 V -125.25675227 0
44 W -124.822079335 0
44 Y -125.058818224 0
45 A -111.64682244 0
45 C -113.152757733 0
45 D -110.522767902 0
45 E -110.880649506 0
45 F -122.008701345 0
45 G -107.423545058 0
45 H -117.454098591 0
45 I -113.497320025 0
45 K -112.355496021 0
45 L -117.482879638 0
45 M -112.507361253 0
45 N -114.081388803 0
45 P -99.7433980383 0
45 Q -106.500654013 0
45 R -111.610133361 0
45 S -112.676103524 0
45 T -113.526854178 0
45 V -115.143996965 0
45 W -115.815672904 0
45 Y -122.695763103 1
46 A -120.839796963 0
46 C -120.746019027 0
46 D -122.369917883 1
46 E -122.724922268 0
46 F -122.814492734 0
46 G -117.182494668 0
46 H -123.053904337 0
46 I -125.230223914 0
46 K -122.119041598 0
46 L -123.572058988 0
46 M -121.546501773 0
46 N -123.393928905 0
46 P -26.7472577718 0
46 Q -121.802600609 0
46 R -121.898318184 0
46 S -121.786215868 0
46 T -122.763430864 0
46 V -124.692270544 0
46 W -121.586548177 0
46 Y -122.61737824 0
47 A -120.179488788 0
47 C -116.49545193 0
47 D -122.238557351 1
47 E -120.824868476 0
47 F -117.894893199 0
47 G -118.612774774 0
47 H -120.900706514 0
47 I -118.000476207 0
47 K -120.056323293 0
47 L -120.26255697 0
47 M -118.516232899 0
47 N -118.497106571 0
47 P -119.632222341 0
47 Q -118.057614926 0
47 R -119.37650461 0
47 S -121.397276919 0
47 T -119.145067813 0
47 V -118.264615889 0
47 W -119.937382203 0
47 Y -117.905221603 0
48 A -122.188152718 1
48 C -118.825741088 0
48 D -119.810201389 0
48 E -122.760032443 0
48 F -119.267078792 0
48 G -120.320931512 0
48 H -121.080274848 0
48 I -120.308906206 0
48 K -122.224686912 0
48 L -121.719832199 0
48 M -120.542941021 0
48 N -120.927788438 0
48 P -105.634191258 0
48 Q -120.960415712 0
48 R -122.220615971 0
48 S -120.820623726 0
48 T -120.895763416 0
48 V -120.786804226 0
48 W -119.127647997 0
48 Y -119.375157049 0
49 A -121.354646635 0
49 C -120.504835924 0
49 D -121.225023542 0
49 E -122.130201835 0
49 F -120.199828491 0
49 G -120.637721645 0
49 H -123.859252281 0
49 I -118.870882552 0
49 K -123.42927726 0
49 L -123.150823137 0
49 M -121.65551929 0
49 N -123.51078746 0
49 P -97.6490572616 0
49 Q -122.070644151 0
49 R -124.419989199 0
49 S -121.793684715 0
49 T -122.783078804 1
49 V -120.519784077 0
49 W -120.279008866 0
49 Y -120.160465055 0
50 A -121.852225687 0
50 C -119.731157398 0
50 D -121.259845901 0
50 E -119.978772944 0
50 F -122.156772598 0
50 G -119.932209576 0
50 H -122.704542979 0
50 I -71.8735472941 0
50 K -122.503253447 1
50 L -122.633839568 0
50 M -121.163086972 0
50 N -124.481532472 0
50 P -74.528902299 0
50 Q -120.902151996 0
50 R -122.414011357 0
50 S -120.935738074 0
50 T -116.280263767 0
50 V -105.825799377 0
50 W -120.279102146 0
50 Y -122.112048972 0
51 A -119.211241182 0
51 C -118.440714433 0
51 D -113.486005845 0
51 E -112.072105777 0
51 F -106.114914175 0
51 G -114.334740506 0
51 H -105.190562332 0
51 I -104.971811327 0
51 K -116.445962441 0
51 L -81.3268784141 0
51 M -115.92294997 0
51 N -117.563372993 0
51 P 68.5429809679 0
51 Q -111.646349048 0
51 R -113.921712426 0
51 S -118.864134465 0
51 T -123.497704308 1
51 V -119.183139405 0
51 W -105.546104692 0
51 Y -106.307483872 0
52 A -112.45763033 0
52 C -111.994354287 0
52 D -111.12991555 0
52 E -118.501826806 0
52 F -125.855194051 1
52 G -107.179907266 0
52 H -116.561651048 0
52 I -101.772739244 0
52 K -107.91437651 0
52 L -116.656585481 0
52 M -116.617410093 0
52 N -113.26000335 0
52 P -19.0312130953 0
52 Q -108.599846959 0
52 R -114.140058525 0
52 S -111.470098024 0
52 T -109.664944295 0
52 V -116.971777639 0
52 W -119.772881317 0
52 Y -121.220754233 0
53 A -122.72926645 0
53 C -122.610608481 0
53 D -123.663941407 0
53 E -124.8456397 0
53 F -118.625729029 0
53 G -119.339501169 0
53 H -121.445778619 0
53 I -127.697915641 0
53 K -125.962499199 0
53 L -124.164493841 0
53 M -124.402795764 0
53 N -123.133144164 0
53 P -61.2596211129 0
53 Q -124.029913451 0
53 R -124.407810071 0
53 S -123.37928294 0
53 T -124.809565858 1
53 V -127.704527411 0
53 W -111.855569608 0
53 Y -120.499073686 0
54 A -122.266482546 0
54 C -122.443109653 0
54 D -115.272688764 0
54 E -113.532436194 0
54 F 668.150726858 0
54 G -113.541821673 0
54 H 229.216280092 0
54 I -124.297257054 0
54 K -106.06646038 0
54 L -113.460301629 0
54 M -109.985993113 0
54 N -121.847338901 0
54 P -63.1184194207 0
54 Q -103.891731776 0
54 R -104.663330382 0
54 S -121.728987886 0
54 T -124.194792849 0
54 V -130.159603192 1
54 W 257.724128538 0
54 Y 874.456952811 0
55 A -127.452229968 0
55 C -126.604920935 0
55 D -129.436239768 0
55 E -128.934007798 0
55 F -131.25877019 0
55 G -124.670257451 0
55 H -130.097955625 0
55 I -131.227767742 0
55 K -129.435452873 0
55 L -130.780378787 0
55 M -128.619379119 0
55 N -129.254415669 0
55 P -73.8573497396 0
55 Q -130.817104127 0
55 R -129.126199413 0
55 S -128.046865612 0
55 T -129.208861668 1
55 V -130.862504878 0
55 W -131.019637467 0
55 Y -130.842140862 0
56 A -123.562623209 0
56 C -125.594590963 0
56 D -122.859865242 0
56 E -130.19887545 1
56 F -121.657273822 0
56 G -122.596942952 0
56 H -124.562224735 0
56 I -124.411326114 0
56 K -123.018230896 0
56 L -125.633718054 0
56 M -123.420859495 0
56 N -120.996968357 0
56 P 94.4330775249 0
56 Q -122.924501458 0
56 R -122.025898854 0
56 S -122.947359156 0
56 T -124.111057377 0
56 V -128.218212737 0
56 W -121.125469153 0
56 Y -121.862583495 0
