1 A -369.61498065 0
1 C -367.599475722 0
1 D -372.791268567 0
1 E -371.914186611 0
1 F -368.415085714 0
1 G -370.516069393 0
1 H -370.625821147 0
1 I -368.647386335 0
1 K -370.741377857 0
1 L -369.888565558 0
1 M -368.963405339 0
1 N -370.607350663 0
1 P -373.550884525 0
1 Q -370.44065543 0
1 R -370.082274338 0
1 S -371.462009323 0
1 T -369.044519662 0
1 V -368.197019451 1
1 W -368.719723848 0
1 Y -368.279553077 0
2 A -361.150199109 0
2 C -360.923360269 0
2 D -355.518884221 0
2 E -357.607352165 0
2 F -20.0235050286 0
2 G -358.405810355 0
2 H -335.201558818 0
2 I -356.238948969 0
2 K -353.874614721 0
2 L -370.306490504 1
2 M -361.825008631 0
2 N -360.237966861 0
2 P -356.157095938 0
2 Q -361.529773761 0
2 R -343.149049424 0
2 S -360.815462411 0
2 T -360.649772034 0
2 V -358.315707461 0
2 W -81.8339865498 0
2 Y 354.747429033 0
3 A -370.30299532 0
3 C -368.100240969 0
3 D -373.215111116 0
3 E -371.293274683 0
3 F -368.372128607 0
3 G -370.76766113 0
3 H -372.035650933 0
3 I -363.134466298 0
3 K -370.5800165 0
3 L -370.595416294 0
3 M -369.416485074 0
3 N -369.841583572 0
3 P -362.31744283 0
3 Q -369.400486582 0
3 R -370.279858509 0
3 S -373.977050328 1
3 T -372.758716253 0
3 V -363.385332944 0
3 W -368.38071931 0
3 Y -368.261068471 0
4 A -366.795847249 0
4 C -363.472372156 0
4 D -368.468218868 0
4 E -370.029205804 1
4 F -363.773365193 0
4 G -365.645960443 0
4 H -367.239512626 0
4 I -366.306406165 0
4 K -367.686161192 0
4 L -367.036312593 0
4 M -365.828155407 0
4 N -366.799297348 0
4 P -364.691511229 0
4 Q -366.153268237 0
4 R -367.199962694 0
4 S -367.624090774 0
4 T -366.779844771 0
4 V -366.351718938 0
4 W -366.382713607 0
4 Y -364.008348956 0
5 A -371.756985987 0
5 C -368.667759162 0
5 D -372.839435646 0
5 E -374.137959106 0
5 F -373.362335823 0
5 G -370.801530042 1
5 H -373.10292172 0
5 I -372.410239516 0
5 K -372.780196274 0
5 L -372.366057548 0
5 M -371.139038698 0
5 N -371.249917574 0
5 P -353.094225951 0
5 Q -371.389223255 0
5 R -372.728038451 0
5 S -372.04814414 0
5 T -372.181615382 0
5 V -372.386198572 0
5 W -374.070094211 0
5 Y -373.579089147 0
6 A -368.875875824 0
6 C -365.322873904 0
6 D -370.248719404 0
6 E -374.490432909 1
6 F -365.302698751 0
6 G -363.150253985 0
6 H -369.458536619 0
6 I -355.243502705 0
6 K -365.616710071 0
6 L -369.421678944 0
6 M -366.739798418 0
6 N -368.071545325 0
6 P -337.72481255 0
6 Q -370.137899264 0
6 R -365.923660109 0
6 S -366.234783727 0
6 T -363.626921219 0
6 V -312.307041799 0
6 W -358.974407313 0
6 Y -365.357433207 0
7 A -361.235230105 0
7 C -359.939844373 0
7 D -358.726717231 0
7 E -361.431789732 0
7 F -365.575739277 0
7 G -358.020678189 0
7 H -364.102567113 0
7 I -350.794773409 0
7 K -356.720464173 0
7 L -357.029410839 0
7 M -359.069019258 0
7 N -361.752835262 0
7 P -162.187463207 0
7 Q -361.492818889 0
7 R -363.038767993 0
7 S -359.116664958 0
7 T -357.761933198 0
7 V -333.296901426 0
7 W -372.40262201 1
7 Y -366.166690574 0
8 A -371.337057838 0
8 C -369.312234051 0
8 D -369.707778432 0
8 E -370.911990899 0
8 F -368.934556645 0
8 G -370.002032925 0
8 H -370.065870756 0
8 I -371.543275962 0
8 K -371.929047593 0
8 L -374.249256998 0
8 M -372.964297392 0
8 N -373.540969072 0
8 P -85.4676268551 0
8 Q -372.419231881 1
8 R -373.554413017 0
8 S -370.45038236 0
8 T -369.958890395 0
8 V -369.776044831 0
8 W -371.284312936 0
8 Y -368.663567571 0
9 A -369.137884244 0
9 C -366.677283342 0
9 D -368.318997266 0
9 E -369.222914241 0
9 F -367.835096033 0
9 G -366.023094053 0
9 H -368.587218711 0
9 I -360.501285379 0
9 K -369.283873708 0
9 L -372.968181733 1
9 M -370.450167976 0
9 N -368.79571824 0
9 P -156.522266398 0
9 Q -369.803806489 0
9 R -370.533827259 0
9 S -367.74891314 0
9 T -365.61615198 0
9 V -358.598923546 0
9 W -369.699030001 0
9 Y -367.931385071 0
10 A -365.802797983 0
10 C -365.835014054 0
10 D -361.285393427 0
10 E -357.750633734 0
10 F -324.667952518 0
10 G -361.897114803 0
10 H -353.888664125 0
10 I -370.334358993 0
10 K -342.568153074 0
10 L -364.700379652 0
10 M -361.019938249 0
10 N -368.853771953 0
10 P -205.107217582 0
10 Q -352.403670467 0
10 R -327.009434537 0
10 S -364.242259137 0
10 T -367.103787606 0
10 V -372.401951166 1
10 W -166.717207365 0
10 Y -333.74501672 0
11 A -368.836315423 0
11 C -367.901174041 0
11 D -370.031292669 0
11 E -369.447986421 0
11 F -367.263535209 0
11 G -367.267521455 0
11 H -371.304560187 0
11 I -370.337365412 0
11 K -369.410769627 0
11 L -374.287604788 1
11 M -370.31331906 0
11 N -370.539828566 0
11 P -187.499370502 0
11 Q -371.18253101 0
11 R -370.061903736 0
11 S -368.749502109 0
11 T -368.448153436 0
11 V -368.869603877 0
11 W -368.455458278 0
11 Y -368.188769316 0
12 A -372.223728951 0
12 C -369.232597024 0
12 D -370.691287078 0
12 E -372.552880529 0
12 F -370.807346189 0
12 G -371.110025359 0
12 H -372.718530844 1
12 I -366.630242195 0
12 K -373.02266056 0
12 L -372.750177722 0
12 M -371.447507147 0
12 N -371.703827696 0
12 P 12.8544041611 0
12 Q -370.830023863 0
12 R -373.287577797 0
12 S -372.363353135 0
12 T -373.060012517 0
12 V -347.260226389 0
12 W -372.332722294 0
12 Y -369.718106103 0
13 A -371.27352042 0
13 C -369.983438574 0
13 D -367.262884758 0
13 E -366.662208122 0
13 F -262.934792066 0
13 G -367.425084778 0
13 H -364.732229647 0
13 I -373.092052595 0
13 K -362.210179063 0
13 L -368.407919357 0
13 M -367.220114057 0
13 N -369.307261424 0
13 P -262.94036897 0
13 Q -365.719497894 0
13 R -352.343403569 0
13 S -369.712448427 0
13 T -371.846763493 0
13 V -376.302736717 1
13 W -220.982918224 0
13 Y -197.957580032 0
14 A -361.333752248 0
14 C -360.419291203 0
14 D -360.278236662 0
14 E -362.873378304 0
14 F -341.176881453 0
14 G -358.355891887 0
14 H -360.828108758 0
14 I -360.502519467 0
14 K -356.763074491 0
14 L -364.972401187 0
14 M -364.502481631 0
14 N -360.247602083 0
14 P -110.732239052 0
14 Q -362.668224279 0
14 R -359.40011409 0
14 S -359.49034113 0
14 T -361.259558605 0
14 V -359.773741459 0
14 W -369.748774876 1
14 Y -317.789031101 0
15 A -368.763520664 1
15 C -366.048019696 0
15 D -366.415027847 0
15 E -367.447350141 0
15 F -365.515275023 0
15 G -367.190382355 0
15 H -367.965088051 0
15 I -364.437268552 0
15 K -368.092716466 0
15 L -367.486808954 0
15 M -366.615893083 0
15 N -367.660770919 0
15 P -13.0073134839 0
15 Q -366.69232442 0
15 R -366.886037515 0
15 S -366.056925182 0
15 T -366.808108638 0
15 V -361.472036142 0
15 W -371.968760689 0
15 Y -365.134053104 0
16 A -368.711016001 0
16 C -366.301397283 0
16 D -368.380554998 0
16 E -369.676521153 0
16 F -368.586927785 0
16 G -366.859252273 0
16 H -369.930463419 0
16 I -366.395456752 0
16 K -370.913536289 1
16 L -371.076389345 0
16 M -370.020603537 0
16 N -368.599807072 0
16 P -192.620379558 0
16 Q -369.381709131 0
16 R -369.383896185 0
16 S -367.364498852 0
16 T -366.780875847 0
16 V -312.227135125 0
16 W -368.576662415 0
16 Y -368.399518178 0
17 A -365.6335955 0
17 C -363.901615422 0
17 D -360.944171086 0
17 E -360.510497531 0
17 F -349.106232342 0
17 G -361.354597372 0
17 H -352.899707349 0
17 I -361.898034769 0
17 K -350.738173717 0
17 L -368.820184951 0
17 M -363.869196421 0
17 N -363.561174925 0
17 P -112.380762221 0
17 Q -360.141684427 0
17 R -350.828363305 0
17 S -363.178131785 0
17 T -366.561945779 0
17 V -371.178088708 1
17 W -348.814563323 0
17 Y -331.369455152 0
18 A -364.774565649 0
18 C -364.045520261 0
18 D -367.484076897 0
18 E -368.65554829 1
18 F -361.58064218 0
18 G -363.447638306 0
18 H -362.30156217 0
18 I -362.472092179 0
18 K -363.57185769 0
18 L -366.731845787 0
18 M -366.34482507 0
18 N -365.465289528 0
18 P -119.72503843 0
18 Q -364.974011662 0
18 R -364.992131745 0
18 S -364.417986496 0
18 T -363.653335155 0
18 V -362.678510931 0
18 W -361.208072795 0
18 Y -360.88734481 0
19 A -369.259931422 1
19 C -367.583861614 0
19 D -367.895166562 0
19 E -369.425251893 0
19 F -366.036558025 0
19 G -368.491244673 0
19 H -368.706535007 0
19 I -365.177037011 0
19 K -369.475100044 0
19 L -369.850522361 0
19 M -368.743691435 0
19 N -368.833871591 0
19 P -79.6185414731 0
19 Q -368.746914908 0
19 R -369.705620343 0
19 S -368.944848259 0
19 T -366.7895222 0
19 V -366.424117213 0
19 W -368.315518727 0
19 Y -365.867760193 0
20 A -363.206769155 0
20 C -361.862757262 0
20 D -369.060256812 1
20 E -359.313508943 0
20 F -360.827270897 0
20 G -357.070962637 0
20 H -363.238519542 0
20 I -354.846969504 0
20 K -361.524835893 0
20 L -360.955862361 0
20 M -356.36432133 0
20 N -367.0954842 0
20 P -328.536186151 0
20 Q -360.142454214 0
20 R -361.489316931 0
20 S -361.087047237 0
20 T -357.089884145 0
20 V -355.428455467 0
20 W -354.411972141 0
20 Y -358.690863867 0
21 A -365.669024758 0
21 C -364.271863638 0
21 D -367.386376068 0
21 E -365.963434581 0
21 F -192.534576866 0
21 G -363.390930449 0
21 H -294.655884857 0
21 I -368.41238131 0
21 K -365.487303099 0
21 L -367.863437001 0
21 M -367.357867024 0
21 N -364.236915686 0
21 P -363.843396123 0
21 Q -364.497894906 0
21 R -365.895166536 0
21 S -365.544115216 0
21 T -367.308277105 0
21 V -369.172735653 1
21 W -266.342907658 0
21 Y -125.517770715 0
22 A -368.557472415 1
22 C -363.29649198 0
22 D -364.649367881 0
22 E -366.155198628 0
22 F -359.480740873 0
22 G -366.476080713 0
22 H -359.919729946 0
22 I -360.036609233 0
22 K -360.961244986 0
22 L -360.523763754 0
22 M -363.211457043 0
22 N -364.596930655 0
22 P -353.593387399 0
22 Q -364.792584879 0
22 R -363.144171036 0
22 S -367.655017667 0
22 T -360.867470373 0
22 V -363.032950556 0
22 W -357.48063442 0
22 Y -362.27176574 0
23 A -367.034511435 0
23 C -363.008150415 0
23 D -358.234507386 0
23 E -363.862480679 0
23 F -356.520927952 0
23 G -368.807420305 1
23 H -359.750784667 0
23 I -358.525542679 0
23 K -363.19740311 0
23 L -360.050571606 0
23 M -362.562165183 0
23 N -362.025931494 0
23 P -344.291355646 0
23 Q -363.939253671 0
23 R -362.582752801 0
23 S -366.019234141 0
23 T -361.240606735 0
23 V -359.441884025 0
23 W -359.228263162 0
23 Y -355.238171344 0
24 A -366.870557039 0
24 C -365.110353112 0
24 D -364.078261281 0
24 E -365.987018598 0
24 F -367.930460646 0
24 G -362.266495757 0
24 H -368.649742015 1
24 I -368.288971969 0
24 K -365.936100545 0
24 L -367.011136143 0
24 M -369.208142472 0
24 N -367.439338549 0
24 P -222.25955204 0
24 Q -364.848190315 0
24 R -350.841627777 0
24 S -364.481119622 0
24 T -367.024233411 0
24 V -369.8256134 0
24 W -238.335077309 0
24 Y -364.513218457 0
25 A -318.156793747 0
25 C -293.619644664 0
25 D -244.176651373 0
25 E 74.4920425978 0
25 F 402.83691397 0
25 G -368.131534808 1
25 H 66.0517926409 0
25 I 547.59528145 0
25 K -155.791578689 0
25 L 119.448030279 0
25 M -99.4964995954 0
25 N -239.712738789 0
25 P -22.8824454973 0
25 Q 18.860501595 0
25 R -186.259344102 0
25 S -312.150655164 0
25 T -260.804136643 0
25 V 185.988394598 0
25 W 806.004332404 0
25 Y 511.893818411 0
26 A -367.092213049 0
26 C -365.12914197 0
26 D -366.548792074 0
26 E -367.416736054 0
26 F -277.076391451 0
26 G -364.719582817 0
26 H -343.41570625 0
26 I -369.050799047 0
26 K -367.425869892 0
26 L -367.511005142 0
26 M -368.431398426 0
26 N -365.850290119 0
26 P -169.124236386 0
26 Q -368.462875897 1
26 R -368.511242365 0
26 S -365.987322425 0
26 T -364.569445525 0
26 V -368.27003826 0
26 W -205.763216165 0
26 Y -259.35270705 0
27 A -365.372801582 0
27 C -362.608812311 0
27 D -368.522382016 1
27 E -365.791031756 0
27 F -361.398843672 0
27 G -362.584130016 0
27 H -366.63365353 0
27 I -360.000333374 0
27 K -364.312491723 0
27 L -359.695374679 0
27 M -362.450303668 0
27 N -362.85060918 0
27 P -189.143568847 0
27 Q -364.248789615 0
27 R -364.479557469 0
27 S -363.749457511 0
27 T -363.563021877 0
27 V -360.717384673 0
27 W -362.211472174 0
27 Y -361.377207558 0
28 A -360.491797343 0
28 C -360.888595844 0
28 D -357.217578469 0
28 E -362.673572787 0
28 F -335.741847496 0
28 G -358.479181861 0
28 H -346.957406238 0
28 I -368.602232334 1
28 K -356.448120905 0
28 L -347.100953067 0
28 M -365.185643257 0
28 N -359.74556203 0
28 P -138.515452733 0
28 Q -363.038713539 0
28 R -350.627619848 0
28 S -359.082310623 0
28 T -362.738353935 0
28 V -366.272511981 0
28 W -352.05905972 0
28 Y -331.826320763 0
29 A -363.397036011 0
29 C -362.015102569 0
29 D -363.471721153 0
29 E -364.770334225 0
29 F -352.700945224 0
29 G -360.085747963 0
29 H -362.179785665 0
29 I -355.011366596 0
29 K -359.474148989 0
29 L -372.282004902 1
29 M -366.658480656 0
29 N -364.20838261 0
29 P -200.886506585 0
29 Q -365.210431306 0
29 R -359.238777551 0
29 S -362.5392325 0
29 T -360.620081366 0
29 V -354.325376179 0
29 W -361.613323054 0
29 Y -286.8176517 0
30 A -365.459337696 0
30 C -365.155615138 0
30 D -363.639912187 0
30 E -362.996901095 0
30 F -321.07788218 0
30 G -362.301128363 0
30 H -361.397639529 0
30 I -370.38716076 1
30 K -362.028522856 0
30 L -365.111454679 0
30 M -363.168122678 0
30 N -364.019090915 0
30 P -126.011491877 0
30 Q -360.913409757 0
30 R -362.595268542 0
30 S -364.38866688 0
30 T -366.200267578 0
30 V -367.177295727 0
30 W -53.4810057747 0
30 Y -280.335717394 0
31 A -371.599119714 0
31 C -369.491002255 0
31 D -370.248639301 0
31 E -371.30241242 0
31 F -373.709052103 0
31 G -367.065624492 0
31 H -372.805833093 0
31 I -371.3388117 0
31 K -371.352336681 0
31 L -371.738711078 0
31 M -370.144098939 0
31 N -369.42837225 0
31 P -116.846959689 0
31 Q -371.032205585 0
31 R -371.571183779 1
31 S -370.623527545 0
31 T -372.559090424 0
31 V -372.200307687 0
31 W -374.912020725 0
31 Y -373.287698894 0
32 A -363.827736489 0
32 C -362.230745396 0
32 D -362.343619738 0
32 E -363.186959757 0
32 F -356.555152477 0
32 G -360.557405673 0
32 H -363.147340691 0
32 I -318.464156661 0
32 K -362.249824805 0
32 L -369.775843337 1
32 M -366.483572609 0
32 N -363.250269843 0
32 P -138.073083013 0
32 Q -361.700130068 0
32 R -364.386555862 0
32 S -362.263519251 0
32 T -364.121984025 0
32 V -363.547744053 0
32 W -366.686243244 0
32 Y -355.133313041 0
33 A -361.157241317 0
33 C -359.825454586 0
33 D -361.630294414 0
33 E -361.075850989 0
33 F -370.386958839 1
33 G -359.467708257 0
33 H -365.600937944 0
33 I -354.987640241 0
33 K -354.358259832 0
33 L -351.231059408 0
33 M -361.952251346 0
33 N -362.456375029 0
33 P -165.523688238 0
33 Q -361.526361278 0
33 R -356.403684062 0
33 S -359.701759208 0
33 T -359.58015428 0
33 V -358.306495563 0
33 W -350.680597544 0
33 Y -369.310805633 0
34 A -366.108267361 0
34 C -364.384232166 0
34 D -366.810695341 0
34 E -366.357893772 0
34 F -363.947969267 0
34 G -364.427898738 0
34 H -369.854380745 0
34 I -368.588539335 0
34 K -367.93137869 1
34 L -373.782166028 0
34 M -371.658684372 0
34 N -370.854345573 0
34 P -102.662417163 0
34 Q -367.946740486 0
34 R -368.55680732 0
34 S -365.514756489 0
34 T -365.750016283 0
34 V -366.157169907 0
34 W -364.645911216 0
34 Y -363.818320693 0
35 A -370.801251382 0
35 C -368.880766578 0
35 D -370.50568741 0
35 E -369.574656605 0
35 F -365.985876765 0
35 G -368.448325855 0
35 H -368.983642014 0
35 I -361.448263708 0
35 K -368.701071285 0
35 L -371.685719467 0
35 M -369.352786242 0
35 N -368.683492878 0
35 P -56.3218521342 0
35 Q -367.670640033 0
35 R -367.31605327 0
35 S -369.405960133 1
35 T -368.505817035 0
35 V -364.130295266 0
35 W -352.234897527 0
35 Y -366.338910479 0
36 A -365.648688252 0
36 C -364.280840183 0
36 D -361.714807825 0
36 E -360.750623245 0
36 F -372.269093168 0
36 G -350.520236457 0
36 H -370.770504895 1
36 I -361.520647238 0
36 K -365.575868967 0
36 L -347.18923631 0
36 M -364.038854585 0
36 N -368.335181204 0
36 P -219.729829384 0
36 Q -362.673357726 0
36 R -367.707574009 0
36 S -362.691935786 0
36 T -363.746665966 0
36 V -358.598172202 0
36 W -369.786537855 0
36 Y -372.732553676 0
37 A -363.250605099 0
37 C -360.688180515 0
37 D -362.500489372 0
37 E -364.041583115 0
37 F -364.752503241 0
37 G -363.401044322 0
37 H -364.505663275 0
37 I -362.619557045 0
37 K -364.341114624 0
37 L -363.206634613 0
37 M -365.711257651 0
37 N -361.758294365 0
37 P -369.857576391 1
37 Q -362.393767302 0
37 R -363.971594087 0
37 S -364.751957084 0
37 T -363.223217427 0
37 V -361.849100955 0
37 W -367.873815104 0
37 Y -364.497363168 0
38 A -361.386774421 0
38 C -360.973812941 0
38 D -364.432821 0
38 E -366.187534306 1
38 F -359.754565706 0
38 G -360.420082896 0
38 H -361.885547924 0
38 I -361.957704419 0
38 K -361.947636076 0
38 L -361.884928768 0
38 M -360.311493425 0
38 N -361.973248713 0
38 P -346.531710814 0
38 Q -364.774979 0
38 R -362.522374812 0
38 S -363.056442389 0
38 T -361.724998581 0
38 V -361.63043852 0
38 W -358.577571815 0
38 Y -359.366065188 0
39 A -366.471835271 0
39 C -366.145633644 0
39 D -362.28076715 0
39 E -360.314736133 0
39 F -364.607937354 0
39 G -362.356588151 0
39 H -363.54390489 0
39 I -363.119848538 0
39 K -360.769690847 0
39 L -366.626429404 0
39 M -364.711604477 0
39 N -363.020863341 0
39 P -213.572526907 0
39 Q -362.089126325 0
39 R -367.770342806 0
39 S -365.274950071 0
39 T -367.351220742 1
39 V -368.312846741 0
39 W -357.304768768 0
39 Y -360.456944611 0
40 A -362.253530946 0
40 C -358.824292734 0
40 D -356.516947388 0
40 E -355.315091878 0
40 F -328.3949891 0
40 G -359.696541609 0
40 H -354.39473957 0
40 I -362.962162934 0
40 K -363.442333502 0
40 L -368.463314581 1
40 M -363.422000628 0
40 N -362.359267799 0
40 P -290.68743485 0
40 Q -364.881357844 0
40 R -365.795173476 0
40 S -361.520653047 0
40 T -360.415348842 0
40 V -358.65109121 0
40 W -295.527012642 0
40 Y -338.838963474 0
41 A -366.319124981 0
41 C -364.199817752 0
41 D -366.423643027 0
41 E -366.850084561 1
41 F -363.609677811 0
41 G -365.689494324 0
41 H -366.014280932 0
41 I -363.169913101 0
41 K -366.882122253 0
41 L -367.442231843 0
41 M -366.141908399 0
41 N -366.365052774 0
41 P -156.890755909 0
41 Q -365.393366886 0
41 R -366.919981681 0
41 S -366.96919507 0
41 T -364.709914552 0
41 V -363.271390524 0
41 W -365.972003325 0
41 Y -363.111117957 0
42 A -364.968887933 0
42 C -363.365410643 0
42 D -365.936437273 0
42 E -364.454324512 0
42 F -355.859238223 0
42 G -361.508483016 0
42 H -362.281632551 0
42 I -359.413897575 0
42 K -369.294011102 1
42 L -365.075648584 0
42 M -365.743457967 0
42 N -364.581572938 0
42 P -260.165598745 0
42 Q -364.709450725 0
42 R -365.437033206 0
42 S -364.669327544 0
42 T -364.221563823 0
42 V -360.003854551 0
42 W -357.40538998 0
42 Y -353.896880057 0
43 A -363.196643466 0
43 C -363.876714036 0
43 D -363.436711397 0
43 E -364.125272272 0
43 F -370.454494687 1
43 G -355.540477726 0
43 H -368.545794559 0
43 I -360.880579062 0
43 K -364.054216318 0
43 L -362.426939049 0
43 M -365.097478153 0
43 N -366.488311201 0
43 P -286.084833003 0
43 Q -364.771055316 0
43 R -365.899042769 0
43 S -362.03988118 0
43 T -361.799624461 0
43 V -360.758819356 0
43 W -364.901988613 0
43 Y -370.111465 0
44 A -366.540687297 0
44 C -363.601469697 0
44 D -369.983935285 1
44 E -368.91823102 0
44 F -365.135945438 0
44 G -365.632234226 0
44 H -367.530232996 0
44 I -364.902254914 0
44 K -368.708142522 0
44 L -364.630623661 0
44 M -365.16316786 0
44 N -368.165057414 0
44 P -367.013683782 0
44 Q -366.17861949 0
44 R -367.684251322 0
44 S -368.012115709 0
44 T -366.269557547 0
44 V -364.995343776 0
44 W -364.376906383 0
44 Y -365.195061042 0
45 A -366.530620592 0
45 C -363.49752233 0
45 D -367.189519222 0
45 E -368.786107306 0
45 F -364.432960644 0
45 G -364.857885211 0
45 H -366.241983233 0
45 I -362.920778522 0
45 K -367.461110745 0
45 L -367.174631723 0
45 M -366.510215696 0
45 N -366.598397768 0
45 P -352.66070155 0
45 Q -366.555209809 0
45 R -367.26958485 1
45 S -367.512813059 0
45 T -366.287133073 0
45 V -363.5712898 0
45 W -365.181688547 0
45 Y -364.389562697 0
46 A -360.62722659 0
46 C -359.07219991 0
46 D -361.406703978 0
46 E -357.128240933 0
46 F -371.313877439 1
46 G -358.401589062 0
46 H -361.432323734 0
46 I -361.0716196 0
46 K -355.903782907 0
46 L -363.150042569 0
46 M -360.265735893 0
46 N -362.873354486 0
46 P -330.157182279 0
46 Q -354.764504188 0
46 R -359.256184566 0
46 S -360.924784592 0
46 T -359.503599098 0
46 V -361.787462909 0
46 W -356.524429938 0
46 Y -359.646452552 0
47 A -368.597629733 0
47 C -363.958759132 0
47 D -365.332052833 0
47 E -367.282959417 0
47 F -362.254548543 0
47 G -366.590904901 0
47 H -366.513834818 0
47 I -271.361672916 0
47 K -370.867187124 1
47 L -354.283087453 0
47 M -367.161439486 0
47 N -366.213230594 0
47 P -237.54835324 0
47 Q -366.621027929 0
47 R -368.077942999 0
47 S -369.402243457 0
47 T -363.241483817 0
47 V -360.028812708 0
47 W -362.874761377 0
47 Y -364.231030353 0
48 A -366.89677291 0
48 C -365.428975696 0
48 D -369.464016684 0
48 E -369.031917837 0
48 F -371.174955324 0
48 G -367.117742818 0
48 H -372.157298054 1
48 I -366.832231405 0
48 K -368.870379424 0
48 L -368.882876508 0
48 M -370.275239914 0
48 N -369.162507539 0
48 P -351.570147149 0
48 Q -370.464340556 0
48 R -368.593485564 0
48 S -369.013597627 0
48 T -369.135553939 0
48 V -367.025838836 0
48 W -372.693067978 0
48 Y -371.036849164 0
49 A -364.3545811 0
49 C -365.080755352 0
49 D -363.904479659 0
49 E -364.957043982 0
49 F -361.15162881 0
49 G -360.75165133 0
49 H -362.12563502 0
49 I -365.540165434 0
49 K -364.520289425 0
49 L -370.592614388 1
49 M -363.097402592 0
49 N -364.383548112 0
49 P -239.320252217 0
49 Q -361.276919301 0
49 R -365.413314218 0
49 S -363.028408766 0
49 T -364.282708407 0
49 V -367.044213061 0
49 W -362.991795019 0
49 Y -361.210998237 0
50 A -368.275352431 0
50 C -368.958054803 0
50 D -368.580195152 0
50 E -370.769975742 0
50 F -369.573998066 0
50 G -366.075560372 0
50 H -370.73943879 0
50 I -370.823508603 0
50 K -372.247671371 1
50 L -371.655608494 0
50 M -367.962121577 0
50 N -369.85450307 0
50 P -332.829039039 0
50 Q -370.280135883 0
50 R -371.565557002 0
50 S -369.290107293 0
50 T -370.818856967 0
50 V -371.512792341 0
50 W -368.199167221 0
50 Y -370.158462163 0
51 A -370.397974962 0
51 C -368.486033582 0
51 D -372.856885755 0
51 E -371.860740956 0
51 F -370.172325624 0
51 G -369.770181177 0
51 H -371.175851747 0
51 I -363.485075208 0
51 K -371.295855096 0
51 L -372.071619619 0
51 M -370.584275021 0
51 N -370.816799361 0
51 P -346.969068163 0
51 Q -370.591823128 0
51 R -372.469327991 0
51 S -371.913860157 0
51 T -372.242097277 1
51 V -363.481915434 0
51 W -369.666832064 0
51 Y -370.310306416 0
52 A -367.757870254 0
52 C -364.901278544 0
52 D -364.846418994 0
52 E -371.24955525 1
52 F -364.016881435 0
52 G -366.684924569 0
52 H -368.735878438 0
52 I -367.175432528 0
52 K -368.970502611 0
52 L -366.216214144 0
52 M -367.114337079 0
52 N -366.302302977 0
52 P -364.179391974 0
52 Q -368.28118499 0
52 R -367.546553624 0
52 S -368.711212434 0
52 T -368.509673882 0
52 V -367.174782291 0
52 W -368.432795628 0
52 Y -364.009414814 0
53 A -366.539091712 1
53 C -363.245162414 0
53 D -367.811511846 0
53 E -369.322629725 0
53 F -364.729537771 0
53 G -365.449148915 0
53 H -366.0192187 0
53 I -365.903317101 0
53 K -367.456492492 0
53 L -366.933823389 0
53 M -365.638123047 0
53 N -366.28978707 0
53 P -347.079038441 0
53 Q -366.475096091 0
53 R -366.859093857 0
53 S -366.748150253 0
53 T -365.997610333 0
53 V -365.969770493 0
53 W -366.438949774 0
53 Y -364.855900257 0
54 A -364.239037968 0
54 C -360.482296857 0
54 D -364.735076378 0
54 E -369.645345597 1
54 F -361.31422636 0
54 G -361.945518744 0
54 H -363.308150246 0
54 I -319.89668005 0
54 K -362.525860105 0
54 L -365.1966791 0
54 M -364.925152871 0
54 N -362.788750438 0
54 P -283.276965478 0
54 Q -368.84286594 0
54 R -361.226272124 0
54 S -362.41486637 0
54 T -359.14631671 0
54 V -315.082247916 0
54 W -360.025759661 0
54 Y -361.233631437 0
55 A -364.191749002 0
55 C -365.324193685 0
55 D -367.825844992 0
55 E -369.974219966 0
55 F -373.556484317 0
55 G -360.458393311 0
55 H -371.668009518 0
55 I -355.757622433 0
55 K -371.576745533 0
55 L -372.577541192 0
55 M -374.002070522 1
55 N -369.482198108 0
55 P -186.423708194 0
55 Q -370.630683885 0
55 R -372.427070662 0
55 S -364.171857935 0
55 T -362.964023127 0
55 V -316.784690143 0
55 W -371.502405919 0
55 Y -370.209790198 0
56 A -363.9172139 0
56 C -362.143469395 0
56 D -362.274377294 0
56 E -364.010386201 0
56 F -361.738425383 0
56 G -361.816111343 0
56 H -363.140377824 0
56 I -364.170125623 0
56 K -367.133665428 1
56 L -367.336118536 0
56 M -365.249478261 0
56 N -364.002769466 0
56 P -120.379262143 0
56 Q -364.15024318 0
56 R -365.587561424 0
56 S -363.095466374 0
56 T -362.852515281 0
56 V -363.833781009 0
56 W -363.447395537 0
56 Y -361.862788486 0
57 A -367.419453267 1
57 C -365.258457783 0
57 D -366.529752087 0
57 E -366.773383474 0
57 F -364.315036914 0
57 G -366.10301189 0
57 H -367.127153259 0
57 I -364.770893273 0
57 K -367.495461857 0
57 L -366.405933821 0
57 M -365.672680463 0
57 N -367.66229959 0
57 P -82.8646189289 0
57 Q -365.742257402 0
57 R -367.550951331 0
57 S -366.996350376 0
57 T -366.692003067 0
57 V -360.027617508 0
57 W -367.508542307 0
57 Y -364.346178242 0
58 A -368.23941539 0
58 C -370.812207214 0
58 D -372.446647258 0
58 E -366.634048987 0
58 F -325.853231683 0
58 G -364.472932127 0
58 H -355.037647275 0
58 I -327.307179868 0
58 K -366.322651288 0
58 L -342.02206891 0
58 M -366.405750152 0
58 N -372.419052445 0
58 P -180.166242129 0
58 Q -367.949203705 0
58 R -364.778927233 0
58 S -370.077816805 1
58 T -365.408846479 0
58 V -318.313721301 0
58 W -316.407219148 0
58 Y -322.274713071 0
59 A -366.540952298 0
59 C -363.506805695 0
59 D -367.299643041 0
59 E -368.624250996 1
59 F -364.153508128 0
59 G -365.411046921 0
59 H -367.010955868 0
59 I -366.085032187 0
59 K -367.549385885 0
59 L -367.224947233 0
59 M -366.428755731 0
59 N -366.401544936 0
59 P -363.757947857 0
59 Q -366.109972658 0
59 R -366.926486682 0
59 S -367.007359064 0
59 T -366.458382131 0
59 V -366.239475496 0
59 W -364.57987535 0
59 Y -364.404766978 0
60 A -368.148341336 0
60 C -364.556953791 0
60 D -371.151053154 1
60 E -371.646716749 0
60 F -367.025113071 0
60 G -364.480892771 0
60 H -368.403972209 0
60 I -365.557924602 0
60 K -365.733491327 0
60 L -365.458392221 0
60 M -366.462839236 0
60 N -367.757161714 0
60 P -350.258444617 0
60 Q -368.32897067 0
60 R -364.356903652 0
60 S -366.867837933 0
60 T -365.87238565 0
60 V -362.498473026 0
60 W -365.993310493 0
60 Y -367.131431191 0
61 A -362.208870894 0
61 C -359.8958794 0
61 D -360.070534961 0
61 E -360.790987797 0
61 F -300.890590326 0
61 G -358.386159951 0
61 H -356.985539583 0
61 I -347.285748601 0
61 K -342.404277055 0
61 L -370.221492773 1
61 M -363.575722498 0
61 N -361.034696019 0
61 P -325.188359333 0
61 Q -361.026303842 0
61 R -327.680720669 0
61 S -360.645200558 0
61 T -361.962018245 0
61 V -363.227170917 0
61 W -224.401518 0
61 Y -289.132951924 0
62 A -368.251909235 0
62 C -365.343721766 0
62 D -364.912314208 0
62 E -368.854407144 0
62 F -328.013236611 0
62 G -366.239112866 0
62 H -351.672625787 0
62 I -367.935411566 0
62 K -369.036209537 1
62 L -370.37392988 0
62 M -367.270775623 0
62 N -366.393919982 0
62 P -190.78550229 0
62 Q -366.940723857 0
62 R -369.270909958 0
62 S -367.411013843 0
62 T -370.545320662 0
62 V -367.656324804 0
62 W -323.645816602 0
62 Y -312.009201994 0
63 A -367.321052423 0
63 C -364.495163544 0
63 D -365.64205213 0
63 E -367.312980108 0
63 F -365.152930396 0
63 G -365.68091003 0
63 H -366.533372943 0
63 I -366.420281343 0
63 K -370.132602312 1
63 L -367.368079181 0
63 M -365.578030364 0
63 N -366.985520008 0
63 P -79.0385235728 0
63 Q -370.005413833 0
63 R -371.267076471 0
63 S -366.361807707 0
63 T -366.553073643 0
63 V -364.638748824 0
63 W -366.043090315 0
63 Y -365.057014035 0
64 A -366.595731916 0
64 C -364.075896115 0
64 D -366.206245924 0
64 E -367.79316432 0
64 F -368.542146872 0
64 G -362.776975936 0
64 H -368.923349734 1
64 I -364.530723387 0
64 K -365.305868261 0
64 L -366.487615684 0
64 M -366.363219867 0
64 N -365.831950423 0
64 P -119.452612101 0
64 Q -366.219904542 0
64 R -369.844136088 0
64 S -365.076477924 0
64 T -367.634328374 0
64 V -366.568608568 0
64 W -372.523084325 0
64 Y -368.255883202 0
65 A -320.636557096 0
65 C -307.164127222 0
65 D -189.192564518 0
65 E -126.01632329 0
65 F 381.701305208 0
65 G -368.116055579 1
65 H -18.2036027711 0
65 I -229.558455243 0
65 K -65.2528526618 0
65 L -88.2623745508 0
65 M -137.327317324 0
65 N -191.718320613 0
65 P -101.179919808 0
65 Q -107.781231898 0
65 R -37.1071994219 0
65 S -322.094555633 0
65 T -296.528021507 0
65 V -252.235351268 0
65 W 675.995775247 0
65 Y 277.035137575 0
66 A -363.980376207 0
66 C -362.990494755 0
66 D -362.367324409 0
66 E -366.068435845 0
66 F -363.082909255 0
66 G -361.879254776 0
66 H -363.263569751 0
66 I -366.997671285 0
66 K -364.688356012 0
66 L -362.446186569 0
66 M -364.841973057 0
66 N -363.022125977 0
66 P -138.810402874 0
66 Q -364.147991653 0
66 R -364.764031623 0
66 S -363.279037614 0
66 T -363.79660017 0
66 V -366.485558508 1
66 W -364.467605797 0
66 Y -363.080660268 0
67 A -366.59168835 0
67 C -364.279709504 0
67 D -369.048920504 0
67 E -368.315411137 0
67 F -369.647654538 0
67 G -365.170531047 0
67 H -366.492238015 0
67 I -366.234944613 0
67 K -367.629036732 0
67 L -366.260645246 0
67 M -365.24925946 0
67 N -365.519702484 0
67 P -25.2781231267 0
67 Q -366.396127629 0
67 R -365.564284131 0
67 S -365.91869462 0
67 T -366.246692477 1
67 V -364.382487853 0
67 W -372.658415362 0
67 Y -366.455976896 0
68 A -363.154832893 0
68 C -361.465047716 0
68 D -362.311771504 0
68 E -367.223353685 0
68 F -365.569724916 0
68 G -361.54178989 0
68 H -366.229229335 0
68 I -364.161760947 0
68 K -364.196913532 0
68 L -365.793934568 0
68 M -366.551404694 0
68 N -364.215574822 0
68 P -150.516004942 0
68 Q -366.219876132 0
68 R -366.583780289 0
68 S -362.986613867 0
68 T -363.695802172 0
68 V -366.09836825 1
68 W -372.521821693 0
68 Y -362.263738804 0
69 A -358.118732804 0
69 C -358.29644155 0
69 D -359.222713087 0
69 E -359.727693637 0
69 F -320.394447731 0
69 G -355.173824836 0
69 H -341.20974226 0
69 I -361.533102084 0
69 K -353.17233552 0
69 L -367.37910721 1
69 M -361.648919899 0
69 N -361.1108569 0
69 P -224.383665408 0
69 Q -360.500359232 0
69 R -357.470134871 0
69 S -358.519375516 0
69 T -357.119612375 0
69 V -359.15042706 0
69 W -297.563232677 0
69 Y -292.86606287 0
70 A -364.95287292 0
70 C -363.255920393 0
70 D -363.860884072 0
70 E -365.095419041 0
70 F -364.143835282 0
70 G -363.755167786 0
70 H -365.290924004 0
70 I -361.927346862 0
70 K -365.505601327 0
70 L -364.973890947 0
70 M -363.561259006 0
70 N -364.458006687 0
70 P -32.3515640647 0
70 Q -365.165930373 0
70 R -364.944081437 0
70 S -364.902856697 0
70 T -365.836201839 1
70 V -353.081834035 0
70 W -365.011050994 0
70 Y -363.96769211 0
71 A -366.838512242 1
71 C -363.689190093 0
71 D -366.878412527 0
71 E -370.773098823 0
71 F -363.681992161 0
71 G -364.039021608 0
71 H -366.402133748 0
71 I -368.836065904 0
71 K -371.315717531 0
71 L -368.629335344 0
71 M -367.581227029 0
71 N -366.729618212 0
71 P -193.416390482 0
71 Q -367.929099129 0
71 R -373.117977597 0
71 S -366.154898834 0
71 T -367.486855017 0
71 V -367.802614359 0
71 W -371.228051916 0
71 Y -363.696490733 0
72 A -359.98418456 0
72 C -358.168713234 0
72 D -360.413465242 0
72 E -361.49034808 0
72 F -363.092815973 0
72 G -356.749190823 0
72 H -362.764703797 0
72 I -362.43035747 0
72 K -359.311081102 0
72 L -366.660915995 1
72 M -364.312682157 0
72 N -360.331897577 0
72 P -110.310574336 0
72 Q -361.122073516 0
72 R -361.836213817 0
72 S -358.490668088 0
72 T -361.970404911 0
72 V -360.431902806 0
72 W -343.279379931 0
72 Y -363.158085057 0
73 A -358.301699629 0
73 C -351.072535363 0
73 D -355.852632967 0
73 E -350.720122608 0
73 F -351.45915092 0
73 G -368.168530382 1
73 H 7.99929807005 0
73 I -339.674564788 0
73 K -346.652956539 0
73 L -336.574018512 0
73 M -338.876212301 0
73 N -352.418240316 0
73 P -82.944715843 0
73 Q -317.254578806 0
73 R -344.605227594 0
73 S -354.6268959 0
73 T -347.704185291 0
73 V -340.547326573 0
73 W -190.235694171 0
73 Y -350.283287281 0
74 A -367.731329084 1
74 C -365.154857284 0
74 D -367.481191108 0
74 E -368.700359579 0
74 F -364.549621055 0
74 G -366.001216574 0
74 H -366.865787688 0
74 I -367.64026412 0
74 K -368.58573429 0
74 L -368.391941277 0
74 M -367.093615322 0
74 N -367.623960787 0
74 P -167.671194784 0
74 Q -367.239878698 0
74 R -368.975168261 0
74 S -366.848837381 0
74 T -367.371382816 0
74 V -366.814798835 0
74 W -367.036136406 0
74 Y -364.179815624 0
75 A -363.94878527 0
75 C -364.877621709 0
75 D -362.060307394 0
75 E -365.030944308 0
75 F -353.721375195 0
75 G -359.756459401 0
75 H -362.590162031 0
75 I -371.094069806 1
75 K -358.748716104 0
75 L -355.763512682 0
75 M -364.082102343 0
75 N -362.879099861 0
75 P -187.78838133 0
75 Q -364.931270764 0
75 R -364.46445615 0
75 S -362.15093009 0
75 T -365.505791815 0
75 V -369.235374901 0
75 W -328.594233222 0
75 Y -350.158828824 0
76 A -360.836843076 0
76 C -359.437320772 0
76 D -360.767826306 0
76 E -358.418877115 0
76 F -364.811078768 0
76 G -356.861538228 0
76 H -363.123660537 0
76 I -354.835035128 0
76 K -357.855644418 0
76 L -369.002592907 1
76 M -362.54083188 0
76 N -363.20634871 0
76 P -151.187056325 0
76 Q -362.518210786 0
76 R -357.803002835 0
76 S -359.124775134 0
76 T -356.901957908 0
76 V -354.091229408 0
76 W -277.478745248 0
76 Y -357.568266456 0
77 A -366.151554701 0
77 C -364.47902498 0
77 D -366.160893904 0
77 E -368.347653969 0
77 F -362.788627347 0
77 G -364.479129857 0
77 H -363.499376994 0
77 I -364.95831109 0
77 K -371.102690166 1
77 L -365.083482709 0
77 M -367.650116687 0
77 N -366.711434141 0
77 P -151.229538377 0
77 Q -367.112993364 0
77 R -367.521363788 0
77 S -365.154500976 0
77 T -363.01166303 0
77 V -361.22555347 0
77 W -362.563155274 0
77 Y -362.535897213 0
78 A -371.393543208 0
78 C -368.781836987 0
78 D -366.86493642 0
78 E -367.752459415 0
78 F -353.720547623 0
78 G -368.992844444 0
78 H -365.552622985 0
78 I -198.477077623 0
78 K -369.866518884 1
78 L -354.860055937 0
78 M -369.805736076 0
78 N -369.044614453 0
78 P -181.461845312 0
78 Q -369.080122646 0
78 R -370.043659443 0
78 S -369.382498534 0
78 T -366.533225548 0
78 V -298.762881823 0
78 W -363.966760026 0
78 Y -350.475313513 0
79 A -364.87325203 0
79 C -368.661520008 0
79 D -370.155783226 0
79 E -371.600842145 0
79 F -318.650044007 0
79 G -363.194809484 0
79 H -358.838111678 0
79 I -351.965600085 0
79 K -375.043822558 1
79 L -369.372254864 0
79 M -371.037316532 0
79 N -374.495063881 0
79 P -281.053586773 0
79 Q -371.826610624 0
79 R -373.915514528 0
79 S -367.66706653 0
79 T -364.564505234 0
79 V -351.051346972 0
79 W -359.50158161 0
79 Y -355.836514721 0
80 A -365.04418457 0
80 C -354.619420083 0
80 D -357.996432804 0
80 E -363.348746128 0
80 F -364.048190479 0
80 G -373.467455426 1
80 H -354.562164727 0
80 I -353.138384705 0
80 K -364.868069531 0
80 L -361.47352639 0
80 M -363.065882073 0
80 N -360.14965297 0
80 P -301.501510173 0
80 Q -344.619676785 0
80 R -365.070283073 0
80 S -364.715762356 0
80 T -359.825284153 0
80 V -352.662122383 0
80 W -169.636029371 0
80 Y -362.655870391 0
81 A -373.026095632 0
81 C -370.366561917 0
81 D -374.576983513 0
81 E -373.005864669 0
81 F -372.819032633 0
81 G -371.243526553 0
81 H -373.576522626 1
81 I -370.745078192 0
81 K -373.549252156 0
81 L -373.557406182 0
81 M -371.893197699 0
81 N -373.948212341 0
81 P -124.599863066 0
81 Q -372.168271229 0
81 R -373.353956425 0
81 S -372.684188525 0
81 T -369.554380284 0
81 V -371.138781815 0
81 W -371.972742711 0
81 Y -371.8042479 0
82 A -376.019697348 0
82 C -374.048202534 0
82 D -376.336456428 0
82 E -368.970504511 0
82 F -374.871614742 0
82 G -373.013840249 0
82 H -379.167482222 1
82 I -368.780538666 0
82 K -367.829489491 0
82 L -356.632121283 0
82 M -376.447395596 0
82 N -376.090601619 0
82 P -102.95364179 0
82 Q -369.523055086 0
82 R -359.800839475 0
82 S -375.408813223 0
82 T -349.436019473 0
82 V -358.531368867 0
82 W -355.064558823 0
82 Y -374.16053671 0
83 A -374.316084344 0
83 C -371.107945765 0
83 D -376.028848483 0
83 E -375.94307736 1
83 F -372.445732432 0
83 G -373.510523868 0
83 H -373.788690345 0
83 I -373.624872619 0
83 K -375.462845872 0
83 L -374.906443713 0
83 M -373.276674077 0
83 N -374.410316179 0
83 P -368.525383246 0
83 Q -373.287219324 0
83 R -374.944645105 0
83 S -374.104797619 0
83 T -373.630487571 0
83 V -373.685445503 0
83 W -375.421225712 0
83 Y -373.00486556 0
84 A -376.869339021 1
84 C -374.052099895 0
84 D -378.140477979 0
84 E -378.541083816 0
84 F -375.300492319 0
84 G -375.580417024 0
84 H -376.726249868 0
84 I -376.20644787 0
84 K -377.69233255 0
84 L -377.610808452 0
84 M -375.733459705 0
84 N -376.883817164 0
84 P -364.015929361 0
84 Q -375.885657147 0
84 R -378.532396099 0
84 S -377.208045632 0
84 T -376.558688438 0
84 V -376.33025622 0
84 W -374.783448594 0
84 Y -375.082406294 0
85 A -370.633248802 0
85 C -368.79060639 0
85 D -373.349200109 0
85 E -374.327970157 1
85 F -372.348285297 0
85 G -365.640730814 0
85 H -371.405085447 0
85 I -370.429569551 0
85 K -371.03672742 0
85 L -374.030922719 0
85 M -370.905597476 0
85 N -370.690516493 0
85 P -356.901388583 0
85 Q -372.053250765 0
85 R -370.884477528 0
85 S -370.101954856 0
85 T -369.022599448 0
85 V -370.802907816 0
85 W -373.238451578 0
85 Y -372.808364431 0
86 A -375.731590705 0
86 C -376.273599267 0
86 D -374.231100413 0
86 E -373.421994408 0
86 F -346.67889442 0
86 G -371.402131024 0
86 H -372.847659399 0
86 I -375.236198258 0
86 K -347.43582833 0
86 L -380.956094052 1
86 M -369.627442405 0
86 N -376.536124037 0
86 P -238.374679416 0
86 Q -373.968819159 0
86 R -358.395770408 0
86 S -372.659236594 0
86 T -375.437302054 0
86 V -375.156201512 0
86 W -76.0933538727 0
86 Y -344.977021242 0
87 A -387.399414451 0
87 C -376.028143392 0
87 D -378.71569529 0
87 E -379.228883933 0
87 F -379.571639223 0
87 G -381.05299142 0
87 H -379.701040432 0
87 I -350.148984534 0
87 K -379.774216167 1
87 L -387.819643862 0
87 M -378.933265144 0
87 N -378.288233876 0
87 P -77.6420934672 0
87 Q -377.783401117 0
87 R -378.401317311 0
87 S -378.458442971 0
87 T -378.978701888 0
87 V -346.900188661 0
87 W -379.823429727 0
87 Y -379.085024651 0
88 A -384.241175983 0
88 C -380.797895566 0
88 D -385.912620359 0
88 E -385.991464559 0
88 F -383.798181058 0
88 G -383.594440597 0
88 H -384.641212872 0
88 I -382.966498428 0
88 K -385.053908037 0
88 L -385.062420799 0
88 M -384.610408197 0
88 N -384.818681624 0
88 P -378.965293302 1
88 Q -383.644019532 0
88 R -385.237410538 0
88 S -385.936931047 0
88 T -384.944016829 0
88 V -383.373318958 0
88 W -384.874238021 0
88 Y -384.019895117 0
89 A -371.194059708 0
89 C -368.80954036 0
89 D -371.772373563 0
89 E -373.0344372 0
89 F -371.431178267 0
89 G -369.129747095 0
89 H -372.743010459 0
89 I -375.248938392 0
89 K -371.665004145 0
89 L -375.073505138 1
89 M -372.578553164 0
89 N -371.927753171 0
89 P -331.935472519 0
89 Q -372.047119582 0
89 R -373.096675498 0
89 S -370.990700375 0
89 T -372.559553725 0
89 V -374.155646703 0
89 W -370.831495207 0
89 Y -371.691580708 0
90 A -383.222499932 1
90 C -378.53294999 0
90 D -365.354199778 0
90 E -359.26631365 0
90 F -318.940290033 0
90 G -378.417108274 0
90 H -340.706276577 0
90 I -352.760227456 0
90 K -360.674660062 0
90 L -356.74794226 0
90 M -355.762470967 0
90 N -369.991751413 0
90 P -166.689131964 0
90 Q -361.448480679 0
90 R -352.855950228 0
90 S -379.37042411 0
90 T -372.679047845 0
90 V -362.988726876 0
90 W -145.880097715 0
90 Y -332.526645765 0
91 A -375.542770705 0
91 C -374.073604982 0
91 D -375.014291993 0
91 E -378.180139072 0
91 F -375.996599296 0
91 G -373.502227369 0
91 H -375.927627169 0
91 I -376.746148589 0
91 K -375.942035047 0
91 L -377.638189409 0
91 M -376.290780106 0
91 N -375.55465697 0
91 P -137.555854017 0
91 Q -375.262400624 1
91 R -375.622285436 0
91 S -374.936059115 0
91 T -376.117981284 0
91 V -373.941649275 0
91 W -376.610544118 0
91 Y -375.784581924 0
92 A -378.806399401 0
92 C -375.936692669 0
92 D -379.883225389 0
92 E -378.646262494 0
92 F -375.763220214 0
92 G -377.045289632 0
92 H -377.189735717 0
92 I -378.244170085 0
92 K -378.357866021 0
92 L -379.71540644 0
92 M -377.437830177 0
92 N -378.154291837 0
92 P -224.07024829 0
92 Q -377.215929895 0
92 R -378.136120139 0
92 S -377.296975025 1
92 T -375.931240539 0
92 V -377.506429287 0
92 W -376.368465863 0
92 Y -376.045653875 0
93 A -375.983558957 0
93 C -374.720867073 0
93 D -375.161079537 0
93 E -376.282808184 0
93 F -377.668413947 0
93 G -373.34581326 0
93 H -375.38715822 1
93 I -369.463095302 0
93 K -376.132736112 0
93 L -380.632756473 0
93 M -375.983194244 0
93 N -376.256276272 0
93 P -146.753029083 0
93 Q -377.876945912 0
93 R -377.02146137 0
93 S -374.255249244 0
93 T -370.903644131 0
93 V -368.961811774 0
93 W -380.970663806 0
93 Y -377.002392312 0
94 A -376.332935115 1
94 C -364.583034916 0
94 D -342.590688091 0
94 E -350.33965399 0
94 F -100.657423132 0
94 G -371.809988748 0
94 H -334.299772717 0
94 I -337.518817268 0
94 K -352.163683097 0
94 L -327.740069808 0
94 M -348.333431562 0
94 N -358.139559014 0
94 P -69.735105174 0
94 Q -345.051298955 0
94 R -352.688569233 0
94 S -377.206741095 0
94 T -363.438158234 0
94 V -342.960990148 0
94 W -206.451377244 0
94 Y -69.7910782114 0
95 A -374.16995078 0
95 C -373.469072859 0
95 D -374.98217329 0
95 E -375.382531302 0
95 F -371.410308086 0
95 G -373.568149039 0
95 H -373.102002632 0
95 I -373.472381771 0
95 K -375.632840052 0
95 L -373.466639512 0
95 M -376.348438269 0
95 N -376.459701537 0
95 P -204.92792211 0
95 Q -375.570642479 0
95 R -375.02513274 0
95 S -375.326356071 0
95 T -375.751438359 1
95 V -374.082515047 0
95 W -370.34298959 0
95 Y -371.679055509 0
96 A -372.176105776 0
96 C -371.98680449 0
96 D -374.988121391 0
96 E -376.399084448 0
96 F -373.464143759 0
96 G -369.211372608 0
96 H -375.683567606 0
96 I -376.190509736 0
96 K -375.567937605 1
96 L -375.153075663 0
96 M -370.943439748 0
96 N -374.335639261 0
96 P -307.921927744 0
96 Q -373.571598451 0
96 R -374.760763012 0
96 S -372.988584859 0
96 T -374.876356198 0
96 V -376.39205809 0
96 W -372.338158841 0
96 Y -372.817674418 0
97 A -371.589909794 0
97 C -368.790981133 0
97 D -372.592500231 0
97 E -373.013415221 0
97 F -371.74858536 0
97 G -369.221050317 0
97 H -372.77676564 1
97 I -369.287821428 0
97 K -371.968310525 0
97 L -373.333698857 0
97 M -372.722160593 0
97 N -371.75833896 0
97 P -143.907384482 0
97 Q -371.22574618 0
97 R -372.447144368 0
97 S -371.245941499 0
97 T -367.950160643 0
97 V -369.903642242 0
97 W -371.938455417 0
97 Y -372.178690795 0
98 A -370.43511979 0
98 C -369.32630559 0
98 D -367.417562561 0
98 E -372.7526059 0
98 F -372.868483514 0
98 G -369.554777127 0
98 H -372.640158142 0
98 I -345.207023328 0
98 K -373.259038054 1
98 L -370.741966529 0
98 M -370.901415545 0
98 N -372.363239772 0
98 P -224.34264042 0
98 Q -371.63650838 0
98 R -372.611672176 0
98 S -369.395130178 0
98 T -364.619049071 0
98 V -358.414808602 0
98 W -367.160582241 0
98 Y -371.969240589 0
99 A -364.59517947 0
99 C -365.847118927 0
99 D -364.562124333 0
99 E -366.263855161 0
99 F -365.699371077 0
99 G -359.771242681 0
99 H -365.925452946 0
99 I -372.164434295 1
99 K -366.271965636 0
99 L -367.624334462 0
99 M -368.134142733 0
99 N -365.751994212 0
99 P -294.047401179 0
99 Q -364.861638172 0
99 R -367.580195491 0
99 S -365.141443704 0
99 T -367.426122619 0
99 V -371.462803102 0
99 W -367.012162875 0
99 Y -363.779205643 0
100 A -364.36450074 0
100 C -361.921711668 0
100 D -362.704689666 0
100 E -362.04202233 0
100 F -359.099970467 0
100 G -362.242982641 0
100 H -361.846675926 0
100 I -284.057805847 0
100 K -358.648385405 0
100 L -359.07701845 0
100 M -360.97711622 0
100 N -361.124110154 0
100 P -367.557618236 1
100 Q -362.233849707 0
100 R -360.031901043 0
100 S -363.017172 0
100 T -361.805706592 0
100 V -360.544461881 0
100 W -359.807891156 0
100 Y -358.860634736 0
101 A -364.125730605 0
101 C -364.085602967 0
101 D -364.811963733 0
101 E -367.783162118 0
101 F -358.706941383 0
101 G -362.584889551 0
101 H -365.489356069 0
101 I -368.447793151 1
101 K -367.909113854 0
101 L -367.817763204 0
101 M -366.596758409 0
101 N -365.430298329 0
101 P -258.803205548 0
101 Q -365.517968775 0
101 R -367.149396801 0
101 S -363.456377096 0
101 T -366.438632152 0
101 V -367.505721079 0
101 W -362.02221054 0
101 Y -351.933467834 0
102 A -365.079432729 0
102 C -362.659675314 0
102 D -364.189925272 0
102 E -365.778553079 0
102 F -361.96788887 0
102 G -363.070143991 0
102 H -364.160393956 0
102 I -363.591589597 0
102 K -366.094654535 1
102 L -364.871753354 0
102 M -363.85664725 0
102 N -363.549268515 0
102 P -351.156044876 0
102 Q -363.333277648 0
102 R -364.522694985 0
102 S -365.530274784 0
102 T -363.733094732 0
102 V -363.170948384 0
102 W -362.078519662 0
102 Y -361.695754599 0
103 A -363.524657544 0
103 C -361.384880509 0
103 D -364.848416414 0
103 E -365.709618444 0
103 F -367.392519595 0
103 G -360.277142975 0
103 H -366.14859714 0
103 I -360.868536699 0
103 K -360.058440338 0
103 L -364.529442897 0
103 M -364.609120682 0
103 N -363.772437433 0
103 P -291.294217596 0
103 Q -364.161059114 0
103 R -364.986153226 0
103 S -361.866084384 0
103 T -362.311000038 0
103 V -364.646339088 0
103 W -353.194228805 0
103 Y -367.400857161 1
104 A -362.91528968 0
104 C -361.324931339 0
104 D -365.242046982 0
104 E -366.518160372 0
104 F -368.861921658 0
104 G -359.80537405 0
104 H -369.214743914 0
104 I -364.414536471 0
104 K -365.562818483 0
104 L -371.031053488 1
104 M -367.243327853 0
104 N -365.512760666 0
104 P -225.639235085 0
104 Q -366.737020354 0
104 R -364.484811049 0
104 S -361.613740485 0
104 T -360.540239409 0
104 V -361.800326865 0
104 W -371.700934839 0
104 Y -363.22118996 0
105 A -365.18811385 0
105 C -363.35811865 0
105 D -363.57883147 0
105 E -367.647451305 1
105 F -360.441617718 0
105 G -363.038971969 0
105 H -363.181197457 0
105 I -366.496556685 0
105 K -366.166963686 0
105 L -365.842449684 0
105 M -364.844124161 0
105 N -363.144644921 0
105 P -124.470305897 0
105 Q -365.536566676 0
105 R -366.102221066 0
105 S -363.977067383 0
105 T -364.458021439 0
105 V -366.797491492 0
105 W -362.440183131 0
105 Y -360.21417904 0
106 A -363.135857736 0
106 C -362.512972485 0
106 D -360.587222355 0
106 E -362.044109765 0
106 F -366.063908108 1
106 G -361.924723564 0
106 H -365.426837315 0
106 I -358.962158087 0
106 K -361.480060568 0
106 L -348.862147557 0
106 M -363.952534653 0
106 N -362.541645383 0
106 P -144.62839854 0
106 Q -364.099696773 0
106 R -362.414923311 0
106 S -360.926777006 0
106 T -359.581919216 0
106 V -317.98703649 0
106 W -366.539908564 0
106 Y -364.908761293 0
107 A -365.194878318 0
107 C -362.771985085 0
107 D -363.373122172 0
107 E -366.341970368 0
107 F -361.211412279 0
107 G -362.414808602 0
107 H -361.647501646 0
107 I -368.111750913 1
107 K -365.169156663 0
107 L -368.267841233 0
107 M -366.985717387 0
107 N -364.3792253 0
107 P -209.737518678 0
107 Q -365.412505465 0
107 R -370.302486993 0
107 S -363.337699348 0
107 T -365.0066673 0
107 V -363.899939871 0
107 W -361.299999866 0
107 Y -360.435108216 0
108 A -372.108324092 0
108 C -371.01285569 0
108 D -371.844367607 0
108 E -343.768857548 0
108 F -251.537955914 0
108 G -368.777250924 0
108 H -353.650480545 0
108 I -363.556169661 0
108 K -353.315866687 0
108 L -255.275483922 0
108 M -365.854867691 0
108 N -369.717778027 0
108 P -117.870867758 0
108 Q -337.565301683 0
108 R -367.641453152 0
108 S -370.220770054 1
108 T -363.273518145 0
108 V -370.507648713 0
108 W -144.772199065 0
108 Y -242.46642133 0
109 A -369.110023571 0
109 C -366.548525055 0
109 D -369.124119985 0
109 E -370.090527851 1
109 F -370.145566159 0
109 G -367.856408569 0
109 H -369.030776167 0
109 I -369.415498623 0
109 K -370.204145206 0
109 L -370.232378301 0
109 M -369.547053429 0
109 N -369.056672001 0
109 P -183.483063131 0
109 Q -368.527975351 0
109 R -370.254650159 0
109 S -368.728268595 0
109 T -368.538946164 0
109 V -368.357849497 0
109 W -370.68168268 0
109 Y -370.360365569 0
110 A -370.262359192 1
110 C -363.020007999 0
110 D -360.521799884 0
110 E -307.996932694 0
110 F -191.537814676 0
110 G -365.284079972 0
110 H -241.712507299 0
110 I -311.257676248 0
110 K -330.46293556 0
110 L -332.738639977 0
110 M -360.960797068 0
110 N -353.017042315 0
110 P -202.714696152 0
110 Q -327.222073624 0
110 R -353.131855024 0
110 S -366.475200492 0
110 T -360.462573927 0
110 V -304.133208498 0
110 W -138.95276138 0
110 Y -215.450258405 0
111 A -363.615703177 0
111 C -363.094510728 0
111 D -362.112216058 0
111 E -364.645862108 0
111 F -352.965353915 0
111 G -360.583439803 0
111 H -360.943460337 0
111 I -370.690774623 1
111 K -360.234499188 0
111 L -367.871839175 0
111 M -366.321798941 0
111 N -363.526582796 0
111 P -113.758649285 0
111 Q -365.25537091 0
111 R -364.860080282 0
111 S -362.821300487 0
111 T -366.085555588 0
111 V -367.698341044 0
111 W -362.235962157 0
111 Y -345.613830481 0
112 A -373.214330836 0
112 C -371.311686762 0
112 D -369.939502804 0
112 E -371.752462199 0
112 F -350.534022169 0
112 G -367.007194689 0
112 H -368.21526227 0
112 I -374.902249283 1
112 K -371.882829684 0
112 L -377.064266128 0
112 M -370.747418453 0
112 N -372.934324202 0
112 P -201.416890401 0
112 Q -372.377252168 0
112 R -370.703996854 0
112 S -373.138989513 0
112 T -373.644027379 0
112 V -375.45226382 0
112 W -323.140479679 0
112 Y -335.233871804 0
113 A -369.705856182 0
113 C -366.941692988 0
113 D -370.162114237 0
113 E -368.774809592 0
113 F -371.46351929 0
113 G -368.13890266 0
113 H -370.490951925 1
113 I -367.178412681 0
113 K -368.225308521 0
113 L -364.440075054 0
113 M -367.986920634 0
113 N -368.280725995 0
113 P -83.4892602985 0
113 Q -367.409642995 0
113 R -367.657479886 0
113 S -368.279419587 0
113 T -370.116024069 0
113 V -368.818679854 0
113 W -370.293312438 0
113 Y -371.124105552 0
114 A -368.843913581 0
114 C -367.501773785 0
114 D -368.392719631 0
114 E -366.289135915 0
114 F -266.19100951 0
114 G -365.125129412 0
114 H -271.517358514 0
114 I -369.719982397 0
114 K -349.249338756 0
114 L -367.642750818 0
114 M -364.594030788 0
114 N -366.474759326 0
114 P -172.807167333 0
114 Q -365.262793186 0
114 R -361.769706895 0
114 S -366.999840419 0
114 T -369.564594009 0
114 V -371.298260935 1
114 W -204.262731888 0
114 Y -264.433614476 0
115 A -362.662073633 0
115 C -361.469426217 0
115 D -362.939916054 0
115 E -363.6049669 0
115 F -367.999194968 0
115 G -358.797713592 0
115 H -365.312547125 0
115 I -367.391945423 0
115 K -355.138198553 0
115 L -371.703831314 1
115 M -363.860273559 0
115 N -364.305235206 0
115 P -171.877255107 0
115 Q -364.555513934 0
115 R -360.775596894 0
115 S -361.344067736 0
115 T -363.62916558 0
115 V -363.223101461 0
115 W -355.419082511 0
115 Y -365.987577708 0
116 A -374.050836812 0
116 C -370.244154374 0
116 D -370.346946871 0
116 E -373.67748821 0
116 F -373.70163953 0
116 G -371.676420609 0
116 H -374.537896665 1
116 I -342.602207328 0
116 K -369.77467765 0
116 L -375.455850089 0
116 M -372.532157729 0
116 N -371.84887203 0
116 P -118.94204135 0
116 Q -371.83002958 0
116 R -373.261273216 0
116 S -372.895921536 0
116 T -373.030023583 0
116 V -373.967826214 0
116 W -373.532680926 0
116 Y -373.513999205 0
117 A -370.977774391 0
117 C -368.722595693 0
117 D -369.166049546 0
117 E -370.776627739 0
117 F -368.532130387 0
117 G -369.028161643 0
117 H -370.046828758 0
117 I -369.10299465 0
117 K -371.136867334 0
117 L -370.648346071 0
117 M -370.200843612 0
117 N -368.459315506 0
117 P -104.203879241 0
117 Q -369.657502477 0
117 R -371.300548079 0
117 S -370.088112455 1
117 T -369.774391117 0
117 V -370.293967484 0
117 W -369.653402822 0
117 Y -368.537224621 0
118 A -366.436186568 0
118 C -364.734189173 0
118 D -364.562920626 0
118 E -365.755106851 0
118 F -361.904629193 0
118 G -363.630937882 0
118 H -366.565407339 0
118 I -364.249392587 0
118 K -367.791589457 0
118 L -365.822906671 0
118 M -366.176467112 0
118 N -366.650633838 0
118 P -175.595424644 0
118 Q -365.675561623 0
118 R -369.848665523 1
118 S -365.663336902 0
118 T -365.752882473 0
118 V -365.604157625 0
118 W -365.404507286 0
118 Y -316.482038346 0
119 A -363.125247744 0
119 C -363.89468981 0
119 D -363.845999758 0
119 E -363.327666923 0
119 F -367.80831638 0
119 G -350.472572288 0
119 H -368.563534369 1
119 I -358.92162871 0
119 K -360.16637782 0
119 L -366.09526115 0
119 M -361.864298521 0
119 N -366.771079957 0
119 P -163.812129303 0
119 Q -363.48979576 0
119 R -364.171273842 0
119 S -361.91987567 0
119 T -363.094544829 0
119 V -362.62790407 0
119 W -363.565917955 0
119 Y -368.618585826 0
120 A -363.332238824 0
120 C -360.822848153 0
120 D -364.027787934 0
120 E -363.360830774 0
120 F -362.399922596 0
120 G -362.653870245 0
120 H -364.619137956 0
120 I -361.586917482 0
120 K -364.25660167 0
120 L -358.391483916 0
120 M -361.707255713 0
120 N -362.686710177 0
120 P -367.283729966 1
120 Q -362.208153989 0
120 R -363.616021455 0
120 S -365.580740847 0
120 T -360.463358351 0
120 V -361.486507773 0
120 W -363.880316654 0
120 Y -361.994624695 0
121 A -366.93661174 0
121 C -363.961340827 0
121 D -368.34296874 0
121 E -369.316769638 0
121 F -367.166218512 0
121 G -366.251755974 1
121 H -367.98804453 0
121 I -367.50912211 0
121 K -368.048706441 0
121 L -367.431780721 0
121 M -366.237620249 0
121 N -366.828798686 0
121 P -339.34783476 0
121 Q -367.065038362 0
121 R -367.745246816 0
121 S -367.537637755 0
121 T -367.598927643 0
121 V -367.494332889 0
121 W -366.182411779 0
121 Y -367.084736876 0
122 A -361.410196767 0
122 C -360.560076222 0
122 D -367.828973498 1
122 E -364.806570303 0
122 F -362.649755178 0
122 G -360.227932602 0
122 H -363.954289426 0
122 I -362.233636902 0
122 K -363.97997034 0
122 L -363.842502892 0
122 M -363.099528729 0
122 N -362.880230584 0
122 P -347.226647097 0
122 Q -363.464949447 0
122 R -364.298660386 0
122 S -364.395044858 0
122 T -365.843764299 0
122 V -364.525947171 0
122 W -360.723412808 0
122 Y -362.904364549 0
123 A -362.624889125 0
123 C -361.13111203 0
123 D -362.382100277 0
123 E -361.883171764 0
123 F -371.890571494 1
123 G -358.981802447 0
123 H -365.424087292 0
123 I -297.131057164 0
123 K -355.200270867 0
123 L -358.135319558 0
123 M -366.558201684 0
123 N -363.275626944 0
123 P -83.8096668898 0
123 Q -362.166518067 0
123 R -350.515168561 0
123 S -359.563622269 0
123 T -360.409908935 0
123 V -361.458843934 0
123 W -359.877059088 0
123 Y -369.170069594 0
124 A -368.382771941 0
124 C -367.223219852 0
124 D -374.712310442 0
124 E -368.872020085 0
124 F -363.283638862 0
124 G -372.243254508 1
124 H -367.746394216 0
124 I -367.889277271 0
124 K -370.440829849 0
124 L -370.402718138 0
124 M -368.215783989 0
124 N -373.770489106 0
124 P -161.239933452 0
124 Q -369.148818514 0
124 R -369.547093856 0
124 S -372.049221123 0
124 T -372.556098907 0
124 V -368.633984378 0
124 W -365.700902604 0
124 Y -363.749474983 0
125 A -370.530992048 1
125 C -367.304660784 0
125 D -371.645514962 0
125 E -373.785485389 0
125 F -368.618106155 0
125 G -369.452929146 0
125 H -370.019258241 0
125 I -368.928330728 0
125 K -372.152398265 0
125 L -371.056332201 0
125 M -369.850103007 0
125 N -370.184182271 0
125 P -370.975154636 0
125 Q -370.18132527 0
125 R -371.015183715 0
125 S -370.910357114 0
125 T -369.98897704 0
125 V -369.088127629 0
125 W -369.06924695 0
125 Y -368.41916451 0
126 A -368.373285543 0
126 C -365.381449029 0
126 D -370.035903104 1
126 E -371.632574738 0
126 F -366.904331408 0
126 G -366.743502838 0
126 H -368.764776805 0
126 I -364.688742338 0
126 K -369.738135101 0
126 L -369.269408571 0
126 M -368.201509045 0
126 N -368.696749843 0
126 P -363.277636126 0
126 Q -368.820958238 0
126 R -369.214774366 0
126 S -369.137800184 0
126 T -368.943289684 0
126 V -366.125612168 0
126 W -367.284556338 0
126 Y -366.863133603 0
127 A -371.476507772 1
127 C -367.957627079 0
127 D -367.171533284 0
127 E -367.019596307 0
127 F -365.175317521 0
127 G -367.079971711 0
127 H -365.032102892 0
127 I -361.721344604 0
127 K -362.730631928 0
127 L -333.91959187 0
127 M -371.908913662 0
127 N -367.984636963 0
127 P -343.887225818 0
127 Q -365.231214951 0
127 R -359.993440059 0
127 S -369.388100941 0
127 T -370.808999573 0
127 V -370.653623202 0
127 W -373.94419787 0
127 Y -364.614054165 0
128 A -374.702381395 0
128 C -371.597660274 0
128 D -372.161390588 0
128 E -375.350520885 0
128 F -344.860129896 0
128 G -371.271736401 0
128 H -362.549773386 0
128 I -364.993353888 0
128 K -374.547167222 0
128 L -375.006577535 0
128 M -376.642677405 0
128 N -371.354632438 0
128 P -47.0285777259 0
128 Q -373.590197659 1
128 R -374.936045138 0
128 S -372.839058522 0
128 T -375.09494713 0
128 V -362.163899774 0
128 W -360.015850395 0
128 Y -346.667623437 0
129 A -374.348807607 0
129 C -371.847939154 0
129 D -372.968493122 0
129 E -373.888535934 0
129 F -371.691731842 0
129 G -372.910844488 1
129 H -373.917396819 0
129 I -374.208517743 0
129 K -374.681369046 0
129 L -374.21586665 0
129 M -372.644252944 0
129 N -374.104476107 0
129 P -49.3226622213 0
129 Q -372.819042343 0
129 R -373.327692433 0
129 S -373.671453765 0
129 T -374.946606282 0
129 V -371.025832382 0
129 W -374.127510539 0
129 Y -371.496261208 0
130 A -373.282927081 1
130 C -359.772941736 0
130 D -330.514373151 0
130 E -217.849742918 0
130 F -248.55200455 0
130 G -368.028705067 0
130 H -268.322194017 0
130 I -310.718203771 0
130 K -230.129218806 0
130 L -130.14033731 0
130 M -181.080789247 0
130 N -318.974821835 0
130 P -116.371090415 0
130 Q -143.008228557 0
130 R -272.024978015 0
130 S -367.926070691 0
130 T -335.550644468 0
130 V -324.843948372 0
130 W -317.02564974 0
130 Y -212.690932171 0
131 A -371.351471233 0
131 C -367.954849752 0
131 D -368.288197849 0
131 E -370.924568853 0
131 F -370.969360694 0
131 G -367.300278536 0
131 H -370.986357498 0
131 I -362.929347361 0
131 K -363.427850474 0
131 L -367.917771602 0
131 M -376.509109777 1
131 N -368.103423922 0
131 P -139.501610418 0
131 Q -372.043439713 0
131 R -365.448487481 0
131 S -368.818971694 0
131 T -370.346713497 0
131 V -370.999068324 0
131 W -361.15635091 0
131 Y -366.423915647 0
132 A -374.937604114 0
132 C -373.343148377 0
132 D -373.74209691 0
132 E -374.826677223 0
132 F -373.476629911 0
132 G -373.151590251 0
132 H -374.362019237 0
132 I -375.819507083 0
132 K -374.668489275 0
132 L -375.177159563 0
132 M -372.709764026 0
132 N -373.140335522 1
132 P -59.2201255062 0
132 Q -372.505899974 0
132 R -378.282829634 0
132 S -374.135615492 0
132 T -374.651195885 0
132 V -374.731797692 0
132 W -371.39825407 0
132 Y -373.410364082 0
133 A -369.395877834 0
133 C -366.451675234 0
133 D -368.928954258 0
133 E -370.313703209 0
133 F -368.160259166 0
133 G -367.67704568 0
133 H -368.851183075 0
133 I -365.244624693 0
133 K -373.243330321 1
133 L -372.257043521 0
133 M -370.178185841 0
133 N -369.725950077 0
133 P -92.9370239293 0
133 Q -369.643240805 0
133 R -370.211867912 0
133 S -369.153463045 0
133 T -364.329410971 0
133 V -365.939161481 0
133 W -368.151533885 0
133 Y -367.16280114 0
134 A -369.665479239 1
134 C -359.836370157 0
134 D -355.690237791 0
134 E -357.083106485 0
134 F -220.829300093 0
134 G -364.335565075 0
134 H -303.44967427 0
134 I -323.833993372 0
134 K -333.305189917 0
134 L -289.794859181 0
134 M -329.905103412 0
134 N -354.519929128 0
134 P -115.436918356 0
134 Q -321.26527686 0
134 R -338.090272385 0
134 S -365.430959713 0
134 T -350.439270897 0
134 V -339.773110418 0
134 W -255.848000842 0
134 Y -125.63892668 0
135 A -366.0954278 0
135 C -365.158671125 0
135 D -366.04996592 0
135 E -366.573672049 0
135 F -370.693109823 0
135 G -361.631606975 0
135 H -368.612144687 0
135 I -361.027499102 0
135 K -363.533912249 0
135 L -373.735686182 1
135 M -371.161628959 0
135 N -367.433071835 0
135 P -187.373576181 0
135 Q -366.234019204 0
135 R -366.120403536 0
135 S -365.141133046 0
135 T -364.739792246 0
135 V -361.103386156 0
135 W -357.902767651 0
135 Y -368.936102871 0
136 A -370.801851839 0
136 C -370.044855651 0
136 D -370.680485418 0
136 E -370.185156842 1
136 F -369.561733829 0
136 G -369.017015523 0
136 H -371.651740699 0
136 I -367.841981915 0
136 K -371.820213619 0
136 L -370.102836886 0
136 M -370.231972111 0
136 N -370.226849557 0
136 P 22.6364624279 0
136 Q -369.486601308 0
136 R -370.870075115 0
136 S -371.178423486 0
136 T -371.800943573 0
136 V -352.93955224 0
136 W -370.829976503 0
136 Y -369.552046666 0
137 A -369.05169046 0
137 C -369.528356942 0
137 D -370.642527325 0
137 E -373.360120625 0
137 F -366.90096401 0
137 G -368.775636228 0
137 H -369.726781963 0
137 I -373.666601894 0
137 K -373.011603837 0
137 L -372.559208904 1
137 M -373.352081862 0
137 N -370.00944754 0
137 P -112.675165011 0
137 Q -371.826608301 0
137 R -372.594119103 0
137 S -370.445516396 0
137 T -371.288001833 0
137 V -371.396711087 0
137 W -369.821419651 0
137 Y -367.011057275 0
138 A -364.437791022 0
138 C -364.121487324 0
138 D -363.158257115 0
138 E -366.628916119 0
138 F -371.195814201 1
138 G -361.529129185 0
138 H -367.543426461 0
138 I -369.074730302 0
138 K -365.267524281 0
138 L -368.544695685 0
138 M -366.875433557 0
138 N -364.165353294 0
138 P -140.221229015 0
138 Q -365.343468308 0
138 R -366.806005887 0
138 S -364.475447063 0
138 T -366.053802115 0
138 V -367.322584315 0
138 W -368.946999989 0
138 Y -370.078540719 0
139 A -364.551757431 0
139 C -363.246896906 0
139 D -364.122910972 0
139 E -364.044780548 0
139 F -275.244875168 0
139 G -362.196400224 0
139 H -353.210920119 0
139 I -369.094395809 0
139 K -364.967659679 0
139 L -365.338133596 0
139 M -366.856508952 0
139 N -365.276592419 0
139 P -88.0270618196 0
139 Q -363.41657911 0
139 R -369.627769106 1
139 S -363.364206106 0
139 T -365.580350011 0
139 V -367.543879888 0
139 W -132.534035093 0
139 Y -283.449229588 0
140 A -373.016099193 0
140 C -370.260615253 0
140 D -371.664970941 0
140 E -373.130442093 0
140 F -373.602270311 0
140 G -371.955070129 0
140 H -373.951280727 0
140 I -369.65254539 0
140 K -373.595508979 1
140 L -373.357735899 0
140 M -371.460981836 0
140 N -371.932344158 0
140 P -4.25712012844 0
140 Q -371.352753496 0
140 R -374.338338655 0
140 S -372.954450321 0
140 T -373.404006627 0
140 V -360.473886731 0
140 W -372.357031358 0
140 Y -373.055538316 0
141 A -371.569182188 0
141 C -369.797522208 0
141 D -374.576010596 1
141 E -372.493162748 0
141 F -370.967073753 0
141 G -369.725730383 0
141 H -373.639665063 0
141 I -374.195167833 0
141 K -371.701097663 0
141 L -371.046479898 0
141 M -374.385387296 0
141 N -371.593170085 0
141 P -217.252308507 0
141 Q -370.331601614 0
141 R -370.462923402 0
141 S -369.927171294 0
141 T -374.370557679 0
141 V -375.259269688 0
141 W -370.98829335 0
141 Y -372.220512062 0
142 A -369.996647225 0
142 C -370.654112646 0
142 D -365.230728808 0
142 E -371.424088738 0
142 F -371.644796646 0
142 G -364.62134613 0
142 H -349.495193892 0
142 I -380.547062212 1
142 K -368.333121855 0
142 L -373.945535675 0
142 M -376.751800069 0
142 N -367.403854655 0
142 P -167.266328889 0
142 Q -373.360070092 0
142 R -366.029012348 0
142 S -368.107268018 0
142 T -374.581861925 0
142 V -376.234435822 0
142 W -285.932030284 0
142 Y -369.170224664 0
143 A -375.452199881 1
143 C -369.325708138 0
143 D -367.416491366 0
143 E -365.013037499 0
143 F -371.087430103 0
143 G -373.084127579 0
143 H -373.749437481 0
143 I -322.230761043 0
143 K -372.066920849 0
143 L -370.392062239 0
143 M -371.747110737 0
143 N -371.27183421 0
143 P -10.1120218115 0
143 Q -363.545433642 0
143 R -339.966046279 0
143 S -373.55855815 0
143 T -341.022218089 0
143 V -364.761260143 0
143 W -356.775954112 0
143 Y -370.687185594 0
144 A -374.962722062 1
144 C -372.801707947 0
144 D -374.191455173 0
144 E -374.961171658 0
144 F -372.0281522 0
144 G -373.395828249 0
144 H -374.897823437 0
144 I -374.889545478 0
144 K -375.272628293 0
144 L -375.18617485 0
144 M -373.330086677 0
144 N -374.419369521 0
144 P -103.140486147 0
144 Q -374.026790734 0
144 R -375.465374075 0
144 S -373.895490358 0
144 T -374.933286513 0
144 V -372.011006571 0
144 W -373.072045204 0
144 Y -371.750222638 0
145 A -372.674993283 0
145 C -371.292187777 0
145 D -375.063021649 0
145 E -375.988785291 0
145 F -377.601401362 0
145 G -370.12821308 0
145 H -377.923870637 0
145 I -381.244887946 0
145 K -378.713797819 1
145 L -380.335401622 0
145 M -379.272762575 0
145 N -375.837612951 0
145 P -227.144179485 0
145 Q -375.582376346 0
145 R -376.872376701 0
145 S -371.20603282 0
145 T -376.771036765 0
145 V -375.856324783 0
145 W -376.032971594 0
145 Y -377.350414406 0
146 A -368.47054585 0
146 C -367.765390857 0
146 D -371.36960035 0
146 E -370.510568693 0
146 F -376.64454163 0
146 G -364.856463012 0
146 H -374.525938765 0
146 I -344.40761558 0
146 K -369.42886123 0
146 L -371.619432672 0
146 M -373.452941457 0
146 N -373.441511566 0
146 P -80.0499931996 0
146 Q -372.623433475 0
146 R -366.599485076 0
146 S -366.607142635 0
146 T -364.600603789 0
146 V -308.374785067 0
146 W -369.645572157 0
146 Y -377.842150811 1
147 A -372.662472802 0
147 C -370.112584127 0
147 D -371.583175371 0
147 E -373.604215888 0
147 F -372.833344961 0
147 G -371.223577247 0
147 H -373.148687517 0
147 I -371.985739105 0
147 K -373.902317688 1
147 L -374.492020907 0
147 M -372.966057843 0
147 N -372.20558792 0
147 P -134.003735894 0
147 Q -373.301269798 0
147 R -376.243682124 0
147 S -371.494707378 0
147 T -371.376005578 0
147 V -371.657949945 0
147 W -374.219276909 0
147 Y -373.301863964 0
148 A -372.344151485 0
148 C -369.675377646 0
148 D -372.336167955 0
148 E -373.693766344 1
148 F -370.086385585 0
148 G -370.777724472 0
148 H -371.67248617 0
148 I -371.761660335 0
148 K -372.918522538 0
148 L -372.975370865 0
148 M -371.596655888 0
148 N -371.965203912 0
148 P -132.170485024 0
148 Q -371.826512132 0
148 R -372.756807632 0
148 S -371.534514001 0
148 T -371.396358034 0
148 V -371.346054654 0
148 W -370.366404135 0
148 Y -370.37978634 0
149 A -368.211770046 0
149 C -370.508983461 0
149 D -371.235360753 0
149 E -371.927255715 0
149 F -374.119192993 0
149 G -366.356636889 0
149 H -375.021410047 0
149 I -373.172603339 0
149 K -371.554607678 0
149 L -376.763575748 1
149 M -372.745437977 0
149 N -372.518800583 0
149 P -122.062061049 0
149 Q -375.157249448 0
149 R -371.211399085 0
149 S -371.661004239 0
149 T -370.991816104 0
149 V -370.852467645 0
149 W -374.045205263 0
149 Y -374.02129341 0
150 A -364.276177725 0
150 C -360.944933369 0
150 D -365.698616458 0
150 E -361.565018747 0
150 F -362.642080383 0
150 G -373.471666371 1
150 H -365.458524076 0
150 I -334.039994769 0
150 K -366.970639165 0
150 L -365.174060268 0
150 M -357.523459077 0
150 N -367.485797163 0
150 P -279.71313817 0
150 Q -365.136644717 0
150 R -365.852714995 0
150 S -364.357682451 0
150 T -342.357704452 0
150 V -333.137366978 0
150 W -362.644239746 0
150 Y -364.138604268 0
151 A -368.496098198 0
151 C -371.035519716 0
151 D -373.011335591 0
151 E -371.965513517 0
151 F -378.815298706 0
151 G -364.329918427 0
151 H -373.943297107 0
151 I -365.585945448 0
151 K -364.128546659 0
151 L -368.132658152 0
151 M -371.232214481 0
151 N -374.395984123 0
151 P -255.703326374 0
151 Q -369.671164705 0
151 R -370.607156067 0
151 S -371.354671842 0
151 T -370.79403699 0
151 V -367.89026445 0
151 W -374.216638461 0
151 Y -376.661547337 1
152 A -366.20048301 0
152 C -365.273307035 0
152 D -369.112725195 0
152 E -368.522936003 0
152 F -367.185365841 0
152 G -366.654380397 0
152 H -368.591617629 0
152 I -366.640421614 0
152 K -368.605152464 0
152 L -368.77759313 0
152 M -367.4373157 0
152 N -368.607365185 0
152 P -363.519923026 0
152 Q -367.801203089 1
152 R -368.465429268 0
152 S -368.803628107 0
152 T -369.395459299 0
152 V -366.695483283 0
152 W -366.932524206 0
152 Y -367.239081036 0
153 A -361.766296064 0
153 C -197.114089692 0
153 D -303.009380642 0
153 E -240.649813318 0
153 F -357.018110629 0
153 G -367.532187915 1
153 H -358.684699834 0
153 I -300.048151366 0
153 K -246.194889503 0
153 L -72.4097966091 0
153 M -261.563261245 0
153 N -359.118715222 0
153 P -338.33688127 0
153 Q -238.552947435 0
153 R -241.195906529 0
153 S -325.902745725 0
153 T -244.098308153 0
153 V -275.039484912 0
153 W -356.73309595 0
153 Y -357.501349639 0
