1 A -163.342050638 0
1 C -161.739922667 0
1 D -165.220127434 0
1 E -164.71484812 0
1 F -163.266961739 0
1 G -164.282957709 0
1 H -164.100467236 1
1 I -162.767930904 0
1 K -164.680159076 0
1 L -163.967363714 0
1 M -162.811285476 0
1 N -163.329910711 0
1 P -166.865909763 0
1 Q -164.678448883 0
1 R -164.385222211 0
1 S -164.926721644 0
1 T -163.230886271 0
1 V -162.300451047 0
1 W -163.04557905 0
1 Y -163.635376071 0
2 A -162.048499763 0
2 C -160.413463446 0
2 D -163.25751934 0
2 E -163.599416378 0
2 F -162.382388049 0
2 G -161.613567275 0
2 H -162.648461918 1
2 I -162.687477643 0
2 K -163.202312931 0
2 L -163.368824222 0
2 M -164.255331473 0
2 N -162.655533723 0
2 P -163.244152595 0
2 Q -162.387458023 0
2 R -162.482881636 0
2 S -163.255649336 0
2 T -162.698627229 0
2 V -161.19499749 0
2 W -161.351621489 0
2 Y -161.062662086 0
3 A -164.902378666 1
3 C -163.218059631 0
3 D -165.545874969 0
3 E -165.767602097 0
3 F -163.649538806 0
3 G -163.93020923 0
3 H -164.103139513 0
3 I -162.423434901 0
3 K -166.079808139 0
3 L -166.011214788 0
3 M -165.521941134 0
3 N -165.022779231 0
3 P -165.767341774 0
3 Q -163.367927571 0
3 R -165.577569824 0
3 S -165.53075258 0
3 T -163.414363317 0
3 V -164.765652667 0
3 W -163.417691215 0
3 Y -163.169930351 0
4 A -165.09365698 0
4 C -164.021787782 0
4 D -167.39649969 0
4 E -167.088769836 0
4 F -166.62970256 0
4 G -165.233239013 0
4 H -167.704639981 0
4 I -166.734846813 0
4 K -167.732577015 0
4 L -167.54415679 0
4 M -166.728348926 1
4 N -167.585661526 0
4 P -148.91677261 0
4 Q -166.770073185 0
4 R -167.210570038 0
4 S -167.807063747 0
4 T -168.678109202 0
4 V -166.999850251 0
4 W -165.488679567 0
4 Y -167.331162494 0
5 A -161.764539538 0
5 C -159.244837187 0
5 D -162.918000169 0
5 E -162.879327795 1
5 F -159.504535186 0
5 G -159.810742647 0
5 H -161.405585279 0
5 I -159.569648915 0
5 K -161.753971347 0
5 L -161.55005799 0
5 M -160.414938838 0
5 N -161.261046549 0
5 P -146.370129557 0
5 Q -161.157652077 0
5 R -161.600638376 0
5 S -162.568517722 0
5 T -159.934676288 0
5 V -159.795895318 0
5 W -160.407935269 0
5 Y -159.473085972 0
6 A -160.483322743 0
6 C -162.523194706 0
6 D -163.617046035 0
6 E -164.977151085 1
6 F -162.283015912 0
6 G -158.675366304 0
6 H -160.796204128 0
6 I -166.232288154 0
6 K -164.997168054 0
6 L -165.005416289 0
6 M -163.199158513 0
6 N -164.169210417 0
6 P -162.152046374 0
6 Q -163.270262318 0
6 R -164.161200494 0
6 S -161.646463015 0
6 T -164.935071801 0
6 V -165.494764742 0
6 W -162.016875251 0
6 Y -162.246786995 0
7 A -158.726043173 0
7 C -159.353682617 0
7 D -155.869695084 0
7 E -158.523818421 0
7 F -154.229777129 0
7 G -157.16022754 0
7 H -156.5719583 0
7 I -161.920021256 0
7 K -158.765799619 0
7 L -158.926862253 0
7 M -159.404789994 0
7 N -158.657436266 0
7 P 1.63499026784 0
7 Q -157.921405826 0
7 R -160.356863572 0
7 S -158.67848715 0
7 T -161.107465519 0
7 V -165.579495722 1
7 W -153.28479414 0
7 Y -151.325364844 0
8 A -163.064100436 0
8 C -161.80282996 0
8 D -158.396981488 0
8 E -161.89738229 0
8 F -89.3497399816 0
8 G -157.09073507 0
8 H -125.616280093 0
8 I -165.552756137 0
8 K -163.239316558 0
8 L -151.295611674 0
8 M -160.637872937 0
8 N -160.602659017 0
8 P -153.500572261 0
8 Q -161.306141426 0
8 R -161.809869398 0
8 S -163.263528179 0
8 T -166.051603257 1
8 V -165.912174847 0
8 W -158.184034271 0
8 Y -155.734093705 0
9 A -153.951184674 0
9 C -154.288221483 0
9 D -150.14757736 0
9 E -148.870148585 0
9 F -99.5014297902 0
9 G -147.909049207 0
9 H -153.082871341 0
9 I -164.64573565 1
9 K -138.792699938 0
9 L -154.360006121 0
9 M -155.552231756 0
9 N -155.394558892 0
9 P -71.9665634035 0
9 Q -153.182160622 0
9 R -147.388488476 0
9 S -153.390214574 0
9 T -155.666429485 0
9 V -161.940372764 0
9 W -134.929985264 0
9 Y -15.7676933854 0
10 A -160.045639987 0
10 C -159.858449425 0
10 D -157.635742061 0
10 E -160.307231685 0
10 F -150.99721107 0
10 G -156.556048832 0
10 H -159.891987508 0
10 I -155.241370535 0
10 K -162.003443377 1
10 L -160.287798398 0
10 M -161.120898874 0
10 N -160.670355437 0
10 P -6.46718640412 0
10 Q -162.152306159 0
10 R -164.386191867 0
10 S -159.990791166 0
10 T -160.082168006 0
10 V -151.340115422 0
10 W -157.321448893 0
10 Y -148.428127597 0
11 A -162.558458948 1
11 C -154.757261692 0
11 D -159.748503205 0
11 E -156.186138655 0
11 F -95.8798515134 0
11 G -155.326461328 0
11 H -129.432518746 0
11 I -145.259459542 0
11 K -137.773506494 0
11 L -138.232571493 0
11 M -160.875179216 0
11 N -155.54857866 0
11 P -88.1212465176 0
11 Q -138.351644558 0
11 R -106.210772611 0
11 S -160.724637835 0
11 T -158.537677206 0
11 V -143.716607342 0
11 W 54.8752628799 0
11 Y -120.947538064 0
12 A -158.329358026 0
12 C -157.458787194 0
12 D -159.678876325 0
12 E -158.431799741 0
12 F -160.324853378 0
12 G -153.567279115 0
12 H -161.327075964 0
12 I -162.229760998 0
12 K -160.29409252 0
12 L -161.884769457 0
12 M -158.807181818 0
12 N -161.512061246 1
12 P -104.37057495 0
12 Q -157.434648861 0
12 R -160.251634603 0
12 S -158.754749629 0
12 T -158.59832108 0
12 V -162.439121544 0
12 W -158.273012458 0
12 Y -159.483645171 0
13 A -153.635565581 0
13 C -155.786052544 0
13 D -154.552452318 0
13 E -153.903524074 0
13 F -160.95554822 0
13 G -148.471726496 0
13 H -159.689994845 0
13 I -159.871793112 0
13 K -146.663088356 0
13 L -162.937716287 1
13 M -157.709991899 0
13 N -156.237396196 0
13 P -10.926344471 0
13 Q -156.472697218 0
13 R -121.71289512 0
13 S -154.443793819 0
13 T -149.771180629 0
13 V -158.418558566 0
13 W -92.6425897192 0
13 Y -159.818008909 0
14 A -156.853575765 0
14 C -156.500032299 0
14 D -155.680325989 0
14 E -158.620613571 0
14 F -162.001117229 0
14 G -153.020254575 0
14 H -160.533048671 0
14 I -162.660196719 1
14 K -158.811625441 0
14 L -160.465597902 0
14 M -159.399811335 0
14 N -157.634972503 0
14 P -29.1741883964 0
14 Q -157.016707921 0
14 R -157.760597757 0
14 S -157.148382698 0
14 T -159.139002445 0
14 V -162.264687333 0
14 W -159.141792258 0
14 Y -161.010880077 0
15 A -154.559901327 0
15 C -154.377329346 0
15 D -154.784039488 0
15 E -155.293527596 0
15 F -162.485143033 1
15 G -154.483049715 0
15 H -158.221074947 0
15 I -151.421745941 0
15 K -157.008274429 0
15 L -158.889025574 0
15 M -158.813865832 0
15 N -158.458181465 0
15 P -45.4883718537 0
15 Q -156.539907153 0
15 R -156.556059433 0
15 S -154.543668926 0
15 T -156.374674894 0
15 V -150.5322636 0
15 W -155.655193209 0
15 Y -160.506000798 0
16 A -162.571833756 1
16 C -159.058221049 0
16 D -158.642398111 0
16 E -159.496254706 0
16 F 166.992950938 0
16 G -159.747602575 0
16 H -162.311627351 0
16 I -148.729435228 0
16 K -130.262957902 0
16 L -47.0260450684 0
16 M -151.060156843 0
16 N -160.632764854 0
16 P -162.085595828 0
16 Q -152.240954628 0
16 R -139.996363098 0
16 S -163.006110449 0
16 T -156.850447907 0
16 V -152.728199433 0
16 W -162.291263324 0
16 Y -160.613185839 0
17 A -157.320749088 0
17 C -155.860593834 0
17 D -163.601458665 0
17 E -159.531462568 0
17 F -157.703131357 0
17 G -157.814992143 0
17 H -159.104000211 0
17 I -157.325779092 0
17 K -159.337260024 0
17 L -159.304302488 0
17 M -158.084626286 0
17 N -161.300875295 1
17 P -153.930351669 0
17 Q -158.540146752 0
17 R -158.82496758 0
17 S -159.200690548 0
17 T -159.292598686 0
17 V -157.5407899 0
17 W -157.176706107 0
17 Y -157.656130508 0
18 A -152.297649859 0
18 C -146.673354964 0
18 D -152.970565277 0
18 E -149.695516324 0
18 F -151.160162073 0
18 G -162.25657655 1
18 H -153.356715161 0
18 I -137.792087173 0
18 K -154.823910263 0
18 L -152.643768431 0
18 M -149.025317286 0
18 N -154.374150726 0
18 P -87.568931979 0
18 Q -151.832900976 0
18 R -152.22377962 0
18 S -155.148147362 0
18 T -145.79726578 0
18 V -138.105272369 0
18 W -150.665518565 0
18 Y -152.049417553 0
19 A -160.658723542 0
19 C -158.427419876 0
19 D -161.449339916 0
19 E -160.506321792 0
19 F -157.105409455 0
19 G -159.565599274 0
19 H -157.804786911 0
19 I -154.720059872 0
19 K -159.742388662 0
19 L -157.265257933 0
19 M -157.563676232 0
19 N -159.845550226 0
19 P -131.594680665 0
19 Q -159.001395525 0
19 R -159.83820686 0
19 S -162.055008658 1
19 T -158.803744073 0
19 V -156.546086033 0
19 W -158.181282436 0
19 Y -156.931131655 0
20 A -158.168992355 0
20 C -157.802336785 0
20 D -156.89534858 0
20 E -159.362607082 0
20 F -158.692514552 0
20 G -156.732841391 0
20 H -158.895309762 0
20 I -160.345795778 0
20 K -159.825508667 0
20 L -156.687516496 0
20 M -159.325193167 0
20 N -157.102852622 0
20 P -137.697668424 0
20 Q -158.769962934 0
20 R -160.500041534 0
20 S -159.931204932 0
20 T -161.370906672 1
20 V -160.850030155 0
20 W -158.542244498 0
20 Y -158.549852705 0
21 A -161.165605576 0
21 C -159.179938689 0
21 D -160.72570738 0
21 E -164.036200337 0
21 F -156.698644005 0
21 G -157.32251206 0
21 H -162.348715781 0
21 I -158.979147512 0
21 K -161.917933884 0
21 L -162.272699071 0
21 M -161.660039467 0
21 N -160.343201395 0
21 P -75.0779119729 0
21 Q -161.647256401 1
21 R -162.153829214 0
21 S -161.499065943 0
21 T -159.222056357 0
21 V -161.061996715 0
21 W -157.615988162 0
21 Y -156.662262333 0
22 A -159.711652456 0
22 C -159.52044068 0
22 D -158.975640946 0
22 E -162.365604544 0
22 F -156.422172569 0
22 G -156.929839542 0
22 H -160.796452336 0
22 I -164.383502115 0
22 K -160.070263727 0
22 L -160.136948438 0
22 M -160.252238962 0
22 N -159.441485063 0
22 P -148.899455662 0
22 Q -160.511819142 0
22 R -160.338511376 0
22 S -160.479487852 0
22 T -162.409487192 1
22 V -164.32672748 0
22 W -157.302978887 0
22 Y -155.171101526 0
23 A -164.001452731 1
23 C -162.410604537 0
23 D -162.908058263 0
23 E -165.755022205 0
23 F -130.539754324 0
23 G -157.942811673 0
23 H -157.931808183 0
23 I -163.700772052 0
23 K -162.349034206 0
23 L -158.010561468 0
23 M -164.087190421 0
23 N -163.971127198 0
23 P -109.474894258 0
23 Q -161.434455365 0
23 R -162.115289023 0
23 S -162.315236504 0
23 T -164.004816586 0
23 V -165.446380421 0
23 W -122.512483177 0
23 Y -130.950708845 0
24 A -161.426557203 0
24 C -160.872138351 0
24 D -159.656110457 0
24 E -163.541359534 1
24 F -161.130516281 0
24 G -158.794816039 0
24 H -161.035557143 0
24 I -164.019782727 0
24 K -162.978366515 0
24 L -162.433582165 0
24 M -162.833394526 0
24 N -161.446807714 0
24 P -145.911665358 0
24 Q -161.968635952 0
24 R -162.546260857 0
24 S -161.736240477 0
24 T -163.573220532 0
24 V -163.975088999 0
24 W -160.473717102 0
24 Y -161.330172706 0
25 A -156.422207469 0
25 C -157.382662616 0
25 D -155.83425264 0
25 E -156.029472625 0
25 F -166.257510685 1
25 G -151.073160282 0
25 H -159.057156407 0
25 I -160.054818868 0
25 K -158.783196135 0
25 L -156.739157046 0
25 M -158.34825766 0
25 N -158.37216892 0
25 P -94.4159203112 0
25 Q -156.875798618 0
25 R -157.607026587 0
25 S -156.510878718 0
25 T -154.96652984 0
25 V -159.286932966 0
25 W -151.449057836 0
25 Y -141.516140729 0
26 A -163.729915698 0
26 C -163.826826348 0
26 D -162.527946676 0
26 E -164.493780168 0
26 F -163.060112625 0
26 G -161.67652296 0
26 H -164.600129942 0
26 I -166.568928492 0
26 K -165.783171608 1
26 L -165.160587933 0
26 M -164.839025753 0
26 N -163.236539823 0
26 P -157.636440504 0
26 Q -163.534015456 0
26 R -165.285881119 0
26 S -164.200647134 0
26 T -165.948630611 0
26 V -166.764244605 0
26 W -161.636165881 0
26 Y -162.807331201 0
27 A -155.800061744 0
27 C -67.3362268682 0
27 D -153.104852078 0
27 E -143.733917947 0
27 F -127.0500724 0
27 G -165.021894851 1
27 H 1335.87792987 0
27 I -119.129812034 0
27 K -138.274596553 0
27 L -140.92137861 0
27 M -143.05706859 0
27 N -151.036197042 0
27 P -99.9442840175 0
27 Q 44.3454257045 0
27 R -143.189586821 0
27 S -153.707438379 0
27 T -133.456191879 0
27 V -118.578719704 0
27 W -133.927061991 0
27 Y -126.681748104 0
28 A -163.824996542 0
28 C -163.399866543 0
28 D -164.784688288 0
28 E -164.77452173 0
28 F -155.305954269 0
28 G -163.22527005 0
28 H -160.258554227 0
28 I -164.054274394 0
28 K -162.86742869 0
28 L -157.222758571 0
28 M -163.027742487 0
28 N -163.577911418 0
28 P -164.523925515 0
28 Q -163.92903964 0
28 R -163.116012555 0
28 S -166.091970052 0
28 T -166.417023213 1
28 V -164.175665784 0
28 W -161.585135957 0
28 Y -155.303386175 0
29 A -157.456326924 0
29 C -155.184847947 0
29 D -157.002023709 0
29 E -162.242038599 0
29 F -167.387580181 1
29 G -155.209492301 0
29 H -164.712463051 0
29 I -159.514791705 0
29 K -163.679667048 0
29 L -163.546035404 0
29 M -161.941285841 0
29 N -156.910877026 0
29 P -157.642383429 0
29 Q -160.599152494 0
29 R -160.967226907 0
29 S -157.60138648 0
29 T -158.559043949 0
29 V -158.355734481 0
29 W -159.923709992 0
29 Y -165.928986395 0
30 A -158.419613463 0
30 C -156.263279217 0
30 D -161.066686133 0
30 E -164.991286702 1
30 F -161.433897244 0
30 G -157.45127352 0
30 H -162.598063279 0
30 I -162.067181756 0
30 K -163.797139367 0
30 L -164.557479832 0
30 M -159.218488489 0
30 N -163.361602994 0
30 P -145.939439554 0
30 Q -161.890960036 0
30 R -161.602155873 0
30 S -159.842539697 0
30 T -159.591793926 0
30 V -158.30904819 0
30 W -164.245560143 0
30 Y -161.450830827 0
31 A -160.072980783 0
31 C -156.972036674 0
31 D -160.977962373 0
31 E -160.486464341 0
31 F -157.062529467 0
31 G -158.998535668 0
31 H -159.337981043 0
31 I -160.235817038 0
31 K -164.348922328 1
31 L -160.436643551 0
31 M -159.093702913 0
31 N -159.873409984 0
31 P -135.144955455 0
31 Q -159.949863545 0
31 R -160.209674438 0
31 S -160.161295824 0
31 T -160.5545464 0
31 V -161.108352647 0
31 W -158.341689066 0
31 Y -156.73389953 0
32 A -164.073692238 1
32 C -149.05128422 0
32 D -100.022502573 0
32 E 35.1236446154 0
32 F 880.804747571 0
32 G -158.715408592 0
32 H 565.046473485 0
32 I -94.3582006311 0
32 K 120.128166649 0
32 L 367.405581208 0
32 M 175.172007709 0
32 N -114.653785344 0
32 P 87.9090715487 0
32 Q 38.6198688004 0
32 R 300.841319113 0
32 S -159.238380988 0
32 T -125.480441075 0
32 V -116.488344254 0
32 W 1255.85269385 0
32 Y 925.715335728 0
33 A -160.906157872 0
33 C -160.045317613 0
33 D -158.523284755 0
33 E -161.356417279 0
33 F -152.14314528 0
33 G -157.759489236 0
33 H -158.036915283 0
33 I -143.627453834 0
33 K -159.676981571 0
33 L -161.154995867 0
33 M -161.966731821 0
33 N -158.719635835 0
33 P 101.324445794 0
33 Q -158.945557728 0
33 R -161.434704603 0
33 S -159.710243654 0
33 T -161.913830726 1
33 V -161.18589 0
33 W -157.189835015 0
33 Y -149.687866193 0
34 A -163.538887572 0
34 C -160.807739218 0
34 D -162.894477983 0
34 E -163.792376978 0
34 F -162.460536719 0
34 G -162.288252351 0
34 H -163.471270876 0
34 I -163.176258021 0
34 K -164.015927614 0
34 L -163.477404087 0
34 M -162.752655254 0
34 N -163.061564389 0
34 P 120.351521597 0
34 Q -162.273536863 0
34 R -163.534686935 0
34 S -163.27337596 1
34 T -163.416915455 0
34 V -161.712450347 0
34 W -164.349509118 0
34 Y -162.246633574 0
35 A -161.440029081 0
35 C -158.551773387 0
35 D -162.67664033 0
35 E -165.319351417 1
35 F -155.911064864 0
35 G -158.88465569 0
35 H -159.776537506 0
35 I -163.722811863 0
35 K -163.389996479 0
35 L -163.890519088 0
35 M -162.635547553 0
35 N -162.810583549 0
35 P 85.7629039159 0
35 Q -160.154238356 0
35 R -160.18715256 0
35 S -159.907040551 0
35 T -160.668002555 0
35 V -160.168222382 0
35 W -163.050486503 0
35 Y -154.926676974 0
36 A -162.243796875 1
36 C -152.883729454 0
36 D -150.025905928 0
36 E -144.325800368 0
36 F 11.3798617946 0
36 G -157.224687401 0
36 H -77.2046155423 0
36 I -104.082515028 0
36 K -98.5778025005 0
36 L -148.749700428 0
36 M -82.7281709812 0
36 N -150.28673701 0
36 P 90.5215892879 0
36 Q -144.766075034 0
36 R -114.107245714 0
36 S -158.041505103 0
36 T -155.151353852 0
36 V -95.097854017 0
36 W -81.628941376 0
36 Y 13.6896310346 0
37 A -157.547025737 0
37 C -156.012298054 0
37 D -158.678559078 0
37 E -159.913275405 0
37 F -162.197446701 0
37 G -155.215016534 0
37 H -160.104513269 0
37 I -155.626931879 0
37 K -159.673099612 0
37 L -157.996728692 0
37 M -158.823014747 0
37 N -159.557642664 0
37 P 27.1391073435 0
37 Q -157.970872176 0
37 R -159.105942223 0
37 S -156.922058721 0
37 T -156.68255581 0
37 V -155.595100467 0
37 W -159.807366514 0
37 Y -162.168774948 1
38 A -161.946237228 1
38 C -159.306796782 0
38 D -159.905796214 0
38 E -161.599948567 0
38 F -159.989026861 0
38 G -160.309388745 0
38 H -161.251527187 0
38 I -160.740513079 0
38 K -161.857850215 0
38 L -161.513727413 0
38 M -160.079198677 0
38 N -160.894120402 0
38 P 190.824261842 0
38 Q -160.526975354 0
38 R -161.598965878 0
38 S -160.815651807 0
38 T -161.036305677 0
38 V -157.724277536 0
38 W -161.486400569 0
38 Y -159.804671825 0
39 A -157.478618033 0
39 C -154.344765502 0
39 D -157.067567258 0
39 E -157.214753368 0
39 F -161.615707184 0
39 G -155.42458601 0
39 H -159.958250056 0
39 I -153.057448989 0
39 K -156.993625131 0
39 L -154.880534762 0
39 M -155.875896102 0
39 N -156.335834968 0
39 P 136.622824208 0
39 Q -156.466430612 0
39 R -156.083596433 0
39 S -156.687076115 0
39 T -157.095796385 0
39 V -154.447212877 0
39 W -158.454274636 0
39 Y -161.681234084 1
40 A -162.486113176 1
40 C -148.12354541 0
40 D -151.024587028 0
40 E -50.8480826093 0
40 F -26.8530644533 0
40 G -156.604432834 0
40 H -132.198886461 0
40 I -145.002576377 0
40 K -70.7336720327 0
40 L -150.09114782 0
40 M -95.4204794053 0
40 N -154.851349074 0
40 P 20.3559471876 0
40 Q -17.6637839748 0
40 R -87.9028164349 0
40 S -157.979983548 0
40 T -118.737187631 0
40 V -153.956429766 0
40 W 44.63860871 0
40 Y -95.9573644819 0
41 A -161.63140479 0
41 C -159.803250239 0
41 D -163.732725904 1
41 E -161.803039046 0
41 F -151.239439192 0
41 G -159.747816835 0
41 H -159.132389612 0
41 I -158.925545697 0
41 K -161.627467126 0
41 L -160.479849105 0
41 M -159.607781366 0
41 N -162.91150649 0
41 P 128.338682291 0
41 Q -159.897591906 0
41 R -160.602795691 0
41 S -159.86954727 0
41 T -155.261014011 0
41 V -158.866476889 0
41 W -158.173564118 0
41 Y -151.075713753 0
42 A -164.533692825 0
42 C -162.564459555 0
42 D -163.977673343 0
42 E -165.226434398 0
42 F -162.305998932 0
42 G -163.853105896 0
42 H -164.051575906 0
42 I -161.086463751 0
42 K -165.342503186 0
42 L -165.437138245 0
42 M -164.06399565 0
42 N -164.539381303 0
42 P 99.9362832045 0
42 Q -164.098056053 0
42 R -164.908237656 0
42 S -164.858578918 0
42 T -163.676894788 1
42 V -161.542156823 0
42 W -163.596723814 0
42 Y -162.302054492 0
43 A -157.987687518 0
43 C -158.39959181 0
43 D -157.715378122 0
43 E -158.470405733 0
43 F -157.740787154 0
43 G -156.129150944 0
43 H -158.059557562 0
43 I -152.884044785 0
43 K -159.104461908 0
43 L -165.231354717 1
43 M -158.958485396 0
43 N -158.63275462 0
43 P 7.14580014355 0
43 Q -160.767898067 0
43 R -158.483806362 0
43 S -157.492733395 0
43 T -156.704605619 0
43 V -154.854113154 0
43 W -156.753340525 0
43 Y -151.231475471 0
44 A -165.157428256 0
44 C -163.134277706 0
44 D -159.849712241 0
44 E -163.873881755 0
44 F 5.5225328141 0
44 G -162.809212316 0
44 H -89.8773002882 0
44 I -164.767535375 0
44 K -165.04835422 1
44 L -156.193414956 0
44 M -160.285837652 0
44 N -160.572862789 0
44 P 27.6023952202 0
44 Q -163.458494373 0
44 R -164.526421173 0
44 S -164.129276033 0
44 T -164.043701958 0
44 V -164.983351564 0
44 W -19.3188080431 0
44 Y -37.7161938836 0
45 A -161.397964796 0
45 C -158.008763284 0
45 D -162.600270949 0
45 E -162.473303977 0
45 F -160.755417623 0
45 G -160.411397133 0
45 H -161.529322559 0
45 I -160.797198718 0
45 K -162.329705326 1
45 L -161.326211479 0
45 M -160.298575137 0
45 N -161.020819972 0
45 P -147.404450046 0
45 Q -160.328268143 0
45 R -161.973949013 0
45 S -161.766340809 0
45 T -161.354806299 0
45 V -160.867098826 0
45 W -160.135721423 0
45 Y -160.458655142 0
46 A -159.255011459 0
46 C -157.240995392 0
46 D -163.836188258 1
46 E -161.715785563 0
46 F -159.90372839 0
46 G -158.143687625 0
46 H -161.210426312 0
46 I -159.229169563 0
46 K -161.428407648 0
46 L -161.331895363 0
46 M -159.276770742 0
46 N -160.446246243 0
46 P -140.806554676 0
46 Q -159.649448714 0
46 R -160.643778016 0
46 S -160.347163571 0
46 T -160.386020636 0
46 V -159.427281569 0
46 W -159.234719028 0
46 Y -160.190057927 0
47 A -162.637332262 0
47 C -161.719937395 0
47 D -162.724327449 0
47 E -164.03875137 0
47 F -167.479512038 0
47 G -160.273952369 0
47 H -166.834884494 0
47 I -142.536524524 0
47 K -164.135842673 0
47 L -156.5418924 0
47 M -162.502070697 0
47 N -165.2441831 1
47 P 138.367925224 0
47 Q -163.544205387 0
47 R -163.496595357 0
47 S -162.31909549 0
47 T -162.050156151 0
47 V -142.387655596 0
47 W -167.562912275 0
47 Y -167.429718716 0
48 A -135.147113388 0
48 C -129.299725511 0
48 D -131.037458849 0
48 E -121.880359929 0
48 F -129.395888718 0
48 G -163.3611767 1
48 H -129.675269945 0
48 I -111.072680885 0
48 K -123.721535078 0
48 L 189.078444504 0
48 M -124.352783495 0
48 N -131.010933597 0
48 P -73.1177661231 0
48 Q -121.479542541 0
48 R -120.357256047 0
48 S -132.59525677 0
48 T -118.140281749 0
48 V -111.067411812 0
48 W -128.823880133 0
48 Y -128.851731243 0
49 A -159.497170833 0
49 C -157.710014189 0
49 D -160.705853209 0
49 E -161.362620642 1
49 F -159.035350339 0
49 G -159.451886871 0
49 H -159.77009936 0
49 I -158.031623063 0
49 K -160.330813242 0
49 L -160.344867774 0
49 M -158.837450769 0
49 N -159.967051526 0
49 P -163.821358759 0
49 Q -159.908811859 0
49 R -160.521503406 0
49 S -161.94944032 0
49 T -160.905601957 0
49 V -158.508889074 0
49 W -158.727551614 0
49 Y -159.564153789 0
50 A -153.470942818 0
50 C -152.030283997 0
50 D -150.218823192 0
50 E -148.982388168 0
50 F -158.796109737 0
50 G -148.815374209 0
50 H -156.818870989 0
50 I -148.218734898 0
50 K -153.107700744 0
50 L -155.299754758 0
50 M -154.41298246 0
50 N -152.090734387 0
50 P -136.040365342 0
50 Q -149.938809377 0
50 R -155.494576423 0
50 S -153.802187177 0
50 T -151.239774667 0
50 V -146.638946185 0
50 W -162.133348447 1
50 Y -160.345817258 0
51 A -159.883183126 0
51 C -158.770885466 0
51 D -160.774935669 0
51 E -161.52368135 0
51 F -161.475266891 0
51 G -159.190609071 0
51 H -161.277615103 0
51 I -161.664537327 0
51 K -161.476771395 0
51 L -161.35539446 0
51 M -160.285961711 0
51 N -160.21160095 0
51 P -60.7229386217 0
51 Q -160.578795598 0
51 R -162.607162086 0
51 S -161.462619887 0
51 T -161.90737934 1
51 V -162.266391668 0
51 W -160.120597813 0
51 Y -161.43204601 0
52 A -155.953028335 0
52 C -156.91104072 0
52 D -154.686442855 0
52 E -148.214928919 0
52 F -154.232572393 0
52 G -150.302517023 0
52 H -153.9447031 0
52 I -153.724473272 0
52 K -147.947805093 0
52 L -141.3116691 0
52 M -154.301874144 0
52 N -153.283666238 0
52 P -137.882143562 0
52 Q -130.074317371 0
52 R -151.916357252 0
52 S -155.322284137 0
52 T -156.356409321 0
52 V -161.558598679 1
52 W -152.992542186 0
52 Y -154.921907394 0
53 A -159.842273075 0
53 C -158.577954482 0
53 D -160.549349509 1
53 E -161.823949655 0
53 F -161.096297738 0
53 G -155.956929853 0
53 H -161.570146742 0
53 I -163.127681327 0
53 K -161.49058813 0
53 L -161.896662494 0
53 M -160.316972451 0
53 N -160.819533534 0
53 P -85.1692804434 0
53 Q -160.592851116 0
53 R -161.024815994 0
53 S -161.261431901 0
53 T -161.389268653 0
53 V -162.587467916 0
53 W -159.563649338 0
53 Y -161.339898698 0
54 A -155.91429075 0
54 C -156.079176125 0
54 D -156.525932516 0
54 E -158.779336955 0
54 F -152.217350354 0
54 G -153.988211467 0
54 H -156.642209157 0
54 I -165.018554009 0
54 K -157.02624124 0
54 L -158.145649517 0
54 M -158.152103765 0
54 N -157.522138662 0
54 P -156.693037979 0
54 Q -156.574459968 0
54 R -157.429761465 0
54 S -156.79415213 0
54 T -162.701949134 0
54 V -165.634612941 1
54 W -152.507884903 0
54 Y -150.858797386 0
55 A -164.882438281 1
55 C -163.695012044 0
55 D -166.869638027 0
55 E -165.089196131 0
55 F -159.971700433 0
55 G -164.166566514 0
55 H -159.572380859 0
55 I -151.454910368 0
55 K -165.701636926 0
55 L -157.668266614 0
55 M -163.185415638 0
55 N -164.433697405 0
55 P -54.7359214107 0
55 Q -166.024890617 0
55 R -166.064634941 0
55 S -164.278447985 0
55 T -165.411069162 0
55 V -158.452882807 0
55 W -160.480190612 0
55 Y -162.219738969 0
56 A -160.097933308 0
56 C -157.532123944 0
56 D -164.549833213 1
56 E -160.568862927 0
56 F -155.606071709 0
56 G -158.601292739 0
56 H -161.073042176 0
56 I -131.347936099 0
56 K -160.916549678 0
56 L -154.871298918 0
56 M -158.909184564 0
56 N -161.669092238 0
56 P -92.4545873773 0
56 Q -159.420044868 0
56 R -159.495578087 0
56 S -159.861337399 0
56 T -154.275137232 0
56 V -146.48167812 0
56 W -155.822618969 0
56 Y -156.541073707 0
57 A -162.884210193 0
57 C -161.008496494 0
57 D -165.779404349 0
57 E -164.351435191 0
57 F -162.89135555 0
57 G -163.910493705 0
57 H -164.972918635 0
57 I -128.267642771 0
57 K -165.083729052 1
57 L -163.222507102 0
57 M -162.369708705 0
57 N -166.144368529 0
57 P -103.393680886 0
57 Q -162.868875451 0
57 R -164.246022882 0
57 S -163.666668001 0
57 T -156.513011363 0
57 V -149.01961298 0
57 W -161.910623932 0
57 Y -162.467391546 0
58 A -152.495699741 0
58 C -147.509098721 0
58 D -152.746091045 0
58 E -151.622267741 0
58 F -150.633242727 0
58 G -165.214835655 1
58 H -153.098299633 0
58 I -117.868565479 0
58 K -152.392906509 0
58 L -150.829910209 0
58 M -147.980057093 0
58 N -153.358804733 0
58 P -62.7488768109 0
58 Q -151.319464297 0
58 R -152.252839646 0
58 S -149.217507575 0
58 T -144.985747765 0
58 V -115.15748947 0
58 W -150.203416482 0
58 Y -151.176939021 0
59 A -160.217086972 0
59 C -159.022681557 0
59 D -160.897158601 0
59 E -161.314279689 0
59 F -164.533265475 0
59 G -159.459537841 0
59 H -163.226376252 0
59 I -156.753591982 0
59 K -161.807421887 0
59 L -164.315730954 0
59 M -163.026224635 0
59 N -162.295298924 0
59 P 73.6338459127 0
59 Q -159.95156702 0
59 R -162.885236315 0
59 S -160.796634878 0
59 T -160.464480114 0
59 V -155.879335372 0
59 W -161.133048819 0
59 Y -164.573651717 1
60 A -160.840548597 0
60 C -160.260615423 0
60 D -156.911282578 0
60 E -161.812003349 0
60 F -151.683796676 0
60 G -156.286667619 0
60 H -156.851823265 0
60 I -157.408037201 0
60 K -161.185292071 0
60 L -163.299907274 0
60 M -160.889933747 0
60 N -160.560648673 0
60 P -97.6201154907 0
60 Q -161.443776494 0
60 R -159.81963476 0
60 S -162.309434824 0
60 T -165.367063062 1
60 V -164.56428208 0
60 W -155.113438456 0
60 Y -154.757192474 0
61 A -151.59533826 0
61 C -151.342011364 0
61 D -151.737608093 0
61 E -150.055222579 0
61 F -151.572267914 0
61 G -142.899911555 0
61 H -152.731355834 0
61 I -150.641697712 0
61 K -150.719683161 0
61 L -160.85661644 1
61 M -152.604405681 0
61 N -153.536341373 0
61 P -90.270887624 0
61 Q -153.381066409 0
61 R -152.425674408 0
61 S -150.317700692 0
61 T -150.581139648 0
61 V -140.237716613 0
61 W -145.602332015 0
61 Y -148.173190443 0
62 A -157.698648267 0
62 C -156.261517502 0
62 D -159.242320367 0
62 E -159.531462335 0
62 F -156.13962984 0
62 G -153.71183713 0
62 H -161.604232464 0
62 I -161.59846589 0
62 K -159.53813647 0
62 L -160.33351549 0
62 M -157.997057801 0
62 N -161.214229474 1
62 P -9.34511285424 0
62 Q -157.429457842 0
62 R -159.224588726 0
62 S -158.428249948 0
62 T -158.224093814 0
62 V -161.131194041 0
62 W -158.317035618 0
62 Y -154.631068293 0
63 A -148.741177256 0
63 C -150.440527812 0
63 D -147.938600563 0
63 E -149.797690095 0
63 F -137.382009855 0
63 G -142.778412612 0
63 H -137.53356927 0
63 I -161.797229243 1
63 K -143.168330151 0
63 L -154.783143591 0
63 M -152.220452972 0
63 N -150.789890094 0
63 P -40.9719706019 0
63 Q -151.908196649 0
63 R -147.922449099 0
63 S -148.70268979 0
63 T -153.422875076 0
63 V -158.100442113 0
63 W -110.056993864 0
63 Y -130.724441925 0
64 A -158.961131288 0
64 C -158.840819136 0
64 D -157.01895296 0
64 E -161.271185308 0
64 F -162.691231536 0
64 G -155.47526521 0
64 H -160.68560742 0
64 I -164.247875239 0
64 K -162.297771242 1
64 L -163.525043537 0
64 M -161.073929449 0
64 N -160.462933158 0
64 P -115.612862392 0
64 Q -162.278696138 0
64 R -161.787893172 0
64 S -159.870338834 0
64 T -161.454434074 0
64 V -163.863999492 0
64 W -162.313191042 0
64 Y -163.227542057 0
65 A -149.354698161 0
65 C -149.892289004 0
65 D -146.103845455 0
65 E -143.688772736 0
65 F -163.8151272 1
65 G -146.64223389 0
65 H -156.104212214 0
65 I -40.768370808 0
65 K -146.008775367 0
65 L -153.04540747 0
65 M -152.500689608 0
65 N -150.134460597 0
65 P -24.6643730532 0
65 Q -145.005397948 0
65 R -134.73930175 0
65 S -148.410774037 0
65 T -145.987249341 0
65 V -110.258750958 0
65 W -146.224466138 0
65 Y -163.067523282 0
66 A -162.382384912 1
66 C -161.967665876 0
66 D -162.831653846 0
66 E -163.454269061 0
66 F -161.277961998 0
66 G -161.75771432 0
66 H -161.919992184 0
66 I -158.642311107 0
66 K -163.465494455 0
66 L -164.553740708 0
66 M -163.391999483 0
66 N -162.974346104 0
66 P 54.0876150528 0
66 Q -163.436311557 0
66 R -162.996871368 0
66 S -162.659758551 0
66 T -162.920695511 0
66 V -158.242286132 0
66 W -160.370780716 0
66 Y -158.849792645 0
67 A -158.238626688 0
67 C -155.200788907 0
67 D -151.658365354 0
67 E -155.760591788 0
67 F -128.47946293 0
67 G -160.32939478 1
67 H -155.628379098 0
67 I -144.201991626 0
67 K -156.694017484 0
67 L -156.242015078 0
67 M -157.334734417 0
67 N -153.70393636 0
67 P -106.61645032 0
67 Q -154.254722181 0
67 R -156.101375662 0
67 S -156.376080998 0
67 T -151.999764951 0
67 V -142.038343869 0
67 W 161.968025937 0
67 Y -153.807109177 0
