1 A -229.263908562 0
1 C -230.025099902 0
1 D -237.257270892 0
1 E -237.166449881 0
1 F -223.757321029 0
1 G -227.608368167 0
1 H -229.773545674 0
1 I -240.917071063 0
1 K -228.529498757 0
1 L -245.874020407 1
1 M -236.20727841 0
1 N -237.609239403 0
1 P -231.586433291 0
1 Q -235.300158043 0
1 R -229.026163819 0
1 S -230.858693459 0
1 T -235.67968053 0
1 V -237.560846893 0
1 W 489.334909629 0
1 Y -222.577885935 0
2 A -237.801732989 0
2 C -237.149288898 0
2 D -240.766906234 1
2 E -238.794043267 0
2 F -237.021673403 0
2 G -235.488289136 0
2 H -238.434455586 0
2 I -238.692077292 0
2 K -238.027148168 0
2 L -231.97331365 0
2 M -237.297860764 0
2 N -239.650932737 0
2 P -235.136111901 0
2 Q -237.816209524 0
2 R -238.62560409 0
2 S -237.511256372 0
2 T -237.747525358 0
2 V -239.905540116 0
2 W -238.130938717 0
2 Y -237.695139788 0
3 A -242.915146132 1
3 C -238.989307303 0
3 D -239.912219256 0
3 E -242.390678547 0
3 F -240.841021471 0
3 G -241.084207859 0
3 H -242.613885898 0
3 I -231.679198056 0
3 K -241.029925994 0
3 L -239.75848271 0
3 M -241.916137202 0
3 N -240.676012167 0
3 P -245.793654002 0
3 Q -241.206643351 0
3 R -241.702822628 0
3 S -243.021285935 0
3 T -238.890976042 0
3 V -229.94754474 0
3 W -239.681706657 0
3 Y -240.663173555 0
4 A -241.252297573 0
4 C -238.838702864 0
4 D -235.407882814 0
4 E -233.208202834 0
4 F -199.042891263 0
4 G -237.479770128 0
4 H -212.860321837 0
4 I -212.500513652 0
4 K -200.078225748 0
4 L -224.595691918 0
4 M -215.03139512 0
4 N -234.370405376 0
4 P -245.034887986 1
4 Q -229.319177 0
4 R -157.713765604 0
4 S -240.373329154 0
4 T -238.898780624 0
4 V -238.831526352 0
4 W -165.985225553 0
4 Y -200.586124031 0
5 A -244.836755313 0
5 C -246.693294391 0
5 D -247.062167607 0
5 E -247.644969435 0
5 F -240.801871617 0
5 G -243.762920145 0
5 H -249.744003599 0
5 I -243.012682523 0
5 K -249.964201812 0
5 L -250.625059142 0
5 M -247.703387565 0
5 N -247.668388632 0
5 P -178.653734359 0
5 Q -250.783756412 0
5 R -250.728947763 0
5 S -244.574520786 1
5 T -248.544224099 0
5 V -243.411044981 0
5 W -247.781691312 0
5 Y -244.323006508 0
6 A -244.60769595 0
6 C -242.55331257 0
6 D -246.489036489 0
6 E -245.836801293 0
6 F -245.642699318 0
6 G -245.109166543 0
6 H -246.585363512 0
6 I -226.704640694 0
6 K -246.122951378 0
6 L -244.787295712 0
6 M -243.72416337 0
6 N -247.361847137 0
6 P -186.820168644 0
6 Q -244.691022591 1
6 R -245.849852541 0
6 S -245.425331388 0
6 T -240.751773087 0
6 V -234.77340731 0
6 W -243.370756847 0
6 Y -243.847941079 0
7 A -239.894078729 0
7 C -240.742233371 0
7 D -238.10918423 0
7 E -240.419647105 0
7 F -236.444069616 0
7 G -237.76853686 0
7 H -241.31630865 0
7 I -248.610876959 1
7 K -228.185458375 0
7 L -245.683688869 0
7 M -233.034850046 0
7 N -241.630326855 0
7 P -238.306861682 0
7 Q -240.009754058 0
7 R -231.665209468 0
7 S -240.128573294 0
7 T -242.224186796 0
7 V -245.789495645 0
7 W -222.058606537 0
7 Y -233.97751117 0
8 A -246.098443047 0
8 C -244.533478886 0
8 D -245.514558619 0
8 E -246.887515931 1
8 F -245.837941373 0
8 G -243.010511824 0
8 H -245.988123755 0
8 I -246.368451 0
8 K -247.122595264 0
8 L -246.652939851 0
8 M -246.099195589 0
8 N -245.809114854 0
8 P -119.182116527 0
8 Q -245.847153458 0
8 R -248.548330516 0
8 S -245.19569675 0
8 T -246.065356603 0
8 V -246.549501439 0
8 W -227.542969305 0
8 Y -245.748250572 0
9 A -233.409429569 0
9 C -235.084903334 0
9 D -232.140069606 0
9 E -231.13177876 0
9 F -232.02415187 0
9 G -227.720107877 0
9 H -233.721520093 0
9 I -241.059574344 0
9 K -228.066920514 0
9 L -229.653571649 0
9 M -233.470491825 0
9 N -233.537800109 0
9 P -224.640017772 0
9 Q -232.496192375 0
9 R -167.097786756 0
9 S -233.810445847 0
9 T -236.783541261 0
9 V -241.372783625 1
9 W -165.330035466 0
9 Y -226.351239905 0
10 A -235.608826361 0
10 C -235.25914681 0
10 D -237.104331886 0
10 E -234.758785793 0
10 F -229.247269352 0
10 G -234.684847777 0
10 H -236.936472426 0
10 I -234.068279221 0
10 K -238.254238619 1
10 L -237.96082836 0
10 M -235.748926702 0
10 N -236.971075842 0
10 P -141.658224575 0
10 Q -235.849131136 0
10 R -239.18643471 0
10 S -236.566158832 0
10 T -238.753764391 0
10 V -239.544100192 0
10 W -232.336847051 0
10 Y -228.239639066 0
11 A -234.755832557 0
11 C -233.394659528 0
11 D -237.863137105 1
11 E -237.054863886 0
11 F -235.853430255 0
11 G -234.41087067 0
11 H -237.430704692 0
11 I -205.027977309 0
11 K -237.180475045 0
11 L -235.657156816 0
11 M -234.420991181 0
11 N -238.308579401 0
11 P -170.856442766 0
11 Q -235.841508276 0
11 R -237.090259813 0
11 S -235.793061182 0
11 T -230.233029908 0
11 V -222.495668589 0
11 W -234.172570168 0
11 Y -235.463541981 0
12 A -234.382966723 0
12 C -234.557350747 0
12 D -232.581232109 0
12 E -232.947152582 0
12 F -192.698008021 0
12 G -231.381166573 0
12 H -22.0491520683 0
12 I -238.886540397 0
12 K -231.57418613 0
12 L -228.826145029 0
12 M -234.545304368 0
12 N -234.650852671 0
12 P -227.213535217 0
12 Q -230.795901522 0
12 R -234.625480662 0
12 S -234.50127856 0
12 T -236.777374729 0
12 V -240.537733808 1
12 W -158.437991199 0
12 Y 531.84441997 0
13 A -236.274937254 0
13 C -235.505639007 0
13 D -239.859535612 0
13 E -237.822774036 0
13 F -237.034128729 0
13 G -237.901375642 0
13 H -238.309197036 0
13 I -227.53642255 0
13 K -237.982890004 0
13 L -237.383563354 0
13 M -235.870945048 0
13 N -238.316167245 0
13 P -123.867182251 0
13 Q -237.047126108 0
13 R -238.50834648 0
13 S -238.067053292 0
13 T -239.122277766 1
13 V -232.203467918 0
13 W -235.287297474 0
13 Y -237.732768752 0
14 A -240.906172373 0
14 C -237.27464153 0
14 D -239.789489004 1
14 E -243.154918126 0
14 F -237.915837474 0
14 G -238.957560266 0
14 H -239.757935356 0
14 I -236.690041536 0
14 K -241.084128206 0
14 L -240.186643301 0
14 M -239.576577107 0
14 N -239.097163238 0
14 P -239.40498132 0
14 Q -240.264833807 0
14 R -240.427989842 0
14 S -241.189097193 0
14 T -238.953328042 0
14 V -237.017588328 0
14 W -237.320926652 0
14 Y -237.753964003 0
15 A -237.33726813 0
15 C -237.023025493 0
15 D -239.416994103 0
15 E -239.087193721 0
15 F -238.060378429 0
15 G -236.235535145 0
15 H -238.183912478 0
15 I -238.590297621 0
15 K -239.47469953 0
15 L -231.660629933 0
15 M -238.025147181 0
15 N -239.752851675 0
15 P -214.981104687 0
15 Q -237.459858764 0
15 R -241.043017567 0
15 S -239.133446456 0
15 T -240.724807737 1
15 V -240.09238375 0
15 W -237.856228936 0
15 Y -236.950374676 0
16 A -239.073329983 0
16 C -237.739950794 0
16 D -236.869646622 0
16 E -239.28546177 0
16 F -237.238672843 0
16 G -237.703873016 0
16 H -238.437490799 0
16 I -234.507797907 0
16 K -238.478602315 0
16 L -236.102179058 0
16 M -238.358593269 0
16 N -235.081352341 0
16 P -195.352504313 0
16 Q -237.304277334 0
16 R -238.932376638 0
16 S -239.511799392 0
16 T -239.976391121 1
16 V -235.115581521 0
16 W -235.913014323 0
16 Y -236.828443459 0
17 A -239.234956611 1
17 C -236.130295245 0
17 D -229.229905801 0
17 E -219.878512972 0
17 F -167.863305762 0
17 G -232.600292366 0
17 H -209.167072482 0
17 I -210.048818622 0
17 K -195.867380268 0
17 L -96.9269740547 0
17 M -216.399866843 0
17 N -231.176519353 0
17 P -187.085132108 0
17 Q -221.045216982 0
17 R -215.498674188 0
17 S -237.663026595 0
17 T -236.153529978 0
17 V -234.725227857 0
17 W -199.594055505 0
17 Y -34.728049855 0
18 A -233.204992616 0
18 C -233.118588426 0
18 D -230.856227407 0
18 E -233.189236533 0
18 F -234.655713433 0
18 G -228.671460958 0
18 H -234.128562657 0
18 I -237.545669887 0
18 K -236.844874003 0
18 L -239.868359405 1
18 M -236.126479139 0
18 N -235.214893557 0
18 P -115.945254918 0
18 Q -233.192672126 0
18 R -234.822568038 0
18 S -234.243275368 0
18 T -236.232548518 0
18 V -238.56559743 0
18 W -234.41368414 0
18 Y -234.4196933 0
19 A -231.368280638 0
19 C -233.178123032 0
19 D -230.90659394 0
19 E -233.486191188 0
19 F -229.143270853 0
19 G -226.376292002 0
19 H -231.552896046 0
19 I -241.467820213 1
19 K -225.992111346 0
19 L -230.576883824 0
19 M -233.153828423 0
19 N -233.020337775 0
19 P -155.941337823 0
19 Q -230.250620965 0
19 R -222.664188398 0
19 S -231.703988658 0
19 T -235.467365006 0
19 V -239.109656246 0
19 W -215.00340041 0
19 Y -224.200690389 0
20 A -244.466048793 0
20 C -244.860205516 0
20 D -240.970380312 0
20 E -247.650807954 0
20 F -241.836728101 0
20 G -242.725615991 0
20 H -243.51570216 0
20 I -244.784176959 0
20 K -244.961106798 0
20 L -238.671842894 0
20 M -245.630816726 0
20 N -242.172405522 0
20 P -149.309422571 0
20 Q -248.391815202 0
20 R -243.74817816 0
20 S -243.784373605 0
20 T -247.609271061 1
20 V -245.321701646 0
20 W -246.44053289 0
20 Y -244.081097514 0
21 A -234.373008694 0
21 C -234.908829239 0
21 D -232.16900299 0
21 E -231.394646056 0
21 F -244.260348849 0
21 G -230.540351594 0
21 H -237.602689208 0
21 I -224.199444099 0
21 K -230.042019625 0
21 L -218.119257083 0
21 M -239.010340256 0
21 N -235.603029703 0
21 P -200.222231555 0
21 Q -234.32950492 0
21 R -235.706405516 0
21 S -234.176969156 0
21 T -232.544877111 0
21 V -226.676791428 0
21 W -249.121938737 1
21 Y -244.082604012 0
22 A -248.14532136 0
22 C -247.374779183 0
22 D -246.472073194 0
22 E -248.26908724 0
22 F -249.439431418 1
22 G -246.445665151 0
22 H -251.252141552 0
22 I -248.141191837 0
22 K -251.251882598 0
22 L -250.199947079 0
22 M -247.5693543 0
22 N -245.589011211 0
22 P -9.68960347219 0
22 Q -248.420113814 0
22 R -251.445503754 0
22 S -248.270891495 0
22 T -247.424108263 0
22 V -249.281375136 0
22 W -248.303124454 0
22 Y -249.507999962 0
23 A -246.788319346 0
23 C -245.705017378 0
23 D -245.993896227 0
23 E -247.638797725 0
23 F -247.566001463 0
23 G -239.519007179 0
23 H -254.493428666 0
23 I -248.92251027 0
23 K -256.141495788 1
23 L -250.145802996 0
23 M -248.219019739 0
23 N -245.64455043 0
23 P -247.637720441 0
23 Q -246.591171203 0
23 R -248.516361579 0
23 S -247.915784676 0
23 T -247.610882478 0
23 V -246.98879562 0
23 W -246.367351782 0
23 Y -243.77075976 0
24 A -247.107842994 0
24 C -241.721219283 0
24 D -212.781981256 0
24 E -214.708554072 0
24 F -30.0220329646 0
24 G -242.881760333 0
24 H 52.1773910768 0
24 I -219.389726807 0
24 K -100.587098748 0
24 L -107.734113661 0
24 M -205.502828921 0
24 N -235.310956859 0
24 P -250.745429198 1
24 Q -211.382063615 0
24 R -166.178595726 0
24 S -245.680130976 0
24 T -238.766292558 0
24 V -238.814787988 0
24 W 161.654912752 0
24 Y -46.4736445621 0
25 A -246.553604129 0
25 C -243.797664025 0
25 D -245.733848237 0
25 E -247.462599381 0
25 F -244.647624756 0
25 G -245.37601562 0
25 H -247.237074153 0
25 I -246.325108658 0
25 K -247.94083141 0
25 L -247.179838615 1
25 M -245.85673099 0
25 N -245.925435961 0
25 P -238.460148204 0
25 Q -245.688245436 0
25 R -247.563272263 0
25 S -246.420723106 0
25 T -246.623911845 0
25 V -246.417773941 0
25 W -245.621701324 0
25 Y -244.666857268 0
26 A -248.876716132 1
26 C -246.623421923 0
26 D -251.054183365 0
26 E -250.499383021 0
26 F -245.968264872 0
26 G -245.768540278 0
26 H -248.520028624 0
26 I -242.995941995 0
26 K -247.518703372 0
26 L -242.586699066 0
26 M -245.999707364 0
26 N -247.996349238 0
26 P -239.309790008 0
26 Q -247.750622318 0
26 R -246.297355868 0
26 S -247.754633983 0
26 T -247.727613551 0
26 V -248.951528997 0
26 W -246.480898233 0
26 Y -245.848317369 0
27 A -249.078576644 0
27 C -246.777680739 0
27 D -248.870433163 0
27 E -250.353452161 1
27 F -249.228621958 0
27 G -247.739593452 0
27 H -248.893701046 0
27 I -249.080083619 0
27 K -250.150254912 0
27 L -249.161470837 0
27 M -248.320893535 0
27 N -248.677011006 0
27 P -251.42771848 0
27 Q -248.198205414 0
27 R -249.495753118 0
27 S -249.760167411 0
27 T -249.413553012 0
27 V -249.114921016 0
27 W -248.910848482 0
27 Y -247.930923997 0
28 A -240.652555879 0
28 C -241.963723495 0
28 D -235.876769562 0
28 E -237.651754875 0
28 F -209.638691246 0
28 G -237.598211892 0
28 H -234.355840153 0
28 I -247.224402448 1
28 K -203.315261644 0
28 L -241.277576236 0
28 M -236.613654403 0
28 N -243.918557399 0
28 P -211.441675194 0
28 Q -238.908461115 0
28 R -210.310204051 0
28 S -240.042115816 0
28 T -243.278824298 0
28 V -245.849255552 0
28 W 143.730365488 0
28 Y -195.855907293 0
29 A -239.790948793 0
29 C -238.27282156 0
29 D -247.045450968 1
29 E -242.501800174 0
29 F -239.180375952 0
29 G -238.670781026 0
29 H -241.990971763 0
29 I -237.999459522 0
29 K -240.629043927 0
29 L -240.002470228 0
29 M -238.468493962 0
29 N -241.24245289 0
29 P 18.8729785633 0
29 Q -239.28782854 0
29 R -239.972060698 0
29 S -239.896404505 0
29 T -238.787632061 0
29 V -238.621900133 0
29 W -239.642177716 0
29 Y -238.253216333 0
30 A -160.728761338 0
30 C -162.719317037 0
30 D -164.59633026 0
30 E -166.27043092 0
30 F -167.368989379 0
30 G -240.894039554 1
30 H -165.092260663 0
30 I -99.1073003859 0
30 K -161.879196038 0
30 L -168.548262521 0
30 M -163.822678576 0
30 N -163.103225268 0
30 P -145.369188213 0
30 Q -158.800776433 0
30 R -165.981770009 0
30 S -160.301737471 0
30 T -115.618473259 0
30 V -101.460585698 0
30 W -164.68805001 0
30 Y -164.427098145 0
31 A -233.010980921 0
31 C -233.920830934 0
31 D -232.604348 0
31 E -229.83109297 0
31 F -221.384312078 0
31 G -228.190391427 0
31 H -232.727740103 0
31 I -241.42117603 1
31 K -227.474352743 0
31 L -238.497715447 0
31 M -234.65470657 0
31 N -234.700928328 0
31 P -204.686951719 0
31 Q -227.358207641 0
31 R -219.054116277 0
31 S -233.281114735 0
31 T -237.388030056 0
31 V -240.48735386 0
31 W -156.886823745 0
31 Y -208.583705394 0
32 A -236.301721044 0
32 C -236.07894563 0
32 D -237.129989359 0
32 E -238.197945497 1
32 F -234.914714375 0
32 G -232.891664137 0
32 H -236.25026943 0
32 I -237.470638952 0
32 K -237.827965894 0
32 L -238.630698871 0
32 M -236.265582478 0
32 N -234.180822164 0
32 P -166.009656726 0
32 Q -238.463989892 0
32 R -236.017605765 0
32 S -236.463695479 0
32 T -233.981249997 0
32 V -237.183883649 0
32 W -235.344254752 0
32 Y -233.801614905 0
33 A -227.746658518 0
33 C -230.201754774 0
33 D -227.907615669 0
33 E -232.314446451 0
33 F -211.662857617 0
33 G -222.472413766 0
33 H -226.241509368 0
33 I -233.135682052 0
33 K -221.841706753 0
33 L -240.124430433 1
33 M -233.681246121 0
33 N -230.308139236 0
33 P -162.581542656 0
33 Q -231.926761933 0
33 R -215.100763832 0
33 S -229.616363474 0
33 T -232.027360995 0
33 V -235.053543516 0
33 W -223.51752561 0
33 Y -208.870343599 0
34 A -236.056152339 0
34 C -235.400373026 0
34 D -232.46141534 0
34 E -237.010651913 0
34 F -222.503949562 0
34 G -232.128803834 0
34 H -229.190945504 0
34 I -239.666979896 0
34 K -235.665388337 0
34 L -224.75436856 0
34 M -236.915107216 0
34 N -234.917360722 0
34 P -134.726105541 0
34 Q -235.530008554 0
34 R -237.073447016 0
34 S -235.084232377 0
34 T -238.788425708 1
34 V -239.50040514 0
34 W -227.481346979 0
34 Y -221.633974883 0
35 A -231.086203223 0
35 C -230.271376329 0
35 D -228.443156673 0
35 E -229.67289003 0
35 F -238.625030548 0
35 G -227.132670142 0
35 H -233.574853566 0
35 I -227.560270422 0
35 K -231.021143793 0
35 L -220.104598873 0
35 M -232.849866071 0
35 N -231.160280246 0
35 P -187.627267156 0
35 Q -228.985689975 0
35 R -232.837602876 0
35 S -230.527982278 0
35 T -231.741832088 0
35 V -231.369455126 0
35 W -238.763753401 0
35 Y -239.42235328 1
36 A -114.358881336 0
36 C 37.6938063477 0
36 D 161.142144898 0
36 E 127.946150944 0
36 F 32.8179210861 0
36 G -239.041990257 1
36 H 137.507648189 0
36 I 506.315849104 0
36 K 116.852201443 0
36 L 82.0966340722 0
36 M 209.831188504 0
36 N 212.677926468 0
36 P -50.6036204997 0
36 Q 135.399199882 0
36 R 167.157828001 0
36 S -116.389698529 0
36 T 66.0517614261 0
36 V 182.222243445 0
36 W 225.835911181 0
36 Y 164.164328946 0
37 A -237.912334741 0
37 C -238.030149239 0
37 D -237.714138123 0
37 E -238.718660268 0
37 F -212.790881457 0
37 G -234.876343719 0
37 H -237.053164209 0
37 I -241.782932972 1
37 K -238.389055808 0
37 L -235.641941819 0
37 M -238.912831411 0
37 N -237.99341425 0
37 P -222.686183798 0
37 Q -241.048500204 0
37 R -239.237240896 0
37 S -237.307500119 0
37 T -238.509503123 0
37 V -240.378255324 0
37 W -230.480997354 0
37 Y -212.669628875 0
38 A -240.525089505 0
38 C -236.061439462 0
38 D -233.322929828 0
38 E -238.299221161 0
38 F -238.226529404 0
38 G -236.116115278 0
38 H -238.890821733 0
38 I -239.18709704 0
38 K -240.867743378 1
38 L -237.924212169 0
38 M -238.053181442 0
38 N -236.136412532 0
38 P 14.4290991667 0
38 Q -237.488615542 0
38 R -241.401104957 0
38 S -238.62673373 0
38 T -237.847515708 0
38 V -238.57990408 0
38 W -238.005994663 0
38 Y -238.294913595 0
39 A -236.497241158 0
39 C -235.650737439 0
39 D -239.205726534 1
39 E -238.465879524 0
39 F -239.429091293 0
39 G -236.522708335 0
39 H -239.604535624 0
39 I -238.067312722 0
39 K -238.853255694 0
39 L -239.050629931 0
39 M -237.662259387 0
39 N -239.381975691 0
39 P -220.744454777 0
39 Q -237.267529046 0
39 R -239.065675136 0
39 S -238.409046716 0
39 T -239.081557433 0
39 V -238.116006437 0
39 W -239.523830904 0
39 Y -239.722072471 0
40 A -235.580214896 0
40 C -234.430924146 0
40 D -239.117583222 0
40 E -236.295193594 0
40 F -234.245653641 0
40 G -222.862274646 0
40 H -236.231613593 0
40 I -238.836079934 0
40 K -236.78799517 0
40 L -237.165099835 0
40 M -235.890436095 0
40 N -238.20265935 0
40 P -120.394132583 0
40 Q -237.175853791 0
40 R -238.960099363 0
40 S -235.230996 0
40 T -236.267031379 0
40 V -239.189123667 1
40 W -233.807474876 0
40 Y -233.782059781 0
41 A -235.329177338 0
41 C -232.155452643 0
41 D -236.584503437 0
41 E -238.114963542 0
41 F -233.678061717 0
41 G -235.017591058 0
41 H -236.780617199 0
41 I -233.512694414 0
41 K -236.471680672 0
41 L -235.024959665 0
41 M -234.701749319 0
41 N -235.044684445 0
41 P -239.015681582 1
41 Q -235.357213871 0
41 R -235.696360121 0
41 S -237.06527968 0
41 T -235.127834742 0
41 V -233.522968467 0
41 W -235.675794454 0
41 Y -233.895991956 0
42 A -237.31183836 0
42 C -235.921611886 0
42 D -239.310721225 0
42 E -240.307109208 0
42 F -238.297335802 0
42 G -237.19808637 1
42 H -238.539876873 0
42 I -236.940021347 0
42 K -238.941644841 0
42 L -238.768449597 0
42 M -237.542808476 0
42 N -238.706036248 0
42 P -219.412285619 0
42 Q -239.512684632 0
42 R -238.397302175 0
42 S -239.479105859 0
42 T -239.095469485 0
42 V -237.056807008 0
42 W -240.253378669 0
42 Y -238.420781164 0
43 A -231.559591114 0
43 C -228.918867603 0
43 D -237.453130488 1
43 E -231.597308834 0
43 F -227.152533495 0
43 G -227.721306243 0
43 H -233.70906964 0
43 I -224.922390783 0
43 K -229.667541163 0
43 L -184.182888732 0
43 M -230.460546649 0
43 N -232.772442057 0
43 P 15.3271294433 0
43 Q -229.550785837 0
43 R -229.108937079 0
43 S -229.243064086 0
43 T -227.535152618 0
43 V -226.314248415 0
43 W -212.98447424 0
43 Y -227.26478741 0
44 A -229.410729118 0
44 C -228.651119498 0
44 D -224.190199873 0
44 E -229.547102329 0
44 F -119.677426184 0
44 G -225.244148853 0
44 H -225.504288023 0
44 I -227.688350353 0
44 K -233.866709824 0
44 L -232.044480565 0
44 M -230.593275828 0
44 N -230.157167695 0
44 P -115.567727859 0
44 Q -231.566876887 0
44 R -239.065431767 1
44 S -230.256360098 0
44 T -229.286517382 0
44 V -228.371546738 0
44 W -218.916945779 0
44 Y -121.957004353 0
45 A -234.785407664 0
45 C -234.385329838 0
45 D -234.574748083 0
45 E -235.673043883 0
45 F -236.087730805 0
45 G -230.216861763 0
45 H -236.286886308 0
45 I -239.855112575 0
45 K -236.739504994 0
45 L -237.484506437 0
45 M -235.394942206 0
45 N -235.689118583 0
45 P -124.209986503 0
45 Q -235.462683253 0
45 R -235.965581766 0
45 S -235.896125901 0
45 T -237.648251086 1
45 V -238.842622761 0
45 W -234.767733264 0
45 Y -235.528656114 0
46 A -234.741231852 0
46 C -235.005077302 0
46 D -230.295481421 0
46 E -233.856193607 0
46 F -227.775940541 0
46 G -231.191599265 0
46 H -232.568199185 0
46 I -237.163154264 0
46 K -237.501584494 0
46 L -237.429912229 0
46 M -236.369606519 0
46 N -234.532594961 0
46 P -227.864336513 0
46 Q -237.423718596 0
46 R -237.980380189 0
46 S -235.475128947 0
46 T -238.104820433 1
46 V -237.561451026 0
46 W -227.103542193 0
46 Y -226.030906769 0
47 A -233.380711482 0
47 C -232.859143228 0
47 D -231.62919107 0
47 E -234.068416436 0
47 F -231.298669779 0
47 G -226.470681699 0
47 H -228.989472597 0
47 I -239.230130896 1
47 K -234.670222426 0
47 L -224.640529607 0
47 M -234.301997509 0
47 N -232.714241662 0
47 P -94.0469210135 0
47 Q -234.57927746 0
47 R -233.887517191 0
47 S -232.673956103 0
47 T -234.791535232 0
47 V -238.570207912 0
47 W -231.954811978 0
47 Y -229.632780321 0
48 A -236.61373108 0
48 C -236.005209466 0
48 D -238.282564375 1
48 E -238.818249697 0
48 F -239.483883467 0
48 G -234.001093751 0
48 H -239.610071948 0
48 I -240.091081726 0
48 K -238.770326716 0
48 L -240.422810903 0
48 M -238.786232593 0
48 N -238.433983345 0
48 P -235.356334942 0
48 Q -236.636973494 0
48 R -238.402701976 0
48 S -237.920124309 0
48 T -238.235875226 0
48 V -239.948071222 0
48 W -238.134604795 0
48 Y -238.951124977 0
49 A -232.915892963 0
49 C -234.40587123 0
49 D -231.645054353 0
49 E -230.99728572 0
49 F -231.757016032 0
49 G -230.788115672 0
49 H -235.56611887 0
49 I -230.055044616 0
49 K -234.318599829 0
49 L -241.662590292 1
49 M -237.022918504 0
49 N -234.926138991 0
49 P -122.221043653 0
49 Q -232.586661412 0
49 R -233.892716882 0
49 S -233.560806831 0
49 T -232.890869613 0
49 V -230.168474947 0
49 W -190.731577701 0
49 Y -223.051290192 0
50 A -237.814557176 0
50 C -235.43834191 0
50 D -237.496973792 0
50 E -237.769867471 0
50 F -236.57147403 0
50 G -238.550083037 0
50 H -237.43996587 0
50 I -233.051741971 0
50 K -238.735236711 0
50 L -238.472245338 0
50 M -236.966556916 0
50 N -237.659542257 0
50 P -235.307000278 0
50 Q -237.001533297 0
50 R -237.768654744 0
50 S -238.597255192 0
50 T -240.279367878 1
50 V -234.125925043 0
50 W -236.47844372 0
50 Y -236.323449384 0
51 A -242.813581489 0
51 C -238.21665358 0
51 D -239.991452385 0
51 E -246.217618685 1
51 F -240.389610647 0
51 G -239.981401966 0
51 H -241.343487123 0
51 I -204.046380539 0
51 K -249.371934756 0
51 L -235.260586435 0
51 M -238.334112504 0
51 N -239.842953814 0
51 P -169.803316084 0
51 Q -246.176201441 0
51 R -248.253892061 0
51 S -242.285219124 0
51 T -237.660563478 0
51 V -242.567555968 0
51 W -242.681663065 0
51 Y -240.878728963 0
52 A -240.354957986 0
52 C -238.737440763 0
52 D -242.620940233 1
52 E -242.228728779 0
52 F -239.300419486 0
52 G -239.840043854 0
52 H -238.63112034 0
52 I -239.20537867 0
52 K -240.776679449 0
52 L -241.166760791 0
52 M -239.828298052 0
52 N -240.675832526 0
52 P -222.889410429 0
52 Q -239.841888165 0
52 R -240.605946142 0
52 S -242.000804275 0
52 T -241.027158389 0
52 V -239.596676295 0
52 W -239.384959653 0
52 Y -239.080083623 0
53 A -241.013404498 0
53 C -239.639807071 0
53 D -239.125329857 0
53 E -244.143261518 1
53 F -237.098805867 0
53 G -239.004241952 0
53 H -237.786673713 0
53 I -245.216005118 0
53 K -242.084210605 0
53 L -242.915275502 0
53 M -242.90290206 0
53 N -240.151457481 0
53 P -92.124899605 0
53 Q -244.410556649 0
53 R -241.140821906 0
53 S -241.973296868 0
53 T -242.901796482 0
53 V -244.387979607 0
53 W -237.650297478 0
53 Y -237.189900523 0
54 A -240.102283817 0
54 C -240.830800861 0
54 D -243.835131951 0
54 E -242.392549159 0
54 F -241.361338186 0
54 G -237.843513613 0
54 H -241.149515444 0
54 I -243.289934437 0
54 K -240.541673451 0
54 L -237.345916818 0
54 M -241.761451998 0
54 N -244.129925999 1
54 P -231.590799321 0
54 Q -242.274228896 0
54 R -243.133210624 0
54 S -241.912645271 0
54 T -245.049507922 0
54 V -243.667958164 0
54 W -241.95985919 0
54 Y -240.915074458 0
55 A -242.906922652 0
55 C -239.953019919 0
55 D -239.350753465 0
55 E -241.963882592 0
55 F -241.792623007 0
55 G -239.049655369 0
55 H -242.477606459 0
55 I -232.50375039 0
55 K -241.985729915 0
55 L -238.570261589 0
55 M -241.462441447 0
55 N -241.051275044 0
55 P -196.482330212 0
55 Q -240.552957993 1
55 R -241.893476556 0
55 S -242.677816184 0
55 T -239.322256095 0
55 V -238.097215902 0
55 W -242.126377327 0
55 Y -241.636735341 0
56 A -235.528803363 0
56 C -235.561598281 0
56 D -234.67509673 0
56 E -236.555965269 0
56 F -241.312278422 0
56 G -230.59737915 0
56 H -239.692694131 0
56 I -234.775680408 0
56 K -236.84575922 0
56 L -240.53412545 0
56 M -236.4851632 0
56 N -236.369528387 0
56 P -156.971994877 0
56 Q -237.882154029 0
56 R -236.349723594 0
56 S -236.398067793 0
56 T -235.264313534 0
56 V -236.575193629 0
56 W -240.16785782 0
56 Y -241.370809745 1
57 A -237.18895953 0
57 C -236.244610457 0
57 D -236.412279564 0
57 E -239.575758004 0
57 F -240.869495324 0
57 G -234.893945393 0
57 H -239.747762653 0
57 I -239.233627343 0
57 K -239.319953634 0
57 L -241.166636166 0
57 M -240.148670568 0
57 N -237.439498449 0
57 P -234.745776462 0
57 Q -238.194227468 0
57 R -238.711189975 0
57 S -238.277022758 1
57 T -238.683547939 0
57 V -237.476973775 0
57 W -239.988135133 0
57 Y -239.351199471 0
58 A -230.883424021 0
58 C -230.68915922 0
58 D -228.450327546 0
58 E -231.852580758 0
58 F -224.59643666 0
58 G -224.822751674 0
58 H -226.700047189 0
58 I -238.255026854 1
58 K -225.341800476 0
58 L -233.69154176 0
58 M -230.020917822 0
58 N -230.145441474 0
58 P -159.66661034 0
58 Q -231.979358255 0
58 R -222.277526706 0
58 S -230.555775554 0
58 T -232.283027892 0
58 V -235.975027443 0
58 W -226.367931437 0
58 Y -209.699096081 0
59 A -236.563336422 0
59 C -235.885098973 0
59 D -238.954527256 0
59 E -238.758820837 0
59 F -237.597596965 0
59 G -238.141665221 1
59 H -237.224558584 0
59 I -239.22049421 0
59 K -238.555089714 0
59 L -236.702651827 0
59 M -236.783490175 0
59 N -238.818187426 0
59 P -231.707727251 0
59 Q -236.952436097 0
59 R -237.709568717 0
59 S -238.676399668 0
59 T -239.977378877 0
59 V -239.074167027 0
59 W -232.841344644 0
59 Y -237.635494591 0
60 A -234.901810605 0
60 C -233.368594374 0
60 D -238.386587388 0
60 E -236.729384515 0
60 F -234.990226036 0
60 G -235.440748114 0
60 H -237.274330168 0
60 I -198.734415106 0
60 K -237.49871638 0
60 L -235.450225811 0
60 M -234.833465702 0
60 N -238.733132698 1
60 P -186.161443602 0
60 Q -235.3067442 0
60 R -236.704446976 0
60 S -236.254789293 0
60 T -229.975636792 0
60 V -221.571504972 0
60 W -234.057771291 0
60 Y -234.655873109 0
61 A -231.895266007 0
61 C -232.342608 0
61 D -229.457605633 0
61 E -232.264902121 0
61 F -225.010648907 0
61 G -228.729665522 0
61 H -227.522107111 0
61 I -227.908211034 0
61 K -196.630381085 0
61 L -240.717837324 1
61 M -232.821637124 0
61 N -233.099958935 0
61 P 2.93629982071 0
61 Q -233.711137873 0
61 R -232.650378617 0
61 S -230.386824714 0
61 T -230.809212674 0
61 V -225.94470967 0
61 W -206.859205195 0
61 Y -216.851436487 0
62 A -239.965678171 0
62 C -238.31954843 0
62 D -240.251049271 0
62 E -240.89386472 0
62 F -239.417332686 0
62 G -237.054547231 0
62 H -241.302031334 0
62 I -240.652391703 0
62 K -241.149945564 1
62 L -239.809086526 0
62 M -239.951571834 0
62 N -239.964802801 0
62 P -229.150300822 0
62 Q -240.10062012 0
62 R -242.947684814 0
62 S -240.494965405 0
62 T -240.431629744 0
62 V -241.63724634 0
62 W -239.716093802 0
62 Y -238.959272917 0
63 A -235.803481019 0
63 C -232.33261617 0
63 D -234.680110026 0
63 E -234.861260732 0
63 F -233.20870951 0
63 G -234.254273266 0
63 H -234.74496142 0
63 I -233.373306232 0
63 K -234.403305429 0
63 L -227.739204849 0
63 M -233.697937675 0
63 N -233.019761335 0
63 P -240.895471811 1
63 Q -233.70904738 0
63 R -235.524268328 0
63 S -235.810138652 0
63 T -232.742600667 0
63 V -233.411418633 0
63 W -233.288097361 0
63 Y -232.975599803 0
64 A -239.83171845 0
64 C -238.084217089 0
64 D -242.0099896 1
64 E -241.529853258 0
64 F -239.781615898 0
64 G -239.624203604 0
64 H -241.531937444 0
64 I -223.580956606 0
64 K -242.320044007 0
64 L -240.184681252 0
64 M -238.983337878 0
64 N -242.782729387 0
64 P -178.486985856 0
64 Q -240.027631752 0
64 R -241.445974707 0
64 S -241.105691469 0
64 T -235.831394046 0
64 V -227.550097097 0
64 W -238.508694056 0
64 Y -239.595270209 0
65 A -236.857786504 0
65 C -236.056787006 0
65 D -232.435598437 0
65 E -236.931116746 0
65 F -122.614597315 0
65 G -231.603948224 0
65 H -150.870594579 0
65 I -222.019202293 0
65 K -234.337277948 0
65 L -219.656480029 0
65 M -237.476953518 0
65 N -235.275440743 0
65 P 149.181219194 0
65 Q -235.438008879 0
65 R -234.925996087 0
65 S -236.467358277 0
65 T -240.586821376 1
65 V -224.266184886 0
65 W -169.644296327 0
65 Y -116.234478279 0
66 A -241.31866125 0
66 C -240.679742415 0
66 D -240.380863285 0
66 E -241.18597346 1
66 F -240.231151678 0
66 G -238.862671743 0
66 H -240.84111205 0
66 I -244.943617451 0
66 K -241.156297986 0
66 L -240.319506161 0
66 M -241.165879409 0
66 N -240.952201514 0
66 P -240.752384072 0
66 Q -239.769973378 0
66 R -242.013585512 0
66 S -240.04938178 0
66 T -243.180577285 0
66 V -244.915854361 0
66 W -239.52111835 0
66 Y -239.991578334 0
67 A -231.844552507 0
67 C -233.707786394 0
67 D -231.063225424 0
67 E -231.972085427 0
67 F -243.399513645 0
67 G -227.082261781 0
67 H -238.126609679 0
67 I -236.442119123 0
67 K -224.82093858 0
67 L -238.316689592 0
67 M -235.099916334 0
67 N -234.918072863 0
67 P -158.354719636 0
67 Q -231.36862854 0
67 R -225.852726722 0
67 S -231.289121457 0
67 T -230.658715497 0
67 V -234.50659968 0
67 W -239.625683489 0
67 Y -244.965051421 1
68 A -241.287847369 0
68 C -239.89110694 0
68 D -237.470436757 0
68 E -243.013546066 1
68 F -219.615353449 0
68 G -237.617077798 0
68 H -235.242902068 0
68 I -245.24372504 0
68 K -234.840866055 0
68 L -244.375327314 0
68 M -242.31813013 0
68 N -239.222005887 0
68 P -145.784041115 0
68 Q -240.611194904 0
68 R -234.676799201 0
68 S -241.017142885 0
68 T -242.652684849 0
68 V -245.116919352 0
68 W -228.32671142 0
68 Y -217.252367442 0
69 A -233.184259657 0
69 C -234.604308066 0
69 D -229.570434611 0
69 E -226.989326716 0
69 F -209.229328158 0
69 G -229.060820494 0
69 H -222.275905048 0
69 I -237.209121578 0
69 K -218.116343689 0
69 L -234.236707989 0
69 M -229.812021158 0
69 N -231.249601616 0
69 P -202.829222997 0
69 Q -223.33464817 0
69 R -219.805589676 0
69 S -232.561475951 0
69 T -237.218599593 0
69 V -241.75145477 1
69 W -198.149473663 0
69 Y -211.95231395 0
70 A -240.729395899 0
70 C -240.588381752 0
70 D -238.965108895 0
70 E -242.238759006 0
70 F -97.7333249552 0
70 G -236.88223268 0
70 H -235.109651141 0
70 I -236.602296557 0
70 K -240.360286405 0
70 L -238.71550023 0
70 M -241.488841914 0
70 N -239.306587417 0
70 P -138.994096602 0
70 Q -238.344625181 0
70 R -240.886450475 0
70 S -241.665765184 1
70 T -242.407811991 0
70 V -240.316922211 0
70 W -230.298102008 0
70 Y -71.7485055354 0
71 A -228.04958246 0
71 C -229.011182963 0
71 D -226.277333381 0
71 E -229.593088334 0
71 F -222.734340547 0
71 G -223.61783778 0
71 H -233.367042681 0
71 I -228.895587961 0
71 K -221.318806423 0
71 L -238.305995119 1
71 M -232.212777357 0
71 N -232.759755322 0
71 P -183.70216821 0
71 Q -231.26007526 0
71 R -199.362888477 0
71 S -227.783739581 0
71 T -229.620013373 0
71 V -230.519374568 0
71 W -222.338912691 0
71 Y -214.934208233 0
72 A -232.222795712 0
72 C -231.733348272 0
72 D -228.883453415 0
72 E -232.887196652 0
72 F -215.996282188 0
72 G -228.652747945 0
72 H -223.602660324 0
72 I -238.014783004 1
72 K -233.413080444 0
72 L -234.853523962 0
72 M -233.564620022 0
72 N -232.157894146 0
72 P -191.325585511 0
72 Q -232.623124995 0
72 R -234.875610707 0
72 S -232.542336565 0
72 T -234.706993041 0
72 V -237.680497302 0
72 W -216.252061713 0
72 Y -213.656740306 0
73 A -239.986564417 0
73 C -229.450307814 0
73 D -205.78958549 0
73 E -221.354770369 0
73 F 148.438264902 0
73 G -236.48563262 0
73 H -128.507890326 0
73 I -218.760444171 0
73 K -177.023302719 0
73 L -200.740157979 0
73 M -192.316123901 0
73 N -196.036902026 0
73 P -184.488295998 0
73 Q -213.342207429 0
73 R -0.0769690723266 0
73 S -239.786519323 1
73 T -220.797503555 0
73 V -228.206060105 0
73 W -51.5144483558 0
73 Y 26.0698966077 0
74 A -241.460424932 0
74 C -240.635761805 0
74 D -235.25055724 0
74 E -237.809864062 0
74 F -238.043272831 0
74 G -238.090038894 0
74 H -234.057599113 0
74 I -243.324599194 0
74 K -242.784561943 0
74 L -241.503851535 0
74 M -242.385928465 0
74 N -239.712803598 0
74 P -160.978667141 0
74 Q -240.021567788 0
74 R -246.701363159 1
74 S -241.182999027 0
74 T -242.750875674 0
74 V -244.14371944 0
74 W -243.034912277 0
74 Y -238.459299964 0
75 A -242.951842617 0
75 C -241.962192746 0
75 D -242.577668113 0
75 E -238.687318026 0
75 F -243.454568066 0
75 G -236.245173626 0
75 H -244.080143825 0
75 I -234.870794913 0
75 K -240.310231169 0
75 L -245.834206096 0
75 M -242.39648144 0
75 N -244.96797732 0
75 P -200.491566875 0
75 Q -240.564343071 0
75 R -244.518622813 1
75 S -242.929697973 0
75 T -236.635666125 0
75 V -200.33519089 0
75 W -241.231063233 0
75 Y -243.967162803 0
76 A -233.436765397 0
76 C -222.427208858 0
76 D -235.422166612 0
76 E -224.799083642 0
76 F -222.041995786 0
76 G -238.867202517 1
76 H -224.280752928 0
76 I -209.746288613 0
76 K -235.314707608 0
76 L -225.142135236 0
76 M -224.005212418 0
76 N -235.655229819 0
76 P -165.147360267 0
76 Q -233.463663552 0
76 R -225.189847676 0
76 S -235.413876826 0
76 T -223.454853153 0
76 V -207.674973199 0
76 W -222.878885165 0
76 Y -222.280324253 0
77 A -235.905275125 0
77 C -234.219540801 0
77 D -238.490403395 1
77 E -239.284933511 0
77 F -234.378945221 0
77 G -235.554541268 0
77 H -239.19168969 0
77 I -234.076027589 0
77 K -237.418467678 0
77 L -236.800754137 0
77 M -235.954013172 0
77 N -236.223870258 0
77 P -234.451025794 0
77 Q -236.380573501 0
77 R -236.03999179 0
77 S -238.349455976 0
77 T -237.414716848 0
77 V -234.842869307 0
77 W -234.968864725 0
77 Y -234.371763896 0
78 A -238.399411809 0
78 C -237.265337253 0
78 D -238.375771977 0
78 E -238.907741071 0
78 F -237.449123447 0
78 G -236.811713406 0
78 H -238.564339116 0
78 I -235.699999452 0
78 K -240.828994609 0
78 L -240.001571386 0
78 M -238.534773172 1
78 N -238.363258232 0
78 P -141.006188498 0
78 Q -240.687470348 0
78 R -238.479112028 0
78 S -238.036720751 0
78 T -236.908332686 0
78 V -236.117778981 0
78 W -237.277242539 0
78 Y -237.4387129 0
79 A -238.751432042 0
79 C -235.813689026 0
79 D -233.766665291 0
79 E -238.323171085 0
79 F -237.369821688 0
79 G -235.963779687 0
79 H -239.641535028 0
79 I -231.805187042 0
79 K -238.504223924 0
79 L -236.123368082 0
79 M -237.666556657 0
79 N -236.854450924 0
79 P -216.892676637 0
79 Q -237.266196631 0
79 R -238.590657993 0
79 S -239.001209935 1
79 T -230.348149926 0
79 V -237.915812682 0
79 W -237.588726822 0
79 Y -237.256475429 0
80 A -234.850025575 0
80 C -223.289626422 0
80 D -220.251354046 0
80 E -11.6473853038 0
80 F -96.5629399606 0
80 G -232.357588161 0
80 H 19.5609885331 0
80 I 1.05711272489 0
80 K -94.9355842102 0
80 L 43.2247348877 0
80 M -110.470974222 0
80 N -187.956105994 0
80 P -50.9058353098 0
80 Q -27.7965028352 0
80 R 266.280880958 0
80 S -237.980634024 1
80 T -208.005060011 0
80 V -136.922981702 0
80 W -23.8127247032 0
80 Y -102.796915187 0
81 A -237.590236125 0
81 C -234.45303825 0
81 D -238.462411946 0
81 E -238.876702609 0
81 F -235.917229406 0
81 G -236.049294786 0
81 H -239.465046749 0
81 I -235.483162711 0
81 K -238.381259516 0
81 L -238.354326649 0
81 M -237.024174411 0
81 N -237.39411603 1
81 P -237.890661951 0
81 Q -237.000574276 0
81 R -237.99416611 0
81 S -238.460769447 0
81 T -236.919545673 0
81 V -236.434387862 0
81 W -236.572686126 0
81 Y -235.730939736 0
82 A -235.030644491 0
82 C -231.183844254 0
82 D -225.565312235 0
82 E -234.304922187 0
82 F -220.169708883 0
82 G -232.198604058 0
82 H -230.694582406 0
82 I -224.86419643 0
82 K -230.939068604 0
82 L -223.814805836 0
82 M -231.954540007 0
82 N -230.780758288 0
82 P -237.451670249 1
82 Q -231.401938003 0
82 R -230.756832329 0
82 S -233.893909897 0
82 T -230.731756913 0
82 V -231.093348224 0
82 W -219.131697241 0
82 Y -222.358379367 0
83 A -240.702685007 1
83 C -238.242177223 0
83 D -240.638531999 0
83 E -239.634980422 0
83 F -240.406232806 0
83 G -236.64979182 0
83 H -240.075241027 0
83 I -241.02477504 0
83 K -245.198036127 0
83 L -236.505528998 0
83 M -238.769334719 0
83 N -240.089063421 0
83 P -125.73393875 0
83 Q -239.541521599 0
83 R -245.76996004 0
83 S -241.603566519 0
83 T -241.045366896 0
83 V -241.550340391 0
83 W -241.215835109 0
83 Y -239.746504811 0
84 A -238.834377664 0
84 C -238.443007053 0
84 D -235.935207835 0
84 E -240.376336958 0
84 F -239.378190912 0
84 G -236.549211085 0
84 H -239.281550086 0
84 I -243.088125484 0
84 K -240.78224678 1
84 L -240.347909129 0
84 M -239.160582017 0
84 N -238.791327929 0
84 P -227.996605284 0
84 Q -238.581962054 0
84 R -241.845204548 0
84 S -239.668318338 0
84 T -241.301027375 0
84 V -243.355581859 0
84 W -239.203503824 0
84 Y -239.492424945 0
85 A -240.158116988 0
85 C -237.947267769 0
85 D -239.744584507 0
85 E -238.709186982 1
85 F -237.579687305 0
85 G -237.320101542 0
85 H -241.112704823 0
85 I -235.309425004 0
85 K -240.537308425 0
85 L -242.566326055 0
85 M -238.44591161 0
85 N -239.220390566 0
85 P -185.20524007 0
85 Q -238.836744905 0
85 R -241.912160402 0
85 S -239.322971817 0
85 T -241.001674468 0
85 V -238.935181077 0
85 W -243.767295775 0
85 Y -237.472837475 0
86 A -242.065482079 0
86 C -240.913646558 0
86 D -240.849838022 0
86 E -241.922398978 0
86 F -241.712105332 0
86 G -237.909241001 0
86 H -241.499435544 0
86 I -243.143382103 0
86 K -242.618747701 0
86 L -238.462520233 0
86 M -240.151377192 0
86 N -239.615163175 0
86 P -231.810139393 0
86 Q -240.678215074 0
86 R -241.968376454 0
86 S -243.521835751 0
86 T -242.58894587 1
86 V -244.616828431 0
86 W -240.777273859 0
86 Y -241.137656522 0
87 A -231.355126795 0
87 C -231.321703749 0
87 D -229.320350606 0
87 E -229.21597957 0
87 F -244.767666013 1
87 G -229.063500318 0
87 H -236.183621681 0
87 I -229.508956006 0
87 K -229.096768047 0
87 L -218.4723464 0
87 M -234.811417657 0
87 N -231.864209926 0
87 P -203.35901509 0
87 Q -229.097874148 0
87 R -232.756539748 0
87 S -231.553726578 0
87 T -232.0168772 0
87 V -230.46444439 0
87 W -221.516866104 0
87 Y -242.842445004 0
88 A -239.459869471 0
88 C -239.71331546 0
88 D -235.005472074 0
88 E -239.960194613 0
88 F -238.184012751 0
88 G -236.869005389 0
88 H -233.047878699 0
88 I -242.896098248 0
88 K -242.007193785 0
88 L -240.277217016 0
88 M -240.872814041 0
88 N -237.399825518 0
88 P -222.408876052 0
88 Q -239.75605615 0
88 R -242.093205522 0
88 S -239.850029753 0
88 T -241.424618565 1
88 V -243.296311876 0
88 W -233.205122037 0
88 Y -237.448730672 0
89 A -239.953724549 0
89 C -239.91318164 0
89 D -233.871352893 0
89 E -230.455017743 0
89 F -224.955294957 0
89 G -237.453479987 0
89 H -226.716319595 0
89 I -130.300925816 0
89 K -164.169116549 0
89 L -233.734324548 0
89 M -175.156857256 0
89 N -240.811004796 0
89 P -158.093249525 0
89 Q -226.963685823 0
89 R -203.241761966 0
89 S -238.280683734 0
89 T -242.991474806 1
89 V -196.744259424 0
89 W -15.154378117 0
89 Y -217.324735845 0
