1 A 134.578621599 1
1 C 137.179810672 0
1 D 138.3998128 0
1 E 140.443474711 0
1 F 162.118008166 0
1 G 136.331640612 0
1 H 154.37067079 0
1 I 135.201789889 0
1 K 145.558969727 0
1 L 156.395928181 0
1 M 142.077841325 0
1 N 138.018018605 0
1 P 132.400683457 0
1 Q 142.94036921 0
1 R 146.578447856 0
1 S 134.703932915 0
1 T 141.360083446 0
1 V 141.930242992 0
1 W 166.376448565 0
1 Y 160.394991299 0
2 A 139.873441485 0
2 C 140.819585694 0
2 D 134.340570779 1
2 E 142.586009718 0
2 F 142.33308172 0
2 G 126.47846091 0
2 H 155.492205658 0
2 I 148.341963932 0
2 K 145.321994022 0
2 L 138.303749278 0
2 M 142.859272541 0
2 N 137.981118986 0
2 P 137.628983084 0
2 Q 144.189972939 0
2 R 143.81690136 0
2 S 131.938236396 0
2 T 149.876974325 0
2 V 148.917574214 0
2 W 140.197909181 0
2 Y 143.01957204 0
3 A 136.687792871 0
3 C 132.034581865 0
3 D 136.318543942 0
3 E 135.028522597 0
3 F 130.051431904 0
3 G 136.340902762 0
3 H 128.718824959 0
3 I 136.156634777 0
3 K 129.033893381 1
3 L 128.796565072 0
3 M 136.124343526 0
3 N 128.94862452 0
3 P 144.929517005 0
3 Q 136.318057566 0
3 R 134.625800611 0
3 S 135.268378806 0
3 T 133.947374213 0
3 V 135.860795915 0
3 W 138.842734744 0
3 Y 129.952546214 0
4 A 133.277096311 0
4 C 136.629340881 0
4 D 136.748188441 0
4 E 133.81974532 1
4 F 132.933725213 0
4 G 134.864293275 0
4 H 132.749563616 0
4 I 134.680429706 0
4 K 132.830689305 0
4 L 133.833831377 0
4 M 135.010833059 0
4 N 132.301935911 0
4 P 176.970154932 0
4 Q 134.770979786 0
4 R 132.849568414 0
4 S 133.745143854 0
4 T 133.828087007 0
4 V 134.20936482 0
4 W 136.391730918 0
4 Y 133.651666248 0
5 A 136.774426358 0
5 C 137.550552778 0
5 D 137.931537386 0
5 E 137.355749161 0
5 F 157.312704695 0
5 G 142.054306158 0
5 H 159.46027798 0
5 I 132.358453121 0
5 K 135.363784204 0
5 L 131.227253809 1
5 M 133.520212378 0
5 N 138.001492679 0
5 P 148.592027488 0
5 Q 134.691004214 0
5 R 131.449263578 0
5 S 137.726682258 0
5 T 136.168095842 0
5 V 133.349385602 0
5 W 190.407732946 0
5 Y 167.043076343 0
6 A 139.743468263 0
6 C 142.825209664 0
6 D 144.380695337 0
6 E 141.636940186 0
6 F 146.849741532 0
6 G 142.993844606 0
6 H 144.706886482 0
6 I 138.489430402 0
6 K 141.85969586 1
6 L 143.424113218 0
6 M 141.564410635 0
6 N 143.688026698 0
6 P 141.387931413 0
6 Q 143.175021775 0
6 R 141.740332749 0
6 S 141.849338719 0
6 T 142.906172438 0
6 V 136.473179956 0
6 W 140.646834629 0
6 Y 146.928048988 0
7 A 150.175352639 0
7 C 148.66848204 0
7 D 155.139464771 0
7 E 156.507218437 0
7 F 133.834267056 1
7 G 156.117381434 0
7 H 145.089751841 0
7 I 147.78991225 0
7 K 153.299290006 0
7 L 146.459070705 0
7 M 147.018668286 0
7 N 149.435327603 0
7 P 255.333152035 0
7 Q 147.71939857 0
7 R 151.863978376 0
7 S 151.707091023 0
7 T 150.993582569 0
7 V 145.806766934 0
7 W 137.26845695 0
7 Y 136.757402519 0
8 A 146.720035653 0
8 C 146.12136795 0
8 D 143.957457418 0
8 E 138.362830469 0
8 F 173.939701501 0
8 G 154.399311355 0
8 H 144.340248604 0
8 I 148.134794101 0
8 K 154.534288839 0
8 L 131.536242159 1
8 M 134.63383522 0
8 N 140.737987533 0
8 P 225.217162886 0
8 Q 131.750294664 0
8 R 139.068780606 0
8 S 147.090776132 0
8 T 150.587613525 0
8 V 154.058875596 0
8 W 278.844721035 0
8 Y 209.427396149 0
9 A 134.174634483 0
9 C 132.154959923 0
9 D 129.287723909 0
9 E 128.717833701 0
9 F 128.470366639 0
9 G 147.88404354 0
9 H 130.14912441 0
9 I 132.703181127 0
9 K 134.328943149 0
9 L 130.749384677 0
9 M 130.210476584 0
9 N 127.291860087 0
9 P 185.93621511 0
9 Q 126.511751501 0
9 R 142.99581224 0
9 S 134.042823929 0
9 T 133.809753431 0
9 V 122.862159981 1
9 W 129.559655813 0
9 Y 129.759361027 0
10 A 132.514820055 0
10 C 134.669104849 0
10 D 138.530283062 0
10 E 140.086972445 0
10 F 172.338709737 0
10 G 138.634560618 0
10 H 157.782953217 0
10 I 195.022892198 0
10 K 152.299837791 0
10 L 242.516429461 0
10 M 143.549481365 0
10 N 141.565207019 0
10 P 272.33651314 0
10 Q 149.169437675 0
10 R 257.224337812 0
10 S 133.575848383 0
10 T 134.399654897 0
10 V 128.98161269 1
10 W 347.651388226 0
10 Y 178.220992295 0
11 A 120.36535054 0
11 C 121.172204363 0
11 D 117.770787683 1
11 E 115.670180733 0
11 F 151.801029724 0
11 G 126.033229161 0
11 H 134.256344689 0
11 I 114.810291696 0
11 K 123.664248321 0
11 L 120.336472616 0
11 M 117.673711914 0
11 N 121.636829894 0
11 P 138.383262427 0
11 Q 116.835956121 0
11 R 121.065779112 0
11 S 120.334529913 0
11 T 120.694304796 0
11 V 118.550823488 0
11 W 188.636890345 0
11 Y 166.469205486 0
12 A 128.060062508 0
12 C 130.862195719 0
12 D 131.861046283 1
12 E 130.814842202 0
12 F 128.474201069 0
12 G 125.718382695 0
12 H 127.466714856 0
12 I 129.224901071 0
12 K 126.859830794 0
12 L 133.637694403 0
12 M 128.45517205 0
12 N 130.656085347 0
12 P 126.674632931 0
12 Q 130.116626768 0
12 R 111.161684703 0
12 S 128.42818589 0
12 T 129.090624434 0
12 V 141.839992119 0
12 W 129.733299404 0
12 Y 128.487700862 0
13 A 123.773285542 0
13 C 127.471116053 0
13 D 124.672129738 0
13 E 125.849554856 0
13 F 125.451816964 1
13 G 126.730294453 0
13 H 126.818041598 0
13 I 125.305850127 0
13 K 126.917035823 0
13 L 122.949183298 0
13 M 125.150724073 0
13 N 124.490393339 0
13 P 152.572850954 0
13 Q 127.739892222 0
13 R 124.526093685 0
13 S 123.097655993 0
13 T 126.13402283 0
13 V 126.099678152 0
13 W 124.273225173 0
13 Y 128.529288974 0
14 A 138.839065192 0
14 C 142.016861195 0
14 D 135.075276464 0
14 E 138.784181355 0
14 F 139.369702544 0
14 G 138.541453067 0
14 H 139.242611243 0
14 I 143.755972336 0
14 K 138.463567693 0
14 L 138.58051625 0
14 M 140.270694181 0
14 N 135.511088501 0
14 P 134.236451157 0
14 Q 134.492212186 0
14 R 138.8822563 0
14 S 137.65844395 1
14 T 138.870504144 0
14 V 143.875048138 0
14 W 139.225235534 0
14 Y 140.893570941 0
15 A 137.064471751 0
15 C 138.082241904 0
15 D 135.2876219 0
15 E 136.370691763 0
15 F 137.763965903 0
15 G 127.340714246 0
15 H 136.498456012 0
15 I 138.592610685 0
15 K 135.834942136 0
15 L 136.225090818 0
15 M 137.993360545 0
15 N 136.366217456 0
15 P 198.327113379 0
15 Q 139.352087179 0
15 R 136.542216422 0
15 S 137.086735939 0
15 T 137.156174004 1
15 V 138.046904394 0
15 W 137.79784552 0
15 Y 137.571541278 0
16 A 124.327143145 0
16 C 126.938024145 0
16 D 128.632429188 0
16 E 122.848825281 0
16 F 122.562090341 0
16 G 128.737622303 0
16 H 124.549461623 0
16 I 127.026665119 0
16 K 127.108845712 0
16 L 124.371004853 0
16 M 122.784058689 1
16 N 127.33703196 0
16 P 158.884602105 0
16 Q 125.411708814 0
16 R 128.237634493 0
16 S 125.204183719 0
16 T 125.449371983 0
16 V 124.381367239 0
16 W 121.06734661 0
16 Y 121.928923138 0
17 A 118.462945382 0
17 C 120.626663274 0
17 D 121.019868023 0
17 E 123.404392395 0
17 F 119.067226801 0
17 G 123.64662967 0
17 H 118.29213601 0
17 I 116.584013173 0
17 K 118.702872984 0
17 L 118.676575026 0
17 M 117.661102315 0
17 N 120.002909152 0
17 P 131.257192947 0
17 Q 121.700020101 0
17 R 116.586438803 1
17 S 117.805859549 0
17 T 121.785554618 0
17 V 119.866262342 0
17 W 120.327226998 0
17 Y 118.796022611 0
18 A 127.906487051 0
18 C 130.206703475 0
18 D 124.981515985 0
18 E 126.468087917 0
18 F 132.063644681 0
18 G 129.134418812 0
18 H 128.723809224 0
18 I 127.945949922 0
18 K 127.518707751 0
18 L 126.058976533 0
18 M 128.568350939 0
18 N 126.706269454 0
18 P 346.895852928 0
18 Q 128.593945353 0
18 R 128.761093115 1
18 S 127.849870413 0
18 T 128.772092552 0
18 V 127.717285604 0
18 W 132.206569899 0
18 Y 132.052600612 0
19 A 130.8554056 0
19 C 133.618111416 0
19 D 131.180566779 0
19 E 130.544768601 0
19 F 126.524197468 0
19 G 132.697392558 0
19 H 128.480516322 0
19 I 129.015995612 1
19 K 129.915007157 0
19 L 129.504213428 0
19 M 128.776843675 0
19 N 131.444240098 0
19 P 365.536761934 0
19 Q 131.129564636 0
19 R 130.038404509 0
19 S 131.345902837 0
19 T 130.575872976 0
19 V 129.449120343 0
19 W 129.322424936 0
19 Y 126.200869337 0
20 A 122.656833885 0
20 C 124.75845869 0
20 D 118.246979036 0
20 E 120.91108474 0
20 F 115.403972506 0
20 G 133.225185738 0
20 H 122.711288516 0
20 I 114.004638762 0
20 K 119.581806971 0
20 L 115.568089531 0
20 M 115.897111972 0
20 N 118.40025312 0
20 P 214.854301802 0
20 Q 118.431500196 0
20 R 121.898127341 0
20 S 123.29585949 0
20 T 117.480678464 0
20 V 116.084963672 1
20 W 115.313105283 0
20 Y 121.87669749 0
21 A 127.274609113 0
21 C 128.59894165 0
21 D 127.624957164 0
21 E 127.017760948 0
21 F 123.292088314 0
21 G 126.227602181 0
21 H 118.53644413 0
21 I 127.023092608 0
21 K 126.914967726 0
21 L 126.327215251 0
21 M 119.655302861 0
21 N 127.057386007 0
21 P 385.027407236 0
21 Q 119.71802103 0
21 R 116.693552015 1
21 S 127.613293651 0
21 T 127.062197402 0
21 V 131.159770648 0
21 W 123.152619645 0
21 Y 123.500128362 0
22 A 122.786669756 0
22 C 126.577385042 0
22 D 124.158875523 0
22 E 121.639702631 0
22 F 124.091770724 0
22 G 123.751939859 0
22 H 122.665332565 0
22 I 126.650621089 0
22 K 122.105789221 0
22 L 122.329707603 0
22 M 124.090580079 0
22 N 123.835336201 1
22 P 282.281982713 0
22 Q 123.125637542 0
22 R 122.664467597 0
22 S 122.778338592 0
22 T 123.472943795 0
22 V 127.717404591 0
22 W 123.974743482 0
22 Y 124.717004534 0
23 A 125.538771753 0
23 C 127.603643237 0
23 D 133.277036549 0
23 E 126.080735621 0
23 F 124.081229379 0
23 G 134.00761974 0
23 H 124.159465787 0
23 I 121.935925188 0
23 K 126.427366468 0
23 L 119.908510775 1
23 M 123.43046938 0
23 N 127.001380376 0
23 P 416.336897904 0
23 Q 124.285756434 0
23 R 124.559993322 0
23 S 126.6436042 0
23 T 121.472338511 0
23 V 124.159281428 0
23 W 125.541554301 0
23 Y 124.232679743 0
24 A 136.700898091 0
24 C 134.601375069 0
24 D 134.330222235 0
24 E 129.787435288 0
24 F 124.565699843 0
24 G 140.457227235 0
24 H 129.277125174 0
24 I 137.045339223 0
24 K 133.4391638 0
24 L 124.256770916 1
24 M 129.124064127 0
24 N 131.960543822 0
24 P 308.941836188 0
24 Q 129.21051348 0
24 R 129.819902228 0
24 S 134.847931844 0
24 T 135.466505361 0
24 V 137.674431973 0
24 W 123.977108974 0
24 Y 125.756166547 0
25 A 129.880999995 0
25 C 129.38877613 0
25 D 130.711886391 0
25 E 127.88388077 0
25 F 128.140821049 0
25 G 131.351834411 0
25 H 127.735538691 0
25 I 128.503140337 0
25 K 126.535833746 1
25 L 126.761271368 0
25 M 128.087843171 0
25 N 129.775138174 0
25 P 403.884319626 0
25 Q 127.369957939 0
25 R 127.311169018 0
25 S 128.218280196 0
25 T 127.821463092 0
25 V 131.543334748 0
25 W 127.985725555 0
25 Y 128.498637206 0
26 A 133.456674589 0
26 C 135.890306773 0
26 D 134.434825473 0
26 E 133.406619356 1
26 F 135.605534432 0
26 G 135.233109231 0
26 H 134.321672509 0
26 I 135.360174714 0
26 K 134.423868019 0
26 L 133.765510825 0
26 M 134.297164768 0
26 N 134.383817273 0
26 P 444.943244641 0
26 Q 134.971215331 0
26 R 133.984476432 0
26 S 135.480946542 0
26 T 135.111896959 0
26 V 136.587704184 0
26 W 136.206093156 0
26 Y 135.715211095 0
27 A 146.223572682 0
27 C 143.575486575 0
27 D 137.064323463 0
27 E 136.350121574 0
27 F 142.71784076 0
27 G 147.345518912 0
27 H 133.719483803 0
27 I 143.296830622 0
27 K 145.151227611 0
27 L 129.605143965 1
27 M 134.089523604 0
27 N 134.755368384 0
27 P 384.132854583 0
27 Q 132.743272787 0
27 R 140.325999564 0
27 S 143.268574822 0
27 T 144.124766091 0
27 V 150.794379423 0
27 W 294.540079012 0
27 Y 149.02073104 0
28 A 133.320430411 0
28 C 134.630462882 0
28 D 133.932107874 0
28 E 135.363941653 0
28 F 136.716261772 0
28 G 126.213515672 1
28 H 132.527833156 0
28 I 178.680900177 0
28 K 130.507718781 0
28 L 132.922263668 0
28 M 134.732688435 0
28 N 133.034260064 0
28 P 208.682107753 0
28 Q 136.684169983 0
28 R 133.905321154 0
28 S 136.46597812 0
28 T 141.707520556 0
28 V 173.859601143 0
28 W 135.659926682 0
28 Y 134.991424926 0
29 A 130.083893632 0
29 C 127.652630655 0
29 D 128.286556584 0
29 E 128.610296926 0
29 F 118.39610763 1
29 G 135.283777468 0
29 H 121.920280069 0
29 I 122.647905797 0
29 K 125.384493343 0
29 L 130.327219186 0
29 M 123.777403013 0
29 N 125.751296707 0
29 P 214.162689219 0
29 Q 122.949065392 0
29 R 128.199914349 0
29 S 130.529745432 0
29 T 129.255461879 0
29 V 122.834223521 0
29 W 120.069424174 0
29 Y 118.571573112 0
30 A 138.755177546 0
30 C 141.225149192 0
30 D 137.308418129 0
30 E 139.549671746 0
30 F 141.917731089 0
30 G 141.750259374 0
30 H 141.265942384 0
30 I 138.971841616 0
30 K 140.133780733 0
30 L 140.339739037 0
30 M 142.02873085 0
30 N 136.212432293 1
30 P 188.454993561 0
30 Q 139.077198392 0
30 R 137.526887071 0
30 S 140.076236188 0
30 T 138.120363017 0
30 V 139.451676569 0
30 W 144.882636254 0
30 Y 143.059905098 0
31 A 138.737283874 0
31 C 140.14023556 0
31 D 133.403784893 0
31 E 141.819814886 0
31 F 151.050313827 0
31 G 147.22081868 0
31 H 154.996661988 0
31 I 191.188608384 0
31 K 142.632898898 0
31 L 156.132893151 0
31 M 143.177918413 0
31 N 135.678111155 1
31 P 178.174762716 0
31 Q 142.82325181 0
31 R 142.334119328 0
31 S 138.997908268 0
31 T 146.269286559 0
31 V 144.171885042 0
31 W 147.776907199 0
31 Y 149.397172476 0
32 A 136.48385045 0
32 C 135.972341043 0
32 D 138.582175673 0
32 E 133.878991813 0
32 F 138.838403451 0
32 G 147.417418675 0
32 H 140.970330099 0
32 I 127.397625746 0
32 K 135.520954174 0
32 L 133.037766355 0
32 M 129.224966261 0
32 N 135.201310107 0
32 P 156.999371269 0
32 Q 135.222804238 0
32 R 133.557398011 0
32 S 137.097668319 0
32 T 134.407039073 0
32 V 130.084471976 1
32 W 139.791781913 0
32 Y 138.908961159 0
33 A 143.279924989 0
33 C 139.240895571 0
33 D 135.112241031 0
33 E 137.07697038 1
33 F 135.527663858 0
33 G 142.592376844 0
33 H 135.621797211 0
33 I 146.390789389 0
33 K 136.617588837 0
33 L 137.787876855 0
33 M 138.023551186 0
33 N 135.690349166 0
33 P 189.271606454 0
33 Q 134.199021772 0
33 R 137.130911285 0
33 S 136.679505654 0
33 T 136.920391672 0
33 V 140.619220969 0
33 W 136.7455239 0
33 Y 135.339077826 0
34 A 134.461107978 0
34 C 129.436366075 0
34 D 137.159075615 0
34 E 133.30564107 1
34 F 133.521729962 0
34 G 141.749857495 0
34 H 128.883953634 0
34 I 122.852915456 0
34 K 131.769651558 0
34 L 135.32243904 0
34 M 134.948893184 0
34 N 136.311768466 0
34 P 158.247402497 0
34 Q 136.024466016 0
34 R 132.355153197 0
34 S 133.357311598 0
34 T 126.136596012 0
34 V 128.01770339 0
34 W 135.097860726 0
34 Y 135.102958023 0
35 A 125.234308887 1
35 C 129.840834619 0
35 D 134.497337027 0
35 E 149.18601526 0
35 F 228.506009348 0
35 G 130.418264351 0
35 H 198.153282632 0
35 I 186.771000875 0
35 K 199.735796136 0
35 L 174.426757861 0
35 M 178.722729195 0
35 N 135.803439373 0
35 P 170.476006751 0
35 Q 150.556741742 0
35 R 158.879374593 0
35 S 131.319215951 0
35 T 137.43675038 0
35 V 142.828683545 0
35 W 269.12336447 0
35 Y 223.301430532 0
36 A 142.470507077 0
36 C 143.509177837 0
36 D 136.261708319 0
36 E 140.561472077 1
36 F 136.189952624 0
36 G 142.449416463 0
36 H 134.837808226 0
36 I 141.947107721 0
36 K 135.527397011 0
36 L 134.903752952 0
36 M 136.342495984 0
36 N 135.715624107 0
36 P 153.759620122 0
36 Q 131.093498435 0
36 R 131.477344145 0
36 S 141.098009717 0
36 T 140.154568053 0
36 V 141.271811399 0
36 W 127.943532469 0
36 Y 136.665462562 0
37 A 125.517612227 0
37 C 125.580892432 0
37 D 122.864280709 1
37 E 124.612567096 0
37 F 277.052036991 0
37 G 123.934219598 0
37 H 161.541325177 0
37 I 142.222104412 0
37 K 127.45373879 0
37 L 143.023486364 0
37 M 126.700026556 0
37 N 122.623787192 0
37 P 176.318517819 0
37 Q 126.931427859 0
37 R 127.146605791 0
37 S 123.849155204 0
37 T 125.224113786 0
37 V 134.60322229 0
37 W 151.482586365 0
37 Y 200.589532122 0
38 A 112.93387293 0
38 C 117.220546684 0
38 D 113.719546329 0
38 E 119.261259613 0
38 F 259.235872953 0
38 G 119.767532662 1
38 H 117.122402435 0
38 I 117.168289599 0
38 K 118.047674869 0
38 L 160.546521402 0
38 M 116.559132671 0
38 N 115.832372381 0
38 P 124.944082964 0
38 Q 123.660020477 0
38 R 117.226756049 0
38 S 113.134883152 0
38 T 113.755991759 0
38 V 116.22186767 0
38 W 115.420260909 0
38 Y 116.238168169 0
39 A 120.935617722 0
39 C 121.911937503 0
39 D 117.294112163 0
39 E 120.937444371 0
39 F 120.261214104 0
39 G 122.52174928 0
39 H 120.223120835 0
39 I 119.641929403 0
39 K 121.607811598 0
39 L 121.70031945 0
39 M 119.094277323 0
39 N 118.519674076 0
39 P 136.025044936 0
39 Q 120.345471922 0
39 R 118.601083933 0
39 S 120.42364295 0
39 T 121.089119106 0
39 V 123.256784061 1
39 W 120.934031341 0
39 Y 120.230670076 0
40 A 132.372814455 0
40 C 135.315267918 0
40 D 128.050049471 1
40 E 132.512621016 0
40 F 139.185791525 0
40 G 134.596367084 0
40 H 137.696205919 0
40 I 133.595883874 0
40 K 134.223893908 0
40 L 138.362834785 0
40 M 133.521291786 0
40 N 136.077926278 0
40 P 182.418136737 0
40 Q 133.874754631 0
40 R 133.024678842 0
40 S 133.060519406 0
40 T 130.144889916 0
40 V 132.736544647 0
40 W 136.543819254 0
40 Y 139.536696539 0
41 A 124.396252454 1
41 C 132.400104534 0
41 D 134.544952403 0
41 E 142.232659151 0
41 F 154.631899779 0
41 G 129.128423787 0
41 H 149.53084048 0
41 I 171.385134906 0
41 K 153.883848229 0
41 L 165.541919213 0
41 M 150.555525348 0
41 N 136.511951355 0
41 P 378.75269218 0
41 Q 142.627004713 0
41 R 156.592287647 0
41 S 128.988218324 0
41 T 134.058362838 0
41 V 140.135468134 0
41 W 174.438905319 0
41 Y 148.02798523 0
42 A 129.873419213 0
42 C 131.097817285 0
42 D 131.06790547 0
42 E 129.552420606 0
42 F 129.794240196 0
42 G 131.810704055 0
42 H 129.044708766 0
42 I 125.94519319 0
42 K 128.986519709 0
42 L 123.883975397 1
42 M 125.751257492 0
42 N 127.68362597 0
42 P 411.336137275 0
42 Q 127.329624629 0
42 R 128.123744685 0
42 S 130.157791533 0
42 T 129.469935634 0
42 V 131.811094913 0
42 W 127.444889447 0
42 Y 129.376890795 0
43 A 129.921572078 0
43 C 132.167800157 0
43 D 129.886931512 0
43 E 129.236315884 0
43 F 132.866282219 0
43 G 130.897434913 0
43 H 130.185264513 0
43 I 131.720994437 0
43 K 128.6191151 0
43 L 128.466248463 0
43 M 130.053564003 0
43 N 129.190828407 1
43 P 295.851309178 0
43 Q 129.945608164 0
43 R 126.280725592 0
43 S 130.447682863 0
43 T 131.580752025 0
43 V 131.841656644 0
43 W 130.185432541 0
43 Y 132.787162807 0
44 A 125.47685868 0
44 C 127.658248516 0
44 D 131.484393026 0
44 E 127.704926645 0
44 F 131.610507466 0
44 G 134.689517534 0
44 H 129.017140125 0
44 I 126.748002109 0
44 K 124.411414079 1
44 L 127.161986745 0
44 M 126.77499264 0
44 N 126.497700275 0
44 P 419.442320431 0
44 Q 126.502729393 0
44 R 125.37267809 0
44 S 127.665364146 0
44 T 126.226466179 0
44 V 124.750235138 0
44 W 127.823253955 0
44 Y 131.539762797 0
45 A 133.948418051 0
45 C 132.232966981 0
45 D 129.274632358 0
45 E 131.164260431 0
45 F 135.197706406 0
45 G 135.732439618 0
45 H 135.553900303 0
45 I 129.452780917 0
45 K 132.119704664 0
45 L 126.368540613 1
45 M 130.017063373 0
45 N 132.253872853 0
45 P 397.369211488 0
45 Q 131.990163653 0
45 R 125.967325037 0
45 S 135.129144606 0
45 T 134.195100156 0
45 V 134.177424803 0
45 W 129.678731775 0
45 Y 132.37646587 0
46 A 131.533397228 0
46 C 133.188395513 0
46 D 132.269438096 0
46 E 132.390496027 0
46 F 135.677856558 0
46 G 131.888302697 0
46 H 133.402422492 0
46 I 133.444388713 0
46 K 130.476065317 0
46 L 131.501716059 0
46 M 132.304380599 0
46 N 131.445055122 0
46 P 186.021281828 0
46 Q 132.882527096 1
46 R 131.050169891 0
46 S 131.071849025 0
46 T 134.316162845 0
46 V 134.188069092 0
46 W 135.470075827 0
46 Y 135.435116785 0
47 A 137.115357592 1
47 C 137.283868517 0
47 D 133.601268898 0
47 E 138.210451298 0
47 F 139.385825053 0
47 G 139.067082678 0
47 H 137.570114634 0
47 I 134.832306466 0
47 K 130.704052385 0
47 L 132.933779317 0
47 M 134.930856893 0
47 N 134.550783613 0
47 P 533.342858971 0
47 Q 139.147462337 0
47 R 136.922476862 0
47 S 133.56699634 0
47 T 134.077125301 0
47 V 135.487507736 0
47 W 139.631512574 0
47 Y 139.342144577 0
48 A 144.296207359 0
48 C 147.262623941 0
48 D 141.243393753 0
48 E 145.184703786 0
48 F 151.022233282 0
48 G 136.742443494 1
48 H 147.212578381 0
48 I 146.193920884 0
48 K 150.377014052 0
48 L 149.504902949 0
48 M 151.916974283 0
48 N 143.072095381 0
48 P 189.804865515 0
48 Q 156.933209614 0
48 R 147.772506022 0
48 S 143.752770893 0
48 T 144.392868991 0
48 V 146.772272711 0
48 W 151.262172136 0
48 Y 142.37194386 0
49 A 138.89465163 0
49 C 141.401527025 0
49 D 140.220027601 0
49 E 138.48743399 0
49 F 140.070864499 0
49 G 132.912872632 1
49 H 138.177907122 0
49 I 140.221048814 0
49 K 139.510628691 0
49 L 137.625770705 0
49 M 141.164605721 0
49 N 139.911794213 0
49 P 173.484074684 0
49 Q 136.322895593 0
49 R 134.579127354 0
49 S 143.701776704 0
49 T 142.80866196 0
49 V 139.704791438 0
49 W 139.412193717 0
49 Y 140.949469462 0
50 A 138.175295504 0
50 C 135.067239532 0
50 D 136.544822965 0
50 E 137.443052833 0
50 F 130.093250888 0
50 G 143.539862719 0
50 H 129.871218432 0
50 I 151.444865601 0
50 K 135.249394478 0
50 L 141.042592803 0
50 M 130.554694624 0
50 N 130.854746337 0
50 P 154.383436972 0
50 Q 137.619609537 0
50 R 136.532260358 0
50 S 140.924858632 0
50 T 135.699138739 0
50 V 152.69118129 0
50 W 134.931987362 0
50 Y 131.361043556 1
51 A 143.293708012 0
51 C 146.685398185 0
51 D 145.614361587 0
51 E 141.577344056 0
51 F 146.926733713 0
51 G 142.338266173 1
51 H 145.239197517 0
51 I 145.744103318 0
51 K 149.993207105 0
51 L 144.545597488 0
51 M 140.479535021 0
51 N 147.7438242 0
51 P 160.881329626 0
51 Q 139.242339591 0
51 R 142.549978394 0
51 S 145.404058487 0
51 T 146.748095556 0
51 V 148.546083875 0
51 W 140.644694601 0
51 Y 146.855065026 0
52 A 146.597435819 0
52 C 146.813099759 0
52 D 147.882347167 0
52 E 151.584757903 0
52 F 141.944970354 1
52 G 151.537576814 0
52 H 144.321381594 0
52 I 158.005333648 0
52 K 154.181422104 0
52 L 157.178218853 0
52 M 145.699478244 0
52 N 145.722306536 0
52 P 325.471460788 0
52 Q 150.283505526 0
52 R 151.279858877 0
52 S 147.088955735 0
52 T 150.882937209 0
52 V 152.026039843 0
52 W 142.496784331 0
52 Y 169.718216202 0
53 A 144.287480173 0
53 C 144.705415144 0
53 D 147.762665531 0
53 E 135.801880715 0
53 F 148.416095038 0
53 G 151.908351183 0
53 H 139.680557027 0
53 I 135.937574786 0
53 K 142.648005834 0
53 L 133.174922881 0
53 M 133.143608906 0
53 N 145.093292575 0
53 P 206.970105658 0
53 Q 136.512643089 0
53 R 146.170195188 0
53 S 144.707856699 0
53 T 139.782066277 0
53 V 136.378317579 1
53 W 154.82924736 0
53 Y 151.866977052 0
54 A 147.928986569 0
54 C 146.334555565 0
54 D 141.848240388 0
54 E 141.008146932 0
54 F 147.50034721 0
54 G 152.77184476 0
54 H 138.258395576 0
54 I 136.685124721 1
54 K 141.237140773 0
54 L 135.697033915 0
54 M 134.012703026 0
54 N 146.829510069 0
54 P 177.340856329 0
54 Q 137.960353434 0
54 R 139.815332076 0
54 S 147.814905706 0
54 T 144.91851301 0
54 V 139.405430837 0
54 W 140.837598486 0
54 Y 152.313306421 0
55 A 137.007240666 0
55 C 138.336009717 0
55 D 137.129452845 0
55 E 137.59712162 0
55 F 121.615138221 0
55 G 143.019112065 0
55 H 121.296819212 0
55 I 134.986214898 0
55 K 124.787147016 0
55 L 140.720542105 0
55 M 133.72510677 0
55 N 136.554393831 0
55 P 158.487726143 0
55 Q 131.46909343 0
55 R 141.740565854 0
55 S 136.834984215 1
55 T 135.979479116 0
55 V 136.331566636 0
55 W 167.98091125 0
55 Y 111.002243114 0
56 A 129.893861393 0
56 C 134.668454902 0
56 D 122.446191334 1
56 E 129.817169913 0
56 F 144.163418549 0
56 G 129.956324192 0
56 H 135.052324713 0
56 I 150.954589477 0
56 K 139.077393944 0
56 L 131.08162023 0
56 M 133.033474087 0
56 N 134.383283086 0
56 P 128.257738424 0
56 Q 130.131667933 0
56 R 150.173884487 0
56 S 127.609984046 0
56 T 129.242756182 0
56 V 133.851116818 0
56 W 185.852771987 0
56 Y 184.154028325 0
57 A 132.293009416 0
57 C 132.869532352 0
57 D 133.000541146 0
57 E 128.273621099 0
57 F 127.968056455 0
57 G 137.077825555 0
57 H 129.787790321 0
57 I 132.68225469 0
57 K 130.107617444 0
57 L 128.720378562 0
57 M 131.28506439 0
57 N 131.288591211 0
57 P 167.367998071 0
57 Q 129.27991611 0
57 R 128.720500192 0
57 S 132.253748698 0
57 T 129.664501408 0
57 V 128.713268202 0
57 W 129.257090996 1
57 Y 128.448860244 0
58 A 121.294218988 0
58 C 124.412348592 0
58 D 119.917654314 0
58 E 122.399809623 0
58 F 125.432528544 0
58 G 122.384420416 0
58 H 121.181367696 0
58 I 126.168103434 0
58 K 120.831410498 0
58 L 138.785109368 0
58 M 123.79409897 0
58 N 118.98771419 1
58 P 165.510408745 0
58 Q 123.239957308 0
58 R 120.557225353 0
58 S 120.654905302 0
58 T 124.312488931 0
58 V 122.987119348 0
58 W 127.009906695 0
58 Y 125.780689781 0
59 A 103.899816393 0
59 C 113.731677707 0
59 D 116.529120971 0
59 E 112.014690695 0
59 F 195.460144429 0
59 G 114.382346982 0
59 H 117.550888147 0
59 I 112.824257258 0
59 K 112.448128237 0
59 L 103.563219615 0
59 M 112.51282212 1
59 N 112.826634832 0
59 P 143.736587088 0
59 Q 112.896758844 0
59 R 111.476024991 0
59 S 113.944273588 0
59 T 111.059868576 0
59 V 114.248175418 0
59 W 127.048816113 0
59 Y 144.423434736 0
60 A 101.76506032 0
60 C 107.054291466 0
60 D 94.7959285824 0
60 E 130.091730341 0
60 F 131.476418484 0
60 G 104.638510964 0
60 H 124.236812945 0
60 I 121.37135933 0
60 K 135.218069632 0
60 L 177.427423389 0
60 M 173.262290244 0
60 N 106.465074858 0
60 P 117.05889951 1
60 Q 182.224645629 0
60 R 178.635287047 0
60 S 103.217064058 0
60 T 105.727226571 0
60 V 118.000187753 0
60 W 129.947787176 0
60 Y 133.58103932 0
61 A 123.888567216 0
61 C 126.099899918 0
61 D 123.288251857 0
61 E 123.050432754 0
61 F 128.180763224 0
61 G 114.930497887 0
61 H 124.165685001 0
61 I 132.83824106 0
61 K 122.787372248 0
61 L 122.886483114 0
61 M 125.52771328 0
61 N 124.603061019 1
61 P 177.658344933 0
61 Q 125.275317584 0
61 R 125.010767803 0
61 S 116.779362158 0
61 T 125.801753716 0
61 V 131.720977237 0
61 W 128.117202309 0
61 Y 127.811226425 0
62 A 118.696088862 0
62 C 120.690971219 0
62 D 115.15159353 0
62 E 114.324555136 0
62 F 119.189531414 0
62 G 108.149895642 0
62 H 118.034275327 0
62 I 117.364790517 0
62 K 115.60362157 0
62 L 113.113196317 0
62 M 120.257531614 1
62 N 116.040882486 0
62 P 136.362471855 0
62 Q 117.324101328 0
62 R 116.874396734 0
62 S 110.123810929 0
62 T 109.274669939 0
62 V 113.981789259 0
62 W 119.080338366 0
62 Y 116.863682012 0
63 A 122.58291846 0
63 C 122.411998478 0
63 D 117.781632511 1
63 E 120.772239158 0
63 F 120.147595138 0
63 G 122.134353116 0
63 H 121.560479166 0
63 I 119.94652533 0
63 K 121.38552168 0
63 L 122.02383195 0
63 M 122.673808509 0
63 N 118.599877096 0
63 P 128.622566238 0
63 Q 121.979864477 0
63 R 122.943834656 0
63 S 119.6789771 0
63 T 121.498067427 0
63 V 120.467997327 0
63 W 121.204921388 0
63 Y 120.258774233 0
64 A 119.927105365 0
64 C 122.798394095 0
64 D 131.041679554 0
64 E 163.707944868 0
64 F 925.119811976 0
64 G 122.159847307 1
64 H 290.953793028 0
64 I 170.740726174 0
64 K 155.754605072 0
64 L 186.119136159 0
64 M 162.545185205 0
64 N 129.946674008 0
64 P 210.469094432 0
64 Q 164.092917728 0
64 R 155.602014503 0
64 S 120.905982849 0
64 T 166.443901818 0
64 V 167.500336392 0
64 W 870.059467133 0
64 Y 963.260438704 0
65 A 137.484384766 0
65 C 138.238457716 0
65 D 136.105724089 0
65 E 136.459928097 0
65 F 134.985898553 0
65 G 138.373816877 0
65 H 135.126818617 0
65 I 133.582695514 0
65 K 137.009886681 0
65 L 130.006275007 1
65 M 133.442475209 0
65 N 135.524891233 0
65 P 159.2409615 0
65 Q 134.052264835 0
65 R 134.846888972 0
65 S 137.156937523 0
65 T 138.266498888 0
65 V 136.490571257 0
65 W 137.612771371 0
65 Y 136.303922814 0
66 A 135.471867437 0
66 C 138.591211876 0
66 D 133.911006117 0
66 E 132.035508701 1
66 F 137.251514111 0
66 G 136.121815728 0
66 H 135.857893591 0
66 I 133.413421005 0
66 K 133.01423361 0
66 L 132.238099825 0
66 M 133.807739091 0
66 N 133.892792115 0
66 P 141.658285459 0
66 Q 134.297005057 0
66 R 132.742793568 0
66 S 133.679794938 0
66 T 135.658742418 0
66 V 133.928676274 0
66 W 129.401112488 0
66 Y 137.224961333 0
67 A 135.56537798 0
67 C 135.022022342 0
67 D 132.38834101 0
67 E 127.877118361 0
67 F 122.865088486 0
67 G 136.607675666 0
67 H 130.141811799 0
67 I 172.323166813 0
67 K 131.399118732 0
67 L 123.936618706 1
67 M 125.735923255 0
67 N 131.049848797 0
67 P 158.476063308 0
67 Q 129.066124656 0
67 R 127.798622678 0
67 S 133.307522643 0
67 T 130.8763832 0
67 V 142.387626347 0
67 W 144.221516694 0
67 Y 129.736427 0
68 A 133.990046923 0
68 C 134.566076326 0
68 D 128.710937044 0
68 E 127.469428581 0
68 F 148.006001847 0
68 G 137.927157104 0
68 H 145.102104559 0
68 I 134.217624383 0
68 K 146.716290955 0
68 L 134.322748684 1
68 M 136.333526019 0
68 N 129.028099659 0
68 P 305.657753657 0
68 Q 129.797125447 0
68 R 149.223946333 0
68 S 134.898854374 0
68 T 132.006053797 0
68 V 146.577692478 0
68 W 404.30051282 0
68 Y 150.480367254 0
69 A 135.195523392 0
69 C 140.349193788 0
69 D 136.366209412 0
69 E 135.753945342 0
69 F 137.399431019 0
69 G 137.312925391 0
69 H 136.570616197 0
69 I 145.770492562 0
69 K 135.51162516 1
69 L 135.49786354 0
69 M 132.520798307 0
69 N 137.55788684 0
69 P 542.096155341 0
69 Q 132.707103778 0
69 R 136.047812529 0
69 S 136.665435895 0
69 T 136.632282262 0
69 V 135.5957439 0
69 W 136.416665483 0
69 Y 137.439372082 0
70 A 129.990028269 0
70 C 134.295355736 0
70 D 131.942970003 0
70 E 130.070989584 0
70 F 131.272480024 0
70 G 132.69457931 0
70 H 130.920358031 0
70 I 130.956634938 0
70 K 131.082132623 0
70 L 132.353829207 0
70 M 131.700135524 0
70 N 132.504942957 0
70 P 406.863086774 0
70 Q 131.361618274 0
70 R 128.821767326 0
70 S 131.167245535 0
70 T 129.66136777 1
70 V 138.510639416 0
70 W 133.176795073 0
70 Y 131.566168385 0
71 A 134.24861808 0
71 C 124.633100276 0
71 D 122.947831548 0
71 E 122.867989764 0
71 F 122.042811287 0
71 G 135.224355942 0
71 H 121.518037467 0
71 I 117.69414429 1
71 K 132.993713478 0
71 L 119.722088945 0
71 M 119.638984165 0
71 N 122.602930738 0
71 P 272.368749557 0
71 Q 121.433471271 0
71 R 124.048482885 0
71 S 131.155605292 0
71 T 127.147301319 0
71 V 120.589676753 0
71 W 122.826023708 0
71 Y 124.010365587 0
72 A 140.566742289 0
72 C 142.70519374 0
72 D 140.283117004 0
72 E 139.11721857 0
72 F 138.497689236 0
72 G 143.139412246 0
72 H 138.299975335 0
72 I 138.174760727 0
72 K 138.671323707 0
72 L 140.842917604 0
72 M 138.414031177 0
72 N 139.099006417 0
72 P 258.643508052 0
72 Q 138.410527384 0
72 R 139.083111917 1
72 S 142.380069886 0
72 T 142.498617837 0
72 V 136.549239441 0
72 W 137.576184253 0
72 Y 138.700944388 0
73 A 139.656089476 1
73 C 142.07786229 0
73 D 140.947389996 0
73 E 141.785844161 0
73 F 143.828205434 0
73 G 140.865823915 0
73 H 141.673387701 0
73 I 156.656497248 0
73 K 140.620064575 0
73 L 141.505338124 0
73 M 141.955162007 0
73 N 142.08410972 0
73 P 641.679835252 0
73 Q 142.260980028 0
73 R 138.305118502 0
73 S 141.34584157 0
73 T 143.312221576 0
73 V 146.058558947 0
73 W 143.859404444 0
73 Y 143.682785029 0
74 A 138.816752774 0
74 C 143.417850484 0
74 D 138.000693967 1
74 E 140.612248423 0
74 F 137.452106316 0
74 G 130.938130358 0
74 H 140.818050718 0
74 I 150.960275682 0
74 K 128.523888213 0
74 L 137.19297911 0
74 M 142.012959056 0
74 N 137.013195009 0
74 P 312.597124843 0
74 Q 142.856449252 0
74 R 128.057474458 0
74 S 134.038265718 0
74 T 137.879388932 0
74 V 151.777330187 0
74 W 132.930336413 0
74 Y 136.023314253 0
75 A 140.743033505 0
75 C 141.113738328 0
75 D 135.782090243 0
75 E 140.702456259 0
75 F 140.017397593 0
75 G 138.630090766 1
75 H 140.591768264 0
75 I 143.939717173 0
75 K 139.718345911 0
75 L 143.199876462 0
75 M 140.792764359 0
75 N 137.767526096 0
75 P 153.402303949 0
75 Q 139.194201587 0
75 R 139.668984007 0
75 S 139.61752925 0
75 T 139.574987507 0
75 V 145.237907917 0
75 W 141.082857387 0
75 Y 140.409765445 0
76 A 143.696814454 1
76 C 149.183404959 0
76 D 140.850449582 0
76 E 136.465835446 0
76 F 141.72532629 0
76 G 135.392975914 0
76 H 139.825225317 0
76 I 146.389675831 0
76 K 136.13178466 0
76 L 143.927919048 0
76 M 144.842966818 0
76 N 139.485488829 0
76 P 167.98077111 0
76 Q 144.959517594 0
76 R 139.739886884 0
76 S 141.120487044 0
76 T 138.401412085 0
76 V 146.678749684 0
76 W 146.218428735 0
76 Y 144.210081236 0
77 A 139.409320744 0
77 C 140.186615278 0
77 D 137.817806381 0
77 E 137.922244029 0
77 F 137.821769522 0
77 G 139.841820029 0
77 H 136.428615011 0
77 I 137.831329336 0
77 K 137.04916279 0
77 L 137.793599704 0
77 M 137.776641279 1
77 N 136.954477625 0
77 P 396.279619244 0
77 Q 139.039350399 0
77 R 136.782422216 0
77 S 138.532858108 0
77 T 137.80493662 0
77 V 137.887705397 0
77 W 138.677583252 0
77 Y 138.195252631 0
78 A 136.81307757 0
78 C 139.748609827 0
78 D 137.561258138 0
78 E 134.990100819 0
78 F 140.653480857 0
78 G 138.680019342 0
78 H 137.757634663 0
78 I 138.928684601 0
78 K 137.518289957 0
78 L 145.539144885 0
78 M 139.619465703 0
78 N 138.996135912 0
78 P 141.761106985 0
78 Q 136.570617225 0
78 R 138.117080161 0
78 S 136.184453686 1
78 T 138.18306362 0
78 V 138.747180841 0
78 W 138.91539477 0
78 Y 140.46564967 0
79 A 139.674560045 1
79 C 141.720525069 0
79 D 138.95557058 0
79 E 138.253854584 0
79 F 136.122089687 0
79 G 139.907195935 0
79 H 139.291022021 0
79 I 140.815573059 0
79 K 138.702723804 0
79 L 138.730492498 0
79 M 135.51358582 0
79 N 138.824643269 0
79 P 196.341416779 0
79 Q 135.410897939 0
79 R 139.271472902 0
79 S 137.944518022 0
79 T 138.579861643 0
79 V 140.45193348 0
79 W 136.021941756 0
79 Y 140.702801732 0
80 A 144.900315226 0
80 C 138.983277872 0
80 D 142.23792632 0
80 E 139.340798744 0
80 F 161.179577952 0
80 G 150.270961775 0
80 H 155.019233314 0
80 I 143.34468593 0
80 K 142.866352911 0
80 L 135.118796003 1
80 M 134.622907325 0
80 N 137.275344099 0
80 P 258.120773768 0
80 Q 137.429941843 0
80 R 138.433142977 0
80 S 142.730123258 0
80 T 139.030722525 0
80 V 149.861123338 0
80 W 149.62554804 0
80 Y 161.846968702 0
81 A 141.733409322 0
81 C 145.282660045 0
81 D 144.229284657 0
81 E 143.768429402 0
81 F 141.431706901 0
81 G 148.307860211 0
81 H 143.290155884 0
81 I 142.060304455 0
81 K 141.497383402 0
81 L 143.186155918 0
81 M 140.064139712 0
81 N 146.131858399 0
81 P 138.945202272 1
81 Q 143.700698911 0
81 R 139.773720293 0
81 S 142.574819666 0
81 T 141.020913344 0
81 V 141.688439217 0
81 W 151.285818197 0
81 Y 143.07581641 0
82 A 142.563125331 0
82 C 142.624651302 0
82 D 149.838069404 0
82 E 150.398311091 0
82 F 150.867599564 0
82 G 146.79266149 0
82 H 145.481290744 0
82 I 145.203399609 0
82 K 156.08095722 0
82 L 148.774309972 0
82 M 169.37538727 0
82 N 143.270501828 0
82 P 224.847235488 0
82 Q 160.292239533 0
82 R 156.927289142 0
82 S 143.446872656 0
82 T 141.091846041 0
82 V 137.97343948 1
82 W 159.668644841 0
82 Y 150.03881053 0
83 A 154.270979482 0
83 C 147.141298073 0
83 D 144.190253156 0
83 E 142.692565738 0
83 F 177.867400376 0
83 G 159.901106784 0
83 H 167.349923677 0
83 I 146.736466575 0
83 K 150.087064261 0
83 L 139.177479986 1
83 M 142.284689225 0
83 N 144.516495783 0
83 P 183.087325018 0
83 Q 144.834122269 0
83 R 144.962140948 0
83 S 149.080241867 0
83 T 145.049853017 0
83 V 153.271867837 0
83 W 196.744241436 0
83 Y 185.033570371 0
84 A 146.459836143 0
84 C 142.129563825 0
84 D 142.676563205 0
84 E 141.077807107 0
84 F 146.13038446 0
84 G 150.347402606 0
84 H 146.026230876 0
84 I 143.17229935 0
84 K 146.165554188 0
84 L 139.48159614 0
84 M 141.18806492 1
84 N 142.879559742 0
84 P 212.024304421 0
84 Q 142.640010135 0
84 R 147.22254529 0
84 S 147.149171573 0
84 T 142.216591496 0
84 V 139.456249429 0
84 W 152.488853097 0
84 Y 146.91101421 0
85 A 149.787134997 0
85 C 149.036636989 0
85 D 144.517505863 0
85 E 133.198882665 0
85 F 158.413759594 0
85 G 149.59876324 0
85 H 138.728818503 0
85 I 140.524016907 0
85 K 141.36463217 0
85 L 139.548031732 0
85 M 139.317626507 0
85 N 142.093846145 0
85 P 287.225396718 0
85 Q 133.608084558 0
85 R 139.869561849 0
85 S 148.402195512 0
85 T 145.635756508 0
85 V 143.163162264 1
85 W 139.492926798 0
85 Y 163.123666255 0
86 A 139.861386111 0
86 C 145.157537422 0
86 D 133.079122191 0
86 E 141.655534752 0
86 F 134.710095588 0
86 G 139.662763202 0
86 H 133.034205728 0
86 I 139.387091348 0
86 K 145.733895032 0
86 L 137.375633103 0
86 M 137.993189288 0
86 N 133.440793017 0
86 P 178.674445542 0
86 Q 141.349064301 0
86 R 141.786191713 0
86 S 141.377354576 0
86 T 141.86578885 1
86 V 140.933739404 0
86 W 134.864540552 0
86 Y 135.769349669 0
87 A 145.206242952 1
87 C 147.896029247 0
87 D 146.49286029 0
87 E 145.442958064 0
87 F 145.998151548 0
87 G 146.886612836 0
87 H 146.492277656 0
87 I 146.007405177 0
87 K 146.197029652 0
87 L 143.956116317 0
87 M 146.155796212 0
87 N 146.130745343 0
87 P 141.98907136 0
87 Q 145.8626995 0
87 R 139.606039735 0
87 S 145.048379412 0
87 T 146.981691945 0
87 V 146.211956795 0
87 W 149.18131399 0
87 Y 146.275007696 0
88 A 136.867245924 0
88 C 144.645939903 0
88 D 137.676953477 0
88 E 143.834972675 1
88 F 145.380744938 0
88 G 132.483415868 0
88 H 141.142820213 0
88 I 154.157336641 0
88 K 135.552609144 0
88 L 142.13067943 0
88 M 146.127359393 0
88 N 136.406413511 0
88 P 196.411232003 0
88 Q 141.126131982 0
88 R 142.13506523 0
88 S 131.497345701 0
88 T 146.643271993 0
88 V 154.513462045 0
88 W 147.232709804 0
88 Y 143.172067387 0
89 A 142.666103625 1
89 C 144.992849774 0
89 D 151.216946219 0
89 E 148.69157851 0
89 F 143.098787479 0
89 G 139.866796885 0
89 H 144.64594593 0
89 I 150.370795237 0
89 K 146.775514229 0
89 L 144.922245525 0
89 M 143.23787696 0
89 N 143.976357318 0
89 P 149.495484175 0
89 Q 151.165725632 0
89 R 144.173130271 0
89 S 143.646684856 0
89 T 149.116437403 0
89 V 148.29173847 0
89 W 148.813304718 0
89 Y 143.375112013 0
90 A 144.922496099 0
90 C 147.138520955 0
90 D 144.557418866 0
90 E 143.552446219 0
90 F 144.544807873 0
90 G 147.647766671 0
90 H 144.54652036 0
90 I 143.641405276 0
90 K 143.259851004 1
90 L 143.048614022 0
90 M 144.769302737 0
90 N 144.830008111 0
90 P 155.897303406 0
90 Q 145.29851684 0
90 R 144.050956999 0
90 S 145.176985746 0
90 T 145.877504799 0
90 V 143.818836834 0
90 W 145.378656702 0
90 Y 144.654005425 0
91 A 145.348188331 0
91 C 149.208535504 0
91 D 144.208500564 0
91 E 143.620861223 0
91 F 148.68524207 0
91 G 146.939916628 0
91 H 145.080986843 0
91 I 146.419905876 0
91 K 144.877568152 1
91 L 145.37922532 0
91 M 145.466359328 0
91 N 145.832160349 0
91 P 146.22909795 0
91 Q 146.773360015 0
91 R 145.473570619 0
91 S 146.36438369 0
91 T 148.287535395 0
91 V 147.808225985 0
91 W 146.408610286 0
91 Y 148.726242609 0
92 A 147.639035446 0
92 C 150.477533279 0
92 D 145.139737086 0
92 E 145.472913751 1
92 F 148.768554367 0
92 G 148.915369504 0
92 H 147.789364108 0
92 I 148.43541492 0
92 K 146.836478502 0
92 L 147.7312711 0
92 M 148.76627457 0
92 N 148.107954427 0
92 P 162.425432534 0
92 Q 147.917173209 0
92 R 147.238104587 0
92 S 147.33015396 0
92 T 147.893921306 0
92 V 148.336498792 0
92 W 149.345302147 0
92 Y 148.780326231 0
93 A 142.623574509 0
93 C 145.290462119 0
93 D 140.675036484 0
93 E 140.739601114 0
93 F 144.413948255 0
93 G 144.839801468 0
93 H 142.367766556 0
93 I 146.222706476 0
93 K 142.617329219 0
93 L 140.993683822 0
93 M 144.112748185 0
93 N 141.561315878 1
93 P 186.692676058 0
93 Q 142.648314463 0
93 R 136.591551813 0
93 S 142.955409032 0
93 T 143.766150206 0
93 V 153.894805935 0
93 W 137.434445555 0
93 Y 143.84208679 0
94 A 141.420491321 0
94 C 146.154096601 0
94 D 143.562440305 0
94 E 140.676924721 0
94 F 147.919751973 0
94 G 147.060595529 0
94 H 140.949056427 0
94 I 140.545351191 1
94 K 144.044988662 0
94 L 139.616607537 0
94 M 141.968550605 0
94 N 142.30388642 0
94 P 377.862644734 0
94 Q 142.611636724 0
94 R 141.972045368 0
94 S 145.363163246 0
94 T 143.746430817 0
94 V 141.050290536 0
94 W 142.449951291 0
94 Y 147.797867436 0
95 A 143.849481921 0
95 C 146.244889345 0
95 D 143.633257125 0
95 E 143.511912962 0
95 F 146.77528308 0
95 G 145.015181214 0
95 H 144.434387993 0
95 I 141.954405974 1
95 K 143.386917484 0
95 L 143.351965869 0
95 M 144.296964133 0
95 N 144.124338909 0
95 P 441.109569768 0
95 Q 144.936381758 0
95 R 143.575650237 0
95 S 143.117605616 0
95 T 142.830590456 0
95 V 144.284951248 0
95 W 142.515364467 0
95 Y 147.409839321 0
96 A 139.658551602 1
96 C 144.140589734 0
96 D 141.105921776 0
96 E 140.287103362 0
96 F 142.24788383 0
96 G 142.154627963 0
96 H 141.360032094 0
96 I 141.8190255 0
96 K 139.119221345 0
96 L 138.945693744 0
96 M 139.606340863 0
96 N 140.566177997 0
96 P 235.715631684 0
96 Q 141.153855847 0
96 R 142.401060935 0
96 S 140.916310887 0
96 T 141.556993797 0
96 V 141.586708909 0
96 W 141.802924376 0
96 Y 142.211557627 0
97 A 134.898538467 1
97 C 171.673744255 0
97 D 165.047706586 0
97 E 170.764433151 0
97 F 230.612951681 0
97 G 141.171635637 0
97 H 228.985209036 0
97 I 229.16452458 0
97 K 190.046888542 0
97 L 174.940166194 0
97 M 165.809329366 0
97 N 166.933567393 0
97 P 315.770478397 0
97 Q 160.4097752 0
97 R 185.974556768 0
97 S 140.94291785 0
97 T 188.641096791 0
97 V 224.169203112 0
97 W 517.349452453 0
97 Y 323.115088204 0
98 A 143.94212783 1
98 C 145.74930826 0
98 D 146.682596072 0
98 E 144.133297759 0
98 F 146.862964852 0
98 G 145.763573503 0
98 H 145.777158231 0
98 I 146.261715479 0
98 K 144.732176871 0
98 L 144.6245276 0
98 M 145.182021262 0
98 N 145.400234972 0
98 P 402.090132773 0
98 Q 144.765678235 0
98 R 142.138842692 0
98 S 144.995932134 0
98 T 146.108656839 0
98 V 148.015108672 0
98 W 146.482084694 0
98 Y 147.115345497 0
99 A 140.104685514 0
99 C 141.4406038 0
99 D 140.449024296 0
99 E 139.943231306 0
99 F 144.267859891 0
99 G 141.880987369 0
99 H 142.26449864 0
99 I 143.353725701 0
99 K 140.844705361 0
99 L 139.410457483 0
99 M 141.223804073 0
99 N 139.660752613 0
99 P 393.959121194 0
99 Q 140.445451722 1
99 R 139.483605523 0
99 S 140.877710897 0
99 T 143.322465216 0
99 V 145.501272689 0
99 W 140.726046271 0
99 Y 144.316557839 0
100 A 133.23749531 1
100 C 136.825161571 0
100 D 131.74330605 0
100 E 136.130642631 0
100 F 149.242594144 0
100 G 126.559402685 0
100 H 138.40773302 0
100 I 148.918404768 0
100 K 137.268958901 0
100 L 133.164162885 0
100 M 136.964386651 0
100 N 132.808798771 0
100 P 169.337214583 0
100 Q 135.756062612 0
100 R 136.291119725 0
100 S 130.39774453 0
100 T 128.185279419 0
100 V 143.068471146 0
100 W 137.735143411 0
100 Y 149.969197641 0
101 A 132.987307911 0
101 C 133.791828771 0
101 D 133.138372715 0
101 E 143.78257517 0
101 F 266.641210342 0
101 G 132.774781089 1
101 H 192.021075764 0
101 I 149.405268168 0
101 K 220.462882376 0
101 L 162.526039323 0
101 M 158.478647075 0
101 N 132.878218244 0
101 P 144.40735984 0
101 Q 143.506712082 0
101 R 154.017282881 0
101 S 133.705196742 0
101 T 144.967417045 0
101 V 144.859477029 0
101 W 416.894274734 0
101 Y 277.790560029 0
102 A 142.408073436 1
102 C 145.405960704 0
102 D 153.915442582 0
102 E 181.099231609 0
102 F 447.462496854 0
102 G 143.819436381 0
102 H 190.100540686 0
102 I 151.949868708 0
102 K 206.303420482 0
102 L 249.489283447 0
102 M 186.108713131 0
102 N 151.600142229 0
102 P 239.312277055 0
102 Q 160.408941216 0
102 R 192.428713466 0
102 S 145.608639776 0
102 T 153.673876357 0
102 V 155.726120506 0
102 W 273.297826912 0
102 Y 438.118096126 0
103 A 149.203839603 0
103 C 150.928232616 0
103 D 144.40478511 0
103 E 142.819119377 0
103 F 142.514642084 0
103 G 150.568076258 0
103 H 141.642282949 0
103 I 148.74246123 0
103 K 143.151059743 0
103 L 147.481992336 0
103 M 143.962008839 0
103 N 149.367900366 0
103 P 347.994603041 0
103 Q 144.721055983 0
103 R 136.33902409 0
103 S 148.533126775 1
103 T 148.909760445 0
103 V 148.967527096 0
103 W 137.334996101 0
103 Y 139.016904672 0
104 A 197.774720772 0
104 C 207.179362806 0
104 D 206.943811027 0
104 E 213.240045028 0
104 F 295.976549989 0
104 G 145.448825427 1
104 H 239.932009734 0
104 I 214.769190384 0
104 K 249.072387983 0
104 L 215.44155123 0
104 M 333.249683558 0
104 N 201.756641903 0
104 P 260.849566361 0
104 Q 214.202782385 0
104 R 213.699152876 0
104 S 205.602086002 0
104 T 391.044674019 0
104 V 214.42023269 0
104 W 237.730014458 0
104 Y 304.378047891 0
105 A 143.321901208 0
105 C 147.165676744 0
105 D 141.569285616 0
105 E 143.591200381 0
105 F 143.55826191 0
105 G 148.089853313 0
105 H 144.076830479 0
105 I 143.489665644 0
105 K 145.342088105 0
105 L 134.61297905 0
105 M 138.613494072 0
105 N 140.192187933 0
105 P 173.935909312 0
105 Q 142.96030506 0
105 R 144.559875271 0
105 S 142.754467734 0
105 T 145.149042475 0
105 V 145.396485061 0
105 W 141.090776726 0
105 Y 141.539864264 1
106 A 141.526388698 0
106 C 141.121792894 0
106 D 148.416343993 0
106 E 143.546087676 0
106 F 172.078333734 0
106 G 150.526793941 0
106 H 153.673165893 0
106 I 135.646614102 0
106 K 147.014391788 0
106 L 138.220355088 0
106 M 135.094815838 0
106 N 145.545731972 0
106 P 229.016704282 0
106 Q 141.438256335 0
106 R 141.850602858 0
106 S 142.432927189 0
106 T 140.070015028 0
106 V 136.270307807 1
106 W 229.326224113 0
106 Y 187.380053262 0
107 A 141.525536432 0
107 C 143.154929847 0
107 D 139.886485276 0
107 E 137.521543676 0
107 F 139.463728979 0
107 G 141.427660309 0
107 H 139.134631054 0
107 I 143.239148574 0
107 K 140.275110581 0
107 L 145.267336142 0
107 M 140.655110601 0
107 N 141.586292381 0
107 P 138.333224325 0
107 Q 139.902619894 0
107 R 139.011122669 0
107 S 138.127659783 0
107 T 139.220419903 0
107 V 140.422740348 1
107 W 142.169650315 0
107 Y 136.444129692 0
108 A 144.269852841 0
108 C 145.314288759 0
108 D 153.57981681 0
108 E 143.891248301 0
108 F 157.898911995 0
108 G 148.547164007 0
108 H 149.503599217 0
108 I 147.409469567 0
108 K 133.187790354 1
108 L 145.993042013 0
108 M 141.315687811 0
108 N 149.230219287 0
108 P 319.994243087 0
108 Q 142.443702356 0
108 R 133.786251648 0
108 S 145.843510914 0
108 T 146.070171997 0
108 V 149.886898139 0
108 W 176.921579957 0
108 Y 151.621638407 0
109 A 148.406754967 0
109 C 147.810954998 0
109 D 150.719188168 0
109 E 145.307441913 0
109 F 148.473254902 0
109 G 149.715208229 0
109 H 150.734786448 0
109 I 145.960112154 0
109 K 146.039691948 0
109 L 143.817687595 0
109 M 145.225428095 0
109 N 147.401206832 0
109 P 144.089711444 1
109 Q 146.135737029 0
109 R 146.340840661 0
109 S 147.327236928 0
109 T 146.085316295 0
109 V 147.282027679 0
109 W 151.321423127 0
109 Y 147.940389009 0
110 A 142.035434544 0
110 C 144.125878627 0
110 D 140.375772036 0
110 E 140.992142521 0
110 F 131.49198122 1
110 G 145.375986918 0
110 H 139.984326193 0
110 I 143.788168571 0
110 K 144.061616172 0
110 L 161.633585947 0
110 M 155.408342968 0
110 N 144.266237715 0
110 P 143.661720707 0
110 Q 143.161177236 0
110 R 150.747161705 0
110 S 142.350198639 0
110 T 140.442054815 0
110 V 141.829053268 0
110 W 141.962901429 0
110 Y 137.385124963 0
111 A 140.652075428 0
111 C 142.983794685 0
111 D 139.480072506 0
111 E 138.557310247 0
111 F 141.689936595 0
111 G 141.412212306 0
111 H 137.084115843 0
111 I 142.039883347 0
111 K 139.893519791 0
111 L 139.540586367 0
111 M 141.396917353 0
111 N 140.364836278 0
111 P 159.828006288 0
111 Q 140.851268643 0
111 R 140.901898946 0
111 S 138.735325491 0
111 T 139.667205962 1
111 V 141.690777216 0
111 W 141.47835096 0
111 Y 141.491722506 0
112 A 127.394651556 1
112 C 131.04498525 0
112 D 128.408468789 0
112 E 129.615569572 0
112 F 394.393983291 0
112 G 129.814819633 0
112 H 127.752791928 0
112 I 138.969354439 0
112 K 130.702407693 0
112 L 137.497154623 0
112 M 130.406280077 0
112 N 130.057340161 0
112 P 128.032500995 0
112 Q 140.749485942 0
112 R 128.618218212 0
112 S 126.700993178 0
112 T 132.363939322 0
112 V 128.508900698 0
112 W 126.085875146 0
112 Y 129.183863382 0
113 A 129.47687281 1
113 C 132.464178181 0
113 D 128.657624642 0
113 E 127.781570274 0
113 F 131.679857416 0
113 G 130.657772732 0
113 H 129.860377105 0
113 I 130.940006862 0
113 K 128.625232506 0
113 L 128.962135294 0
113 M 130.530058048 0
113 N 129.819032515 0
113 P 142.219653069 0
113 Q 130.557940206 0
113 R 129.219545748 0
113 S 128.946620721 0
113 T 129.468622732 0
113 V 130.611501654 0
113 W 131.348604408 0
113 Y 131.676428025 0
114 A 132.63834124 0
114 C 136.399568407 0
114 D 130.496864253 0
114 E 130.821119061 0
114 F 136.14478141 0
114 G 134.049444877 0
114 H 132.883553232 0
114 I 133.016134452 0
114 K 134.166100819 0
114 L 135.016200542 0
114 M 132.069335584 0
114 N 132.469981852 0
114 P 322.2338139 0
114 Q 131.554574914 0
114 R 134.806458372 0
114 S 134.575527729 0
114 T 133.491793887 1
114 V 133.155278568 0
114 W 134.877061621 0
114 Y 136.459553303 0
115 A 135.994083184 0
115 C 137.731884839 0
115 D 137.842118832 0
115 E 130.676612117 0
115 F 154.798658491 0
115 G 138.116546668 0
115 H 128.377149315 0
115 I 137.824090095 0
115 K 134.542811079 0
115 L 124.811910579 1
115 M 134.313873753 0
115 N 135.918228832 0
115 P 336.567618742 0
115 Q 127.295588935 0
115 R 131.446039438 0
115 S 137.380450336 0
115 T 138.494363514 0
115 V 136.369233501 0
115 W 150.705197769 0
115 Y 134.092479234 0
116 A 122.958182863 0
116 C 127.114797618 0
116 D 124.388185492 0
116 E 122.894068494 1
116 F 126.106293438 0
116 G 125.521869821 0
116 H 126.351243843 0
116 I 190.938898588 0
116 K 123.120436139 0
116 L 125.502854134 0
116 M 124.248584946 0
116 N 125.953204929 0
116 P 453.653254588 0
116 Q 124.974247942 0
116 R 122.882427363 0
116 S 124.06109832 0
116 T 124.0173877 0
116 V 134.001803136 0
116 W 127.002505127 0
116 Y 125.088970377 0
117 A 132.903708763 0
117 C 135.775543874 0
117 D 133.18785988 0
117 E 131.979379605 1
117 F 135.522801212 0
117 G 133.998947767 0
117 H 133.335614906 0
117 I 138.362358215 0
117 K 133.186056029 0
117 L 133.754545537 0
117 M 135.582432361 0
117 N 134.03002107 0
117 P 488.101963659 0
117 Q 135.47938732 0
117 R 134.095268454 0
117 S 134.217564896 0
117 T 133.596407779 0
117 V 144.298420555 0
117 W 134.838948042 0
117 Y 136.002726667 0
118 A 126.926726805 0
118 C 129.274838294 0
118 D 128.472781737 0
118 E 128.41184559 0
118 F 125.448947566 0
118 G 131.493356265 0
118 H 124.837639298 0
118 I 125.331965165 0
118 K 127.608905996 1
118 L 128.525432672 0
118 M 127.961890598 0
118 N 127.758842307 0
118 P 322.181107006 0
118 Q 128.029678295 0
118 R 128.363765993 0
118 S 127.302067601 0
118 T 126.92357229 0
118 V 125.969321557 0
118 W 125.513893659 0
118 Y 126.133342957 0
119 A 133.759533522 0
119 C 137.303530594 0
119 D 134.396463506 0
119 E 125.771149173 0
119 F 130.14409933 0
119 G 137.254471468 0
119 H 133.562982299 0
119 I 130.886397265 0
119 K 129.595936435 0
119 L 123.372238348 1
119 M 123.920099838 0
119 N 134.729399964 0
119 P 386.592832189 0
119 Q 127.307054466 0
119 R 128.45177149 0
119 S 134.649805971 0
119 T 133.556496218 0
119 V 136.497541531 0
119 W 132.336298505 0
119 Y 133.0288924 0
120 A 123.877651888 0
120 C 126.296429679 0
120 D 125.311093825 0
120 E 123.32445449 0
120 F 126.035481557 0
120 G 125.570016286 0
120 H 124.838119495 0
120 I 124.655264924 0
120 K 123.861316259 0
120 L 122.428636417 0
120 M 123.895289249 0
120 N 123.870036495 1
120 P 379.571022501 0
120 Q 124.362649526 0
120 R 123.773480061 0
120 S 124.605440728 0
120 T 124.608512396 0
120 V 125.59166899 0
120 W 124.594524032 0
120 Y 126.074465028 0
121 A 132.790793582 0
121 C 135.211074374 0
121 D 134.233910495 0
121 E 130.388870944 0
121 F 135.858233269 0
121 G 134.476638553 0
121 H 134.03488185 0
121 I 134.305454124 0
121 K 133.70811762 1
121 L 132.862833659 0
121 M 134.550949758 0
121 N 133.538101353 0
121 P 377.159691036 0
121 Q 134.333896256 0
121 R 134.011424193 0
121 S 134.413336331 0
121 T 134.053378152 0
121 V 138.146341405 0
121 W 133.275595123 0
121 Y 135.614810946 0
122 A 138.86465615 0
122 C 138.945191936 0
122 D 136.141913534 0
122 E 135.671319654 0
122 F 136.586617438 0
122 G 142.122649377 0
122 H 136.376436132 0
122 I 132.622431664 1
122 K 140.67578896 0
122 L 131.988733498 0
122 M 131.397317331 0
122 N 136.505850506 0
122 P 275.348122325 0
122 Q 136.968410054 0
122 R 137.848403546 0
122 S 138.940518881 0
122 T 136.960626241 0
122 V 135.462591246 0
122 W 139.56561224 0
122 Y 142.01038572 0
123 A 137.026258837 0
123 C 135.928697248 0
123 D 135.745306822 0
123 E 135.563358304 0
123 F 130.976411055 1
123 G 139.526208223 0
123 H 134.668693902 0
123 I 136.669579271 0
123 K 139.912799342 0
123 L 134.787775249 0
123 M 133.529460273 0
123 N 134.847726071 0
123 P 340.079805989 0
123 Q 135.373975172 0
123 R 141.617426771 0
123 S 137.783435166 0
123 T 137.432290696 0
123 V 136.021556148 0
123 W 135.024450052 0
123 Y 134.224766222 0
124 A 139.848629597 0
124 C 143.166631597 0
124 D 141.676411388 0
124 E 140.800971345 1
124 F 142.850274141 0
124 G 141.729980055 0
124 H 141.3508455 0
124 I 152.358504896 0
124 K 140.316152712 0
124 L 141.286074787 0
124 M 142.331574329 0
124 N 140.876076803 0
124 P 396.123730375 0
124 Q 141.829508058 0
124 R 140.597468594 0
124 S 141.524465836 0
124 T 141.554648371 0
124 V 161.005424775 0
124 W 142.240343918 0
124 Y 143.002597281 0
125 A 139.900236643 0
125 C 142.57776746 0
125 D 141.993099713 0
125 E 138.468349172 0
125 F 140.39984387 0
125 G 140.77254334 0
125 H 142.530653746 0
125 I 140.556990662 0
125 K 138.526825514 1
125 L 138.56246737 0
125 M 140.026060737 0
125 N 139.174174124 0
125 P 253.778341045 0
125 Q 139.853143678 0
125 R 138.66022183 0
125 S 139.458683799 0
125 T 143.569030288 0
125 V 140.474770373 0
125 W 140.463711896 0
125 Y 140.292473127 0
126 A 140.638124963 0
126 C 143.187551849 0
126 D 138.505566274 0
126 E 139.952100696 0
126 F 139.367531647 0
126 G 143.254580532 0
126 H 139.691970448 0
126 I 133.977028672 0
126 K 142.223696183 0
126 L 135.583386366 1
126 M 139.498736516 0
126 N 140.733377549 0
126 P 370.086200249 0
126 Q 140.513181051 0
126 R 141.147241535 0
126 S 141.547907978 0
126 T 140.336438062 0
126 V 138.16344988 0
126 W 141.825688177 0
126 Y 139.525345765 0
127 A 142.668093916 0
127 C 143.144165712 0
127 D 139.868554791 0
127 E 137.945612277 0
127 F 146.046080904 0
127 G 137.270870127 1
127 H 141.836078693 0
127 I 156.976385586 0
127 K 139.875364446 0
127 L 139.902697381 0
127 M 143.429289247 0
127 N 139.300387853 0
127 P 388.278308221 0
127 Q 139.464995802 0
127 R 139.084059389 0
127 S 139.521156083 0
127 T 148.221142808 0
127 V 154.179648453 0
127 W 143.829511036 0
127 Y 146.877705769 0
128 A 145.969304758 0
128 C 143.408244546 0
128 D 144.664236219 0
128 E 143.943002105 0
128 F 145.687987188 0
128 G 146.885426156 0
128 H 142.164963345 0
128 I 140.885394309 0
128 K 142.865650724 0
128 L 174.940381393 0
128 M 142.957637013 1
128 N 143.901884682 0
128 P 153.202498143 0
128 Q 144.012694221 0
128 R 143.736446506 0
128 S 142.284586753 0
128 T 144.371658232 0
128 V 142.87698628 0
128 W 145.552434676 0
128 Y 146.151816088 0
