1 A -57.2653759534 0
1 C -55.8570795855 0
1 D -59.5510944023 0
1 E -58.7720262678 0
1 F -56.3151515468 0
1 G -58.1737708008 0
1 H -58.0852971186 0
1 I -56.8398681985 0
1 K -58.7157145793 1
1 L -57.9661740466 0
1 M -56.9005989912 0
1 N -57.4953316089 0
1 P -60.8528170065 0
1 Q -57.3674946364 0
1 R -58.2056194098 0
1 S -58.8611433631 0
1 T -57.2225324778 0
1 V -56.3571246878 0
1 W -56.221969445 0
1 Y -56.5772875258 0
2 A -59.973457828 0
2 C -65.0648644713 0
2 D -68.979892047 0
2 E -68.7260415343 1
2 F -66.1209859411 0
2 G -58.3839865205 0
2 H -67.2246527779 0
2 I -59.3403966262 0
2 K -67.1518600819 0
2 L -69.1910514026 0
2 M -65.2123415637 0
2 N -66.2754731857 0
2 P -66.879789086 0
2 Q -68.9863556699 0
2 R -68.1965614985 0
2 S -67.3902956609 0
2 T -65.8722699468 0
2 V -65.1583829411 0
2 W -67.0728054852 0
2 Y -65.3690463363 0
3 A -62.1363360269 0
3 C -59.9443447684 0
3 D -63.2450795833 0
3 E -63.4282576024 0
3 F -59.927746303 0
3 G -60.5753309289 0
3 H -64.9892006903 0
3 I -60.2894782639 0
3 K -62.620051207 0
3 L -61.8423525834 0
3 M -61.9728430821 0
3 N -62.2641392468 0
3 P -64.1755076855 0
3 Q -60.5557974046 0
3 R -61.1719963683 0
3 S -62.9077105096 0
3 T -61.26448371 1
3 V -60.4118416715 0
3 W -59.5054428564 0
3 Y -60.0778410223 0
4 A -62.4118413753 1
4 C -57.4850551015 0
4 D -62.29042796 0
4 E -65.6061186784 0
4 F -59.8186864902 0
4 G -61.6827154525 0
4 H -60.9715230089 0
4 I -51.6333566213 0
4 K -63.2599067491 0
4 L -64.1992988107 0
4 M -61.1648509433 0
4 N -60.8252366396 0
4 P -63.2063230294 0
4 Q -61.3983481964 0
4 R -62.4437965085 0
4 S -61.9483584795 0
4 T -59.6684600661 0
4 V -58.7335150753 0
4 W -61.5412172131 0
4 Y -59.5065005224 0
5 A -70.8556157142 1
5 C -66.6801181411 0
5 D -69.2965152052 0
5 E -69.5235354276 0
5 F -62.5526883564 0
5 G -68.8575284391 0
5 H -69.8425747783 0
5 I -66.4787949544 0
5 K -69.6104911915 0
5 L -68.1405726787 0
5 M -69.4205798295 0
5 N -68.3735322091 0
5 P -67.029597984 0
5 Q -66.3793568191 0
5 R -73.0623901298 0
5 S -70.1194994919 0
5 T -68.2611621158 0
5 V -68.1030403003 0
5 W -65.7418393492 0
5 Y -67.6762930005 0
6 A -68.9455944377 1
6 C -66.0633594561 0
6 D -70.8199579013 0
6 E -70.1526430921 0
6 F -67.1497436133 0
6 G -67.1286569389 0
6 H -69.7421492744 0
6 I -68.5717437405 0
6 K -69.8212188138 0
6 L -70.1179416546 0
6 M -67.960504004 0
6 N -67.9343904772 0
6 P 9.69095949918 0
6 Q -69.9364243054 0
6 R -70.0864889283 0
6 S -68.1228992344 0
6 T -68.101038634 0
6 V -68.7252325614 0
6 W -71.768510914 0
6 Y -67.3604465959 0
7 A -71.479912468 0
7 C -68.2808307587 0
7 D -70.3775450807 0
7 E -70.6123366792 0
7 F -64.7853963719 0
7 G -69.4565581515 0
7 H -66.7216327326 0
7 I -67.6023128994 0
7 K -70.7995191166 1
7 L -68.4569214847 0
7 M -68.3943299931 0
7 N -69.0830032303 0
7 P 255.062769128 0
7 Q -68.1836206364 0
7 R -69.4909964264 0
7 S -70.71125671 0
7 T -68.6716410243 0
7 V -69.7775548693 0
7 W -61.2758053411 0
7 Y -63.4370944356 0
8 A -62.6851921174 0
8 C -61.5543895014 0
8 D -60.0738376807 0
8 E -60.6842029885 0
8 F -73.0535989458 1
8 G -59.5580003541 0
8 H -67.4459605483 0
8 I 5.79612050031 0
8 K -58.3448176911 0
8 L -51.9855306775 0
8 M -62.3569051439 0
8 N -62.1543576657 0
8 P 236.384431678 0
8 Q -60.3593921618 0
8 R -57.6490209342 0
8 S -62.1548871821 0
8 T -60.3057751252 0
8 V -5.38888461158 0
8 W -65.437185693 0
8 Y -72.3308168852 0
9 A -74.9220309432 0
9 C -73.2761084868 0
9 D -74.9544727431 0
9 E -75.7573721518 1
9 F -74.5720412652 0
9 G -72.261861561 0
9 H -74.8640266653 0
9 I -75.3781524995 0
9 K -73.9979454725 0
9 L -72.2641762985 0
9 M -72.5448057348 0
9 N -75.9554872811 0
9 P 28.8396286431 0
9 Q -74.7481887827 0
9 R -75.3544526643 0
9 S -73.6974973962 0
9 T -72.2950538364 0
9 V -75.5473940514 0
9 W -73.2833602447 0
9 Y -74.9001455089 0
10 A -73.1437021716 0
10 C -72.7241602684 0
10 D -71.4927366613 0
10 E -74.3586312887 0
10 F -27.2694383002 0
10 G -71.5463964783 0
10 H -69.9112011374 0
10 I -74.3358568276 0
10 K -75.7831440465 0
10 L -77.2656664213 0
10 M -74.9435896106 0
10 N -74.0683714433 0
10 P 247.253701322 0
10 Q -73.0631215258 0
10 R -75.9273756544 1
10 S -72.7557833511 0
10 T -76.4936179588 0
10 V -75.6039821835 0
10 W -25.5512752924 0
10 Y -67.0512026692 0
11 A -82.4402375176 0
11 C -80.5632463634 0
11 D -78.5377656576 0
11 E -81.6560823985 0
11 F -78.9738998497 0
11 G -78.138384098 0
11 H -79.691746346 0
11 I -77.4986859542 0
11 K -76.2907612953 0
11 L -74.0168341629 0
11 M -79.1584856411 0
11 N -80.7493609359 0
11 P 74.4732747721 0
11 Q -78.6035832474 1
11 R -81.0550893082 0
11 S -80.6525256418 0
11 T -78.0648097563 0
11 V -77.7178998718 0
11 W -84.744873205 0
11 Y -82.2255757261 0
12 A -73.5354524245 0
12 C -73.466849494 0
12 D -68.8201587528 0
12 E -68.5545950801 0
12 F -78.2943913536 0
12 G -69.7246716073 0
12 H -81.7875582066 1
12 I -70.2855739402 0
12 K -68.4668855666 0
12 L -65.4349121125 0
12 M -69.0659020757 0
12 N -76.3991225068 0
12 P 199.889261688 0
12 Q -72.224912165 0
12 R -68.206574921 0
12 S -72.6048974827 0
12 T -74.4645445072 0
12 V -73.7028417558 0
12 W -46.6542132901 0
12 Y -75.5948732002 0
13 A -68.6887245237 0
13 C -69.014515603 0
13 D -71.2153843741 0
13 E -70.8174751818 0
13 F -37.0377207749 0
13 G -63.2908374659 0
13 H -68.280137225 0
13 I -77.0781412589 0
13 K -69.4148931065 0
13 L -70.7053344379 0
13 M -77.2882523213 1
13 N -72.4903502901 0
13 P 75.2570624013 0
13 Q -71.6023866473 0
13 R -70.5772732114 0
13 S -71.8366237026 0
13 T -72.6631112456 0
13 V -76.4391799565 0
13 W -61.9349742413 0
13 Y -36.9470962891 0
14 A -70.8261010431 0
14 C -67.9319469912 0
14 D -75.3420015963 1
14 E -66.6208216137 0
14 F -64.2279041456 0
14 G -59.7349668462 0
14 H -68.0148930063 0
14 I -64.0400491119 0
14 K -66.0127453463 0
14 L -56.1345808341 0
14 M -64.0089204403 0
14 N -73.4848569297 0
14 P -43.7718627007 0
14 Q -66.2920395242 0
14 R -65.2230295432 0
14 S -68.243915204 0
14 T -66.4227354721 0
14 V -71.2113494621 0
14 W -56.5636996889 0
14 Y -62.1342825456 0
15 A -65.6162036636 0
15 C -62.9172452777 0
15 D -66.2497898258 0
15 E -61.1613572897 0
15 F -63.7932819203 0
15 G -64.4811951785 0
15 H -66.7775816047 0
15 I 33.6540827483 0
15 K -65.1137953016 0
15 L -60.2643933432 0
15 M -66.3070292341 0
15 N -64.4306850699 0
15 P -66.5661279547 0
15 Q -60.0146721864 0
15 R -66.0337714123 0
15 S -67.334949793 1
15 T -56.3823502707 0
15 V -27.7719794864 0
15 W -65.3273898678 0
15 Y -63.6153222913 0
16 A -59.155044929 0
16 C -58.3432937245 0
16 D -60.0530445204 0
16 E -60.4564442129 0
16 F -57.7828250419 0
16 G -59.191111835 0
16 H -60.9054801308 0
16 I -59.1335879974 0
16 K -60.4122437752 0
16 L -60.2354732213 0
16 M -58.9913540394 0
16 N -60.0731059324 0
16 P -37.7768179581 0
16 Q -58.7734108119 0
16 R -64.1503791669 0
16 S -60.026344239 1
16 T -59.1720049558 0
16 V -57.5946746555 0
16 W -58.1684955449 0
16 Y -57.7949898289 0
17 A -67.9711397975 0
17 C -69.0842397975 0
17 D -64.5365143412 0
17 E -70.385705361 0
17 F -69.2068705684 0
17 G -59.5032096574 0
17 H -71.8728094337 0
17 I -70.6707685626 0
17 K -71.1995472053 0
17 L -64.8658064476 0
17 M -69.7176535021 0
17 N -70.8257111852 0
17 P -35.7539732874 0
17 Q -70.5773693296 0
17 R -72.4015822618 0
17 S -67.4361971823 0
17 T -67.907700675 1
17 V -71.5907843569 0
17 W -69.0305838295 0
17 Y -69.4992850779 0
18 A -58.784542525 0
18 C -55.9076106794 0
18 D -60.3276578121 0
18 E -62.1165506521 0
18 F -58.5480674299 0
18 G -57.8095875265 0
18 H -59.7371124845 0
18 I -59.4846693976 0
18 K -60.1208895187 0
18 L -59.5141017545 0
18 M -58.1465815683 0
18 N -58.81487891 0
18 P -56.470727766 0
18 Q -58.6247630975 0
18 R -59.6672688707 0
18 S -59.7494519847 1
18 T -59.6345115191 0
18 V -59.3818140103 0
18 W -58.0946197318 0
18 Y -58.5658812869 0
19 A -65.7852870391 1
19 C -63.9795008443 0
19 D -60.3769512264 0
19 E -64.3489452667 0
19 F -64.5112507586 0
19 G -64.5136780992 0
19 H -65.5447777748 0
19 I -59.1325265975 0
19 K -64.858185947 0
19 L -60.8659550498 0
19 M -63.4817238403 0
19 N -62.6272261643 0
19 P -16.3722927917 0
19 Q -63.3630108367 0
19 R -65.2460464184 0
19 S -65.296045195 0
19 T -60.4151258211 0
19 V -60.0677662612 0
19 W -61.99961702 0
19 Y -64.1813530408 0
20 A -65.2022725449 1
20 C -53.1371903232 0
20 D -53.6804795983 0
20 E -1.35491459949 0
20 F 241.106253923 0
20 G -60.5167920149 0
20 H -38.7090793429 0
20 I -47.2796528757 0
20 K -55.1584266635 0
20 L 5.49768630828 0
20 M -54.2322791097 0
20 N -58.0642181038 0
20 P -42.2366263661 0
20 Q 11.2416500147 0
20 R -54.2055026627 0
20 S -60.6677657234 0
20 T -60.0983001572 0
20 V -50.9011372866 0
20 W 626.953988592 0
20 Y 490.802417643 0
21 A -61.9595450089 0
21 C -60.733303234 0
21 D -62.5883108707 0
21 E -63.3460891919 0
21 F -58.820719762 0
21 G -60.5427478561 0
21 H -60.5020270445 0
21 I -60.7148705174 0
21 K -65.6986883739 0
21 L -63.8855844887 0
21 M -65.9321092357 0
21 N -63.9080034698 0
21 P -54.7018417764 0
21 Q -63.910262468 0
21 R -66.7979865005 0
21 S -64.8302185557 1
21 T -64.92894118 0
21 V -60.4703692404 0
21 W -58.7439666974 0
21 Y -59.0158038637 0
22 A -62.2591541893 0
22 C -57.4957291525 0
22 D -63.4772081968 0
22 E -59.9163258947 0
22 F -57.5448490349 0
22 G -71.1703317752 0
22 H -60.5456416566 0
22 I -47.6697604541 0
22 K -60.2533797209 0
22 L -58.9051248173 0
22 M -57.3960168514 0
22 N -61.9206581812 0
22 P -28.3106388442 0
22 Q -57.8257118676 0
22 R -59.6451105137 0
22 S -70.0344636875 1
22 T -66.068529765 0
22 V -52.1695056513 0
22 W -56.3455642204 0
22 Y -59.298318156 0
23 A -74.7284375147 0
23 C -71.4423611812 0
23 D -74.7923051377 0
23 E -75.1448174665 0
23 F -76.2385871711 0
23 G -71.7717067176 0
23 H -76.1838001816 0
23 I -74.4094553481 0
23 K -75.9280447395 0
23 L -73.7892326889 0
23 M -71.4033560785 0
23 N -75.7462357393 0
23 P -67.8723979932 0
23 Q -73.1707664627 0
23 R -76.5920911728 0
23 S -76.0225012742 1
23 T -75.2382112731 0
23 V -75.5492853823 0
23 W -73.6895233368 0
23 Y -76.7737143372 0
24 A -71.0158851089 0
24 C -69.0510643675 0
24 D -74.2933531703 0
24 E -72.735496945 0
24 F -70.6199484365 0
24 G -71.381989865 0
24 H -71.4584141568 0
24 I -70.8780345243 0
24 K -72.511372201 0
24 L -73.121025923 0
24 M -72.2351433509 0
24 N -72.8841670991 1
24 P -44.472019382 0
24 Q -71.6754390531 0
24 R -71.891214694 0
24 S -72.7140361721 0
24 T -72.7910604215 0
24 V -70.4591749146 0
24 W -70.7632761982 0
24 Y -70.9423415964 0
25 A -69.766564257 0
25 C -64.4439795807 0
25 D -67.216552395 0
25 E -65.8082191507 0
25 F -76.7348977732 0
25 G -65.7640485715 0
25 H -72.5780521874 0
25 I -61.9715624103 0
25 K -68.7578665009 0
25 L -66.8801361462 0
25 M -67.1653619246 0
25 N -66.6729076634 0
25 P 79.2776188983 0
25 Q -67.2828148055 0
25 R -67.8332853226 0
25 S -67.3230791668 0
25 T -66.4372161413 0
25 V -59.5309337966 0
25 W -69.3738989262 0
25 Y -77.8517400027 1
26 A -85.5982608983 1
26 C -85.5982608983 1
26 D -85.5982608983 1
26 E -85.5982608983 1
26 F -85.5982608983 1
26 G -85.5982608983 1
26 H -85.5982608983 1
26 I -85.5982608983 1
26 K -85.5982608983 1
26 L -85.5982608983 1
26 M -85.5982608983 1
26 N -85.5982608983 1
26 P -85.5982608983 1
26 Q -85.5982608983 1
26 R -85.5982608983 1
26 S -85.5982608983 1
26 T -85.5982608983 1
26 V -85.5982608983 1
26 W -85.5982608983 1
26 Y -85.5982608983 1
27 A -72.3620564409 0
27 C -71.3856426763 0
27 D -76.251228081 0
27 E -74.8575499863 0
27 F -73.7650457804 0
27 G -70.6837700683 0
27 H -72.9772891983 0
27 I -74.5685602525 0
27 K -74.3181018104 0
27 L -80.1261276351 0
27 M -73.1247100262 0
27 N -83.2940174155 1
27 P 16.4145560241 0
27 Q -72.8071212223 0
27 R -74.7104032546 0
27 S -72.4061731867 0
27 T -72.2930687058 0
27 V -74.726232278 0
27 W -72.1965466069 0
27 Y -74.325658374 0
28 A -79.3851356615 0
28 C -77.0830533725 0
28 D -79.8889665795 0
28 E -81.7475342496 0
28 F -78.8817537106 0
28 G -78.3396404587 0
28 H -79.9076297455 0
28 I -81.0408639216 0
28 K -79.8948175479 0
28 L -80.792045 0
28 M -80.6542920611 0
28 N -79.4158088169 0
28 P 187.832253043 0
28 Q -79.3947985999 1
28 R -78.7734427322 0
28 S -79.3298420099 0
28 T -79.3582112497 0
28 V -80.0975330309 0
28 W -77.9565648283 0
28 Y -78.7642535969 0
29 A -79.6276505659 0
29 C -77.818077797 0
29 D -73.6739801495 0
29 E -78.2935108319 0
29 F -76.0547396336 0
29 G -75.3391351037 0
29 H -78.9038268981 0
29 I -76.3507453964 0
29 K -80.7068016129 0
29 L -82.5886824098 0
29 M -80.3697284066 1
29 N -78.2370728535 0
29 P 118.530539876 0
29 Q -79.8973164602 0
29 R -82.0406299619 0
29 S -75.6559830988 0
29 T -77.1414385099 0
29 V -69.4633678742 0
29 W -41.1696727187 0
29 Y -76.6109070152 0
30 A -71.1542724081 0
30 C -70.6585805447 0
30 D -59.8684769288 0
30 E -68.3459481005 0
30 F -9.53005615018 0
30 G -66.8275049019 0
30 H -45.0657175753 0
30 I -66.1810820973 0
30 K -60.6459510434 0
30 L -72.4031179985 0
30 M -76.8445365494 1
30 N -69.2370665228 0
30 P 33.8173063955 0
30 Q -69.010001645 0
30 R -56.954315681 0
30 S -68.7293244883 0
30 T -70.0496122396 0
30 V -66.2105821543 0
30 W 66.7822558719 0
30 Y 68.4215255457 0
31 A -77.8459159483 0
31 C -75.0522291317 0
31 D -77.0695721754 0
31 E -80.2284609313 0
31 F -77.543476339 0
31 G -76.6953847119 0
31 H -81.9213450937 0
31 I -78.6813701759 0
31 K -82.4234211992 1
31 L -78.6191012823 0
31 M -77.9409058138 0
31 N -78.6305300587 0
31 P 111.052939453 0
31 Q -78.8597457928 0
31 R -85.4180780471 0
31 S -78.127697449 0
31 T -77.834892127 0
31 V -78.739497806 0
31 W -77.6328140945 0
31 Y -77.047473953 0
32 A -71.1321035173 0
32 C -68.3567524217 0
32 D -70.0273924804 0
32 E -69.590646337 0
32 F -66.991533558 0
32 G -70.0345204716 0
32 H -69.8802087012 0
32 I -66.9294222941 0
32 K -70.0375120364 0
32 L -69.6179869791 0
32 M -69.6777744951 0
32 N -70.6093838484 0
32 P 281.35182703 0
32 Q -68.7281059398 0
32 R -70.8378676175 0
32 S -70.8800579953 1
32 T -68.4792560803 0
32 V -63.6689751207 0
32 W -70.9715662602 0
32 Y -66.9360139987 0
33 A -76.1373409519 0
33 C -75.573041726 0
33 D -71.3997591992 0
33 E -73.2277434804 0
33 F -53.6266412006 0
33 G -73.1510596279 0
33 H -75.9696257892 0
33 I -13.9738484145 0
33 K -78.5577267987 0
33 L -72.2155262746 0
33 M -74.5549987915 0
33 N -75.7392207619 0
33 P 230.714051453 0
33 Q -76.1781017881 0
33 R -80.4694485905 1
33 S -73.6029904962 0
33 T -74.4892664578 0
33 V -22.6908139502 0
33 W -71.2754445815 0
33 Y -50.3852979027 0
34 A -84.7059143402 0
34 C -82.7918279546 0
34 D -86.1375638855 0
34 E -85.8952904287 0
34 F -83.9343240476 0
34 G -85.212640875 0
34 H -86.5146789671 0
34 I -39.5438352946 0
34 K -86.4318381029 0
34 L -83.1428162453 0
34 M -83.2390745501 0
34 N -87.2935107615 1
34 P -31.5465267475 0
34 Q -84.2288334293 0
34 R -85.6168403771 0
34 S -84.2261314007 0
34 T -77.1358814111 0
34 V -69.8407251923 0
34 W -81.6838338898 0
34 Y -82.0491452976 0
35 A -83.5421207618 0
35 C -85.220398786 0
35 D -86.4995147571 0
35 E -82.1354978604 0
35 F 73.4582568165 0
35 G -79.5252550462 0
35 H -60.4407461248 0
35 I -80.4897805231 0
35 K -54.2039452999 0
35 L -88.974715876 1
35 M -81.4653335816 0
35 N -86.6476042848 0
35 P 76.430610504 0
35 Q -82.843157352 0
35 R -78.8607276932 0
35 S -83.5231315793 0
35 T -86.9697636169 0
35 V -82.2044546856 0
35 W 184.592265194 0
35 Y 262.437371666 0
36 A -82.2385306086 0
36 C -80.3426308217 0
36 D -81.2858493571 0
36 E -69.8093092446 0
36 F -30.0077584483 0
36 G -78.5131279068 0
36 H -48.6613830169 0
36 I -78.9537519136 0
36 K -68.0097020216 0
36 L -70.2157284479 0
36 M -80.3989403649 0
36 N -79.9361945272 0
36 P 14.7173048965 0
36 Q -70.9640213014 0
36 R -69.8828849358 0
36 S -78.8379937192 0
36 T -84.2450112217 1
36 V -82.410494135 0
36 W 30.0892573173 0
36 Y -17.6011617048 0
37 A -72.3044184005 0
37 C -69.0921960714 0
37 D -74.552864027 0
37 E -72.8111938767 0
37 F -74.0680890197 0
37 G -71.654375667 0
37 H -74.1068092871 0
37 I -50.0598485736 0
37 K -75.1061741752 1
37 L -74.7919144267 0
37 M -72.9622473152 0
37 N -72.2833394559 0
37 P 52.380997182 0
37 Q -71.4773945925 0
37 R -74.3219956431 0
37 S -73.3937446418 0
37 T -74.3116509721 0
37 V -66.8870120721 0
37 W -71.8514581501 0
37 Y -74.2490079029 0
38 A -74.2256507074 0
38 C -71.6042193373 0
38 D -75.3528405565 1
38 E -76.0098690024 0
38 F -73.5686841116 0
38 G -73.0251380968 0
38 H -74.6865158194 0
38 I -72.5380242439 0
38 K -75.3521676183 0
38 L -75.1976167069 0
38 M -74.1656564687 0
38 N -75.041062576 0
38 P -59.0758973232 0
38 Q -73.7914746428 0
38 R -74.5209324498 0
38 S -74.6841343125 0
38 T -73.5868788908 0
38 V -73.1611274822 0
38 W -73.922510142 0
38 Y -73.6217477287 0
39 A -76.3039947282 0
39 C -75.5276029931 0
39 D -78.621556784 0
39 E -76.5067868746 0
39 F -77.0531974456 0
39 G -75.4719404166 0
39 H -78.7049543919 0
39 I -72.7113916151 0
39 K -77.1627171487 0
39 L -72.2929013327 0
39 M -75.8342599946 0
39 N -77.6959374343 0
39 P -30.2993242897 0
39 Q -74.8034486113 0
39 R -77.1301676447 1
39 S -77.4586125261 0
39 T -76.4040821845 0
39 V -72.043205147 0
39 W -80.2944753372 0
39 Y -77.1248825232 0
40 A -83.6616256482 0
40 C -86.2231435289 1
40 D -70.0142080002 0
40 E -65.0479062085 0
40 F -32.8126480563 0
40 G -80.2495925223 0
40 H -61.8923602253 0
40 I -72.3754194647 0
40 K -57.0528228869 0
40 L -68.1800344052 0
40 M -63.6344089783 0
40 N -76.865985877 0
40 P -74.8931073427 0
40 Q -80.2314097657 0
40 R -79.9960261026 0
40 S -81.7395604562 0
40 T -75.683131197 0
40 V -78.719905854 0
40 W 398.55263489 0
40 Y 72.030174502 0
41 A -63.0715134765 0
41 C -62.953531386 0
41 D -62.8872489254 0
41 E -64.9775930828 0
41 F -58.5021225342 0
41 G -58.2291868599 0
41 H -61.8962311039 0
41 I -56.0683473647 0
41 K -67.4226955999 1
41 L -66.1691167147 0
41 M -64.4738141099 0
41 N -66.1537913153 0
41 P -55.0293985674 0
41 Q -64.7218917626 0
41 R -65.1322132295 0
41 S -63.1467015926 0
41 T -73.9299635805 0
41 V -47.9285436692 0
41 W -60.1657601158 0
41 Y -57.1489876202 0
42 A -60.6295900734 0
42 C -56.2992276062 0
42 D -60.8668003337 0
42 E -62.9766216566 0
42 F -59.3992291345 0
42 G -60.4354652222 0
42 H -61.7881026352 0
42 I -59.7324811668 0
42 K -62.6212536263 0
42 L -61.4754936565 0
42 M -59.9560743972 0
42 N -59.954244947 0
42 P -67.3491906367 1
42 Q -60.0048464725 0
42 R -61.1599879237 0
42 S -60.4017053047 0
42 T -60.5444886898 0
42 V -59.8365206848 0
42 W -59.553097132 0
42 Y -59.3056020808 0
43 A -64.252423819 0
43 C -65.4190806154 0
43 D -63.9191292124 0
43 E -64.6279642556 0
43 F -63.931132222 0
43 G -63.710074982 0
43 H -63.6598972311 0
43 I -57.3594623554 0
43 K -66.1306290603 0
43 L -56.7930128834 0
43 M -61.9884881039 0
43 N -60.6540009625 0
43 P -16.1807737943 0
43 Q -61.3282501575 0
43 R -61.8455531074 0
43 S -64.5737550191 0
43 T -67.167180027 0
43 V -67.8120468781 1
43 W -63.9622808384 0
43 Y -63.8117470486 0
44 A -65.5767414644 0
44 C -67.7490440444 0
44 D -60.2564924572 0
44 E -57.5617377963 0
44 F 254.562266095 0
44 G -58.9549260239 0
44 H -3.28704102783 0
44 I -50.3944737587 0
44 K -57.9308212221 0
44 L -43.4792632469 0
44 M -62.8466998812 0
44 N -68.3471593762 1
44 P -16.1180415095 0
44 Q -52.6189196613 0
44 R -56.9953550764 0
44 S -66.2106627706 0
44 T -63.9594796339 0
44 V -65.1946390913 0
44 W 186.175729806 0
44 Y 505.353278685 0
45 A -61.3037467707 0
45 C -59.2904593393 0
45 D -56.6246998697 0
45 E -60.4215210031 0
45 F -52.1014177928 0
45 G -58.4994420642 0
45 H -55.5885705911 0
45 I -65.7706950389 0
45 K -59.8395435808 0
45 L -54.1888775298 0
45 M -60.2623255067 0
45 N -57.365924889 0
45 P -58.7162484364 0
45 Q -62.0376274726 0
45 R -61.4484461759 0
45 S -60.9026831281 0
45 T -65.6964362054 1
45 V -64.8571292416 0
45 W -46.7384044368 0
45 Y -49.5711577279 0
46 A -59.9651106047 0
46 C -60.9774342933 0
46 D -56.871079802 0
46 E -62.4807801482 0
46 F -85.9749846538 1
46 G -56.9466753091 0
46 H -80.0641904909 0
46 I -73.5388228637 0
46 K -68.2166270003 0
46 L -70.1411606996 0
46 M -80.1793531685 0
46 N -76.2553562365 0
46 P 4.71821985001 0
46 Q -76.1094012607 0
46 R -58.89895791 0
46 S -58.8925521683 0
46 T -63.0290827443 0
46 V -66.2577359041 0
46 W -70.7393569729 0
46 Y -83.7608219337 0
47 A -57.0578398484 0
47 C -58.272262402 0
47 D -55.933861731 0
47 E -56.9256529209 0
47 F -41.090290739 0
47 G -51.7317454604 0
47 H -31.4802894242 0
47 I -61.4335782725 0
47 K -46.3152113334 0
47 L -56.4203163422 0
47 M -57.4207221652 0
47 N -58.8074056951 0
47 P 71.1392966962 0
47 Q -55.2087185051 0
47 R -37.3916959498 0
47 S -56.8773069555 0
47 T -61.4426841849 0
47 V -65.139511674 1
47 W -28.3606757346 0
47 Y -34.5322014179 0
48 A -55.8318469862 0
48 C -61.8280874247 0
48 D -56.4899504192 0
48 E -51.4316037554 0
48 F -48.9687276453 0
48 G -52.7676491741 0
48 H -68.8104133029 1
48 I 120.313296002 0
48 K -54.9085622838 0
48 L -58.3549530169 0
48 M -56.6553553376 0
48 N -62.3911804374 0
48 P 195.405147045 0
48 Q -57.0826613404 0
48 R -43.652319623 0
48 S -53.585093858 0
48 T -56.8249055336 0
48 V -0.419637236766 0
48 W -27.2375218893 0
48 Y -41.7510040635 0
49 A -61.7555565036 0
49 C -61.6157964606 0
49 D -62.8151838258 0
49 E -65.5111530719 1
49 F 207.921613557 0
49 G -58.5259698492 0
49 H -53.5618481731 0
49 I -49.4387042903 0
49 K -60.4609918549 0
49 L -54.1224574763 0
49 M -61.4432518989 0
49 N -62.9782976787 0
49 P -5.16850206452 0
49 Q -62.1214418753 0
49 R -60.0739606275 0
49 S -61.0108985534 0
49 T -61.1960829979 0
49 V -53.3819950868 0
49 W -6.72146634447 0
49 Y 290.569787471 0
50 A -60.8110842394 0
50 C -57.4566880558 0
50 D -63.3026904118 0
50 E -60.9990894525 0
50 F -58.8266025514 0
50 G -59.5287742539 0
50 H -61.0763563624 0
50 I -55.0355931379 0
50 K -60.7977538468 0
50 L -61.2413919506 0
50 M -59.5173133685 0
50 N -61.2165938213 0
50 P -60.6846051757 0
50 Q -59.869462769 0
50 R -62.6671801559 0
50 S -62.8648864043 1
50 T -60.8139518251 0
50 V -54.8464681214 0
50 W -59.4013404892 0
50 Y -58.7463129221 0
51 A -60.6836053353 0
51 C -58.9199062933 0
51 D -59.4506796885 0
51 E -64.7777411207 0
51 F -57.4460365599 0
51 G -56.8623266138 0
51 H -61.1259381947 0
51 I -62.8597223574 0
51 K -61.7000198989 0
51 L -63.6452057641 1
51 M -60.2434146383 0
51 N -58.8908548498 0
51 P -57.8978910904 0
51 Q -61.201213907 0
51 R -62.2145273645 0
51 S -61.0194478975 0
51 T -61.632710513 0
51 V -62.7942496963 0
51 W -60.3276868392 0
51 Y -70.5833401149 0
52 A -59.6273416571 1
52 C -56.3894787316 0
52 D -60.1657929492 0
52 E -62.2893826706 0
52 F -58.4935171673 0
52 G -58.5553138084 0
52 H -59.7310479719 0
52 I -58.8660869431 0
52 K -60.4718850615 0
52 L -60.0751693389 0
52 M -59.2142243751 0
52 N -58.9956671829 0
52 P -53.9601783354 0
52 Q -59.2891853603 0
52 R -60.0430637235 0
52 S -59.7581656383 0
52 T -59.1692049524 0
52 V -58.9985392335 0
52 W -57.9489492371 0
52 Y -58.2413296156 0
53 A -61.2975042497 0
53 C -57.9842056548 0
53 D -62.3187889063 1
53 E -61.6035749135 0
53 F -57.554099037 0
53 G -59.3695709076 0
53 H -60.5270339369 0
53 I -58.9207628429 0
53 K -61.23843203 0
53 L -61.0958248247 0
53 M -60.3197418717 0
53 N -61.4902923011 0
53 P -21.3254149829 0
53 Q -59.7200142515 0
53 R -60.5650322526 0
53 S -60.7955151162 0
53 T -58.2176766744 0
53 V -57.4755091184 0
53 W -58.9301816055 0
53 Y -57.2937280268 0
54 A -59.6241123461 0
54 C -58.2995858227 0
54 D -57.0215252004 0
54 E -53.70439015 0
54 F -25.2018494197 0
54 G -55.3519787012 0
54 H -55.1355653755 0
54 I -56.504917526 0
54 K -47.7269140811 0
54 L -44.3832505169 0
54 M -52.7822389685 0
54 N -57.2092020804 0
54 P 77.6896611847 0
54 Q -50.2933620352 0
54 R -46.58293979 0
54 S -58.1265419471 0
54 T -60.6804749563 0
54 V -64.0653052775 1
54 W -10.970612054 0
54 Y -24.1822252538 0
55 A -60.1182982586 0
55 C -58.9548414091 0
55 D -59.6862121329 0
55 E -62.001682633 0
55 F -56.8287249418 0
55 G -57.21688554 0
55 H -47.4247951335 0
55 I -60.6784269778 0
55 K -59.5227532162 0
55 L -60.8576860248 0
55 M -60.2737774555 0
55 N -61.3183241323 0
55 P 198.060338199 0
55 Q -61.7735797021 1
55 R -60.1323328384 0
55 S -58.506128538 0
55 T -58.8959367427 0
55 V -60.5233656393 0
55 W -61.2444357252 0
55 Y -58.3467831714 0
56 A -59.5241793555 1
56 C -56.7990037008 0
56 D -58.4297045296 0
56 E -57.4198166809 0
56 F -55.4856308712 0
56 G -58.0269203224 0
56 H -58.0331777997 0
56 I -50.2120253051 0
56 K -58.6606019896 0
56 L -57.2540492619 0
56 M -57.2655829258 0
56 N -58.5762809766 0
56 P 160.427883728 0
56 Q -56.7077990059 0
56 R -57.9894950012 0
56 S -58.2405191042 0
56 T -55.773748881 0
56 V -50.3842602125 0
56 W -57.1712020063 0
56 Y -55.2474081665 0
57 A -64.7761419798 0
57 C -63.8562962297 0
57 D -60.682609158 0
57 E -54.1647723803 0
57 F -31.5078763794 0
57 G -59.8105738919 0
57 H -42.68238655 0
57 I -62.4426656175 0
57 K -40.9305716465 0
57 L -59.568336957 0
57 M -19.1690424097 0
57 N -60.5960812255 0
57 P 197.678603665 0
57 Q -38.9938036544 0
57 R -33.007620932 0
57 S -62.8027383012 0
57 T -66.0340031167 0
57 V -69.6517554288 1
57 W 31.0010597899 0
57 Y 22.494781802 0
58 A -54.8596384791 1
58 C -61.8597330641 1
58 D -61.8597330641 1
58 E -61.8597330641 1
58 F -61.8597330641 1
58 G -61.8597330641 1
58 H -61.8597330641 1
58 I -61.8597330641 1
58 K -61.8597330641 1
58 L -61.8597330641 1
58 M -54.8601429035 1
58 N -61.8597330641 1
58 P -61.8597330641 1
58 Q -61.8597330641 1
58 R -61.8597330641 1
58 S -61.8597330641 1
58 T -61.8597330641 1
58 V -54.8601429035 1
58 W -61.8597330641 1
58 Y -61.8597330641 1
59 A -63.8062478773 0
59 C -63.0529750627 0
59 D -65.6753656508 0
59 E -65.7512162086 0
59 F -65.7310094898 0
59 G -63.5890714868 0
59 H -59.9783648275 0
59 I -35.5570344796 0
59 K -66.1321276262 0
59 L -65.733586937 0
59 M -64.8898824977 0
59 N -65.9323964175 0
59 P 190.489293322 0
59 Q -64.4655925777 0
59 R -65.9840175375 0
59 S -65.0624318766 1
59 T -65.1897788818 0
59 V -60.1517452335 0
59 W -64.7392474537 0
59 Y -65.8778137572 0
60 A -63.0045629642 0
60 C -61.5742278057 0
60 D -63.6155050715 0
60 E -54.8282023883 0
60 F -53.579231915 0
60 G -63.3651923536 0
60 H -66.5072861072 0
60 I 190.469375977 0
60 K -56.2897088526 0
60 L -21.1427949301 0
60 M -56.6546417577 0
60 N -61.8670287011 0
60 P 166.625778279 0
60 Q -67.2628304369 1
60 R -55.0621422953 0
60 S -63.1311058869 0
60 T -60.2767014513 0
60 V 22.1102830701 0
60 W 0.903449477133 0
60 Y -55.3724210627 0
61 A -63.8694403688 0
61 C -62.2755249223 0
61 D -62.7137817045 0
61 E -65.3658562842 0
61 F -63.4386781456 0
61 G -61.3692154028 0
61 H -64.7532725022 0
61 I -61.73819593 0
61 K -65.4578472803 1
61 L -65.2075280862 0
61 M -64.8597922952 0
61 N -63.3976494244 0
61 P -44.7009866946 0
61 Q -64.6846175583 0
61 R -64.2593921113 0
61 S -63.9821540387 0
61 T -60.7886841207 0
61 V -60.9691369227 0
61 W -62.6244235769 0
61 Y -63.7718320595 0
62 A -70.2884760986 0
62 C -69.8483304458 0
62 D -66.0987889169 0
62 E -71.0384002143 0
62 F 194.968714543 0
62 G -62.804100907 0
62 H -19.9782951628 0
62 I -70.6969218518 0
62 K -71.3129346955 0
62 L -69.3149808281 0
62 M -70.4616159903 0
62 N -69.999215091 1
62 P -70.2458137821 0
62 Q -73.0039039084 0
62 R -72.7899836185 0
62 S -70.7523868093 0
62 T -70.9423434862 0
62 V -70.1306482253 0
62 W 1.93237776086 0
62 Y -38.7701884681 0
63 A -66.167224236 0
63 C -67.2271508393 0
63 D -66.2233571843 0
63 E -66.9422380285 0
63 F -63.8428990418 0
63 G -63.5004024805 0
63 H -66.6809662323 0
63 I -69.0342378914 0
63 K -65.6667967901 0
63 L -67.6697375447 0
63 M -63.8316654654 0
63 N -64.8020265401 0
63 P -16.4738234915 0
63 Q -64.9084998508 0
63 R -64.106227221 0
63 S -66.685037886 0
63 T -70.5484589037 0
63 V -73.8315755163 1
63 W -64.85360551 0
63 Y -60.7576948966 0
64 A -71.3965292952 1
64 C -69.6582573957 0
64 D -72.2511788003 0
64 E -72.4051471616 0
64 F -71.6020169186 0
64 G -70.8097460569 0
64 H -71.9049034481 0
64 I -71.0339795307 0
64 K -71.992175498 0
64 L -73.3525574553 0
64 M -72.0731030046 0
64 N -71.4990032383 0
64 P -73.313122512 0
64 Q -70.4181891822 0
64 R -71.4207680264 0
64 S -72.5650359148 0
64 T -70.9843793413 0
64 V -70.7266723005 0
64 W -68.9432380344 0
64 Y -71.4358999625 0
65 A -72.552571302 1
65 C -72.552571302 1
65 D -70.7074339865 1
65 E -70.7074339865 1
65 F -72.552571302 1
65 G -70.7074339865 1
65 H -72.552571302 1
65 I -70.7074339865 1
65 K -72.552571302 1
65 L -70.7074339865 1
65 M -70.7074339865 1
65 N -70.7074339865 1
65 P -70.7074339865 1
65 Q -72.552571302 1
65 R -70.7074339865 1
65 S -70.7074339865 1
65 T -72.552571302 1
65 V -70.7074339865 1
65 W -70.7074339865 1
65 Y -72.552571302 1
66 A -52.6034482862 0
66 C -52.1127462471 0
66 D -53.2204916824 0
66 E -60.5897775376 0
66 F -53.8101157469 0
66 G -64.5683265936 0
66 H -55.2787832427 0
66 I -52.206615982 0
66 K -62.9853336158 1
66 L -52.4380095568 0
66 M -53.0852571277 0
66 N -54.7693501252 0
66 P -23.9912115512 0
66 Q -52.5319377874 0
66 R -55.7090289712 0
66 S -56.0785355713 0
66 T -63.9705670893 0
66 V -53.1305355479 0
66 W -50.7319233209 0
66 Y -52.6192599051 0
67 A -60.4899907652 0
67 C -59.4578449909 0
67 D -64.7474108415 0
67 E -61.7889890324 0
67 F -61.0039901636 0
67 G -60.8773745446 0
67 H -63.031369899 0
67 I -61.4490590335 0
67 K -61.4781553615 0
67 L -61.5041076578 0
67 M -60.8544511551 0
67 N -63.9418553331 1
67 P 147.94096263 0
67 Q -60.6175072484 0
67 R -62.439395565 0
67 S -61.7822064654 0
67 T -61.2709172302 0
67 V -61.3898685782 0
67 W -60.5884878075 0
67 Y -61.6393293412 0
68 A -57.5989811399 0
68 C -52.2241850539 0
68 D -58.5677454009 0
68 E -54.1955727875 0
68 F -56.2814770556 0
68 G -68.3318077802 1
68 H -59.3973793603 0
68 I -40.8723778954 0
68 K -59.6940583129 0
68 L -57.5357061253 0
68 M -53.5658632986 0
68 N -60.2757900824 0
68 P 0.92386152035 0
68 Q -56.7954404849 0
68 R -57.1669523553 0
68 S -60.5106774925 0
68 T -48.8846867459 0
68 V -41.4275853884 0
68 W -55.7894208254 0
68 Y -57.0746990941 0
69 A -68.5278345511 0
69 C -66.9631797054 0
69 D -70.1052135182 0
69 E -69.1818140303 0
69 F -64.9318291019 0
69 G -69.0933173877 0
69 H -68.2820799824 0
69 I -58.3188004457 0
69 K -68.2988478153 0
69 L -68.88868143 0
69 M -67.9548354748 0
69 N -68.9774971069 0
69 P -8.81374130456 0
69 Q -68.3214575059 1
69 R -70.2362364672 0
69 S -68.4470920099 0
69 T -66.2427449337 0
69 V -59.7691821226 0
69 W -68.2946495296 0
69 Y -64.6086662994 0
70 A -63.4828897102 0
70 C -62.9910526384 0
70 D -67.0951151494 0
70 E -65.9867405056 0
70 F -64.9885053063 0
70 G -63.7206155879 0
70 H -66.257763811 0
70 I -64.7451163005 0
70 K -66.3047187504 0
70 L -66.0901897136 0
70 M -64.7220713122 0
70 N -66.2011938784 0
70 P -60.5365333628 0
70 Q -65.5080841098 0
70 R -65.7864177904 0
70 S -66.5214354778 0
70 T -67.1604265916 1
70 V -65.083106755 0
70 W -65.4710400652 0
70 Y -64.6400424754 0
71 A -55.1567152051 0
71 C -57.3536395368 0
71 D -59.2365433938 0
71 E -57.1815985431 0
71 F -62.3838026275 0
71 G -54.2695195143 0
71 H -64.2188130342 0
71 I -58.2083146411 0
71 K -59.5194551712 0
71 L -66.3857698361 0
71 M -62.8095920881 0
71 N -62.3106872515 1
71 P -52.132417496 0
71 Q -64.5179772569 0
71 R -65.0826877804 0
71 S -58.0337676746 0
71 T -65.2232167223 0
71 V -65.1767226246 0
71 W -61.8372940671 0
71 Y -61.9188110621 0
72 A -73.8996243663 1
72 C -74.7408392475 1
72 D -74.7408392475 1
72 E -73.8996243663 1
72 F -73.8996243663 1
72 G -74.7408392475 1
72 H -73.9286805445 1
72 I -74.7624373077 1
72 K -74.7408392475 1
72 L -74.7408392475 1
72 M -73.8996243663 1
72 N -74.7408392475 1
72 P -73.9286805445 1
72 Q -74.7624373077 1
72 R -74.7408392475 1
72 S -74.7408392475 1
72 T -73.9286805445 1
72 V -74.7408392475 1
72 W -74.7408392475 1
72 Y -73.8996243663 1
73 A -58.7847062083 0
73 C -52.8743393148 0
73 D -47.731696166 0
73 E -55.2130956493 0
73 F -59.6986996165 0
73 G -53.878581969 0
73 H -58.5757419795 0
73 I -1.90443562103 0
73 K -57.647400598 0
73 L -45.1623958907 0
73 M -54.0149337847 0
73 N -54.7444068788 0
73 P 1.331658129 0
73 Q -58.7868064772 0
73 R -57.2542062369 0
73 S -55.5128119421 0
73 T -58.0348589355 0
73 V -47.3679706424 0
73 W -26.370439001 0
73 Y -72.9210358724 1
74 A -65.6571994586 0
74 C -66.3236013782 0
74 D -61.3556270126 0
74 E -67.6198429444 0
74 F -40.5427096931 0
74 G -61.3073083702 0
74 H -58.0669892052 0
74 I -69.7857445303 0
74 K -66.431428511 0
74 L -65.5590618789 0
74 M -67.3852200952 0
74 N -65.0058995304 0
74 P 15.8902821286 0
74 Q -67.3745936573 1
74 R -67.5482201026 0
74 S -64.5111763245 0
74 T -64.9505890433 0
74 V -67.1839490558 0
74 W -31.4664259584 0
74 Y -33.3617097038 0
75 A -67.1619959778 0
75 C -49.401832382 0
75 D -47.8101218142 0
75 E -22.3293097073 0
75 F -26.2520680338 0
75 G -62.0195535726 0
75 H -46.2557856268 0
75 I -43.5060531271 0
75 K -48.3345396419 0
75 L -36.571905181 0
75 M -52.4188508487 0
75 N -53.2934001919 0
75 P 66.8409073807 0
75 Q 39.3341426423 0
75 R -46.447476439 0
75 S -70.5005712056 1
75 T -56.8291024933 0
75 V -49.8229267982 0
75 W 51.3239386129 0
75 Y -19.5508737949 0
76 A -63.1708615511 0
76 C -61.2345664689 0
76 D -65.2207358301 0
76 E -65.5798129425 0
76 F -63.7477078673 0
76 G -59.1060205872 0
76 H -64.765421863 0
76 I -64.0869400024 0
76 K -65.2434693876 0
76 L -65.7940444459 0
76 M -63.4678615216 0
76 N -64.5555355482 0
76 P -41.6729493322 0
76 Q -63.0419837063 0
76 R -64.2218992114 0
76 S -61.2940980275 0
76 T -64.1873204331 0
76 V -63.891874138 0
76 W -63.6049131659 0
76 Y -64.8603783969 1
77 A -60.9346043074 0
77 C -59.0926640616 0
77 D -61.9134141676 0
77 E -62.3424075921 0
77 F -60.6904957061 0
77 G -60.7544086165 0
77 H -62.0437543316 0
77 I -59.5608747821 0
77 K -63.1383360075 0
77 L -61.9771600453 0
77 M -65.5241664538 0
77 N -61.6263729547 0
77 P -33.8110705204 0
77 Q -60.7234809144 0
77 R -62.3873786275 0
77 S -63.060879736 1
77 T -62.3379590442 0
77 V -61.7023777764 0
77 W -60.2523593055 0
77 Y -60.6282944909 0
78 A -66.0439059527 0
78 C -64.9685051024 0
78 D -63.6351234502 0
78 E -66.5825666319 0
78 F -66.722385693 0
78 G -63.5541629984 0
78 H -67.1491695565 0
78 I -68.5003511029 0
78 K -67.3888608949 0
78 L -65.4770813468 0
78 M -66.788008212 0
78 N -65.5822371481 0
78 P -63.7791230932 0
78 Q -65.2623716304 0
78 R -68.1624101615 0
78 S -66.1158824504 0
78 T -66.7263042159 1
78 V -68.8934701655 0
78 W -64.2510488394 0
78 Y -66.0173166373 0
79 A -62.5533159268 0
79 C -61.8223270084 0
79 D -57.2495957533 0
79 E -62.8669957461 0
79 F -64.2601801362 0
79 G -58.6001510837 0
79 H -64.2853654207 0
79 I -58.4448521589 0
79 K -63.6287497077 0
79 L -62.8750908324 0
79 M -68.7845222407 1
79 N -60.3758621629 0
79 P -19.6653704373 0
79 Q -64.9776397619 0
79 R -62.0314571445 0
79 S -61.3531057042 0
79 T -62.65887459 0
79 V -62.6203934588 0
79 W -60.2417955718 0
79 Y -63.5042355175 0
80 A -63.7066229416 0
80 C -61.9135132171 0
80 D -61.8030752291 0
80 E -62.0527214479 0
80 F -64.9514971051 0
80 G -61.4159549806 0
80 H -63.8620824497 0
80 I -55.4587619544 0
80 K -62.738335235 0
80 L -60.1165472669 0
80 M -61.3966031996 0
80 N -64.0270987132 0
80 P -53.9374332887 0
80 Q -62.5495873895 0
80 R -63.4777859619 0
80 S -67.4608170534 1
80 T -59.7793351108 0
80 V -61.524144261 0
80 W -64.6795370172 0
80 Y -64.5367772375 0
81 A -61.9357482991 0
81 C -65.6802943446 0
81 D -56.7981602122 0
81 E -63.0304542284 0
81 F -47.7638734876 0
81 G -57.7989088462 0
81 H -52.9068496764 0
81 I -69.358715554 1
81 K -65.8542057084 0
81 L -65.9906715864 0
81 M -63.9835904982 0
81 N -62.4839614127 0
81 P 38.7739193944 0
81 Q -65.8531576457 0
81 R -63.2997319287 0
81 S -62.0760379199 0
81 T -65.0875431757 0
81 V -69.9513680503 0
81 W 23.9780644616 0
81 Y -47.6626271045 0
82 A -65.7297643806 0
82 C -64.5553308178 0
82 D -65.4610946923 0
82 E -60.3035082477 0
82 F 101.441038355 0
82 G -57.3231987842 0
82 H -6.63348390615 0
82 I -63.7926952451 0
82 K -26.7036448377 0
82 L -57.4745080153 0
82 M -41.9465314839 0
82 N -59.8098503772 0
82 P 22.0661248644 0
82 Q 1.06307606951 0
82 R 140.376968221 0
82 S -65.9783579148 0
82 T -69.4938380002 1
82 V -68.6026178242 0
82 W 507.171409913 0
82 Y 90.2092811893 0
83 A -77.8223775339 0
83 C -75.3257961028 0
83 D -78.646203322 1
83 E -84.5187036584 0
83 F -74.440717401 0
83 G -74.7820789232 0
83 H -79.5868177106 0
83 I -82.2650050974 0
83 K -82.4491838012 0
83 L -82.2995099016 0
83 M -83.5060656887 0
83 N -82.0962218115 0
83 P 5.42196111686 0
83 Q -83.2474164701 0
83 R -82.7256616289 0
83 S -75.6845936507 0
83 T -69.171476354 0
83 V -80.3406313938 0
83 W -74.792449814 0
83 Y -68.3240947457 0
84 A -83.9082100591 1
84 C -84.6163138679 1
84 D -83.9082100591 1
84 E -83.9082100591 1
84 F -83.9082100591 1
84 G -83.9082100591 1
84 H -83.9082100591 1
84 I -83.9082100591 1
84 K -83.9082100591 1
84 L -83.9082100591 1
84 M -83.9082100591 1
84 N -83.9082100591 1
84 P -83.9082100591 1
84 Q -83.9082100591 1
84 R -83.9082100591 1
84 S -83.9082100591 1
84 T -84.6163138679 1
84 V -83.9082100591 1
84 W -83.9082100591 1
84 Y -84.6163138679 1
85 A -75.2384183982 0
85 C -75.3236315335 0
85 D -70.3453846837 0
85 E -75.9673807289 0
85 F -74.9160737862 0
85 G -73.1370411878 0
85 H -75.8846515747 0
85 I -76.821261915 0
85 K -76.2481156332 0
85 L -76.2500472504 0
85 M -75.7021214383 0
85 N -73.1087009852 0
85 P 153.530848892 0
85 Q -74.5970120634 0
85 R -76.2694903302 1
85 S -75.5386985212 0
85 T -76.1822708635 0
85 V -76.3912719754 0
85 W -69.1884922409 0
85 Y -75.0643780387 0
86 A -70.2420295017 0
86 C -66.494687694 0
86 D -65.8892913561 0
86 E -73.0000650503 1
86 F 23.9996973515 0
86 G -66.3631960046 0
86 H -65.9620967817 0
86 I -66.4154969261 0
86 K -64.1408243445 0
86 L -67.0108968461 0
86 M -65.8680552731 0
86 N -67.9717996088 0
86 P 171.552781189 0
86 Q -66.1068440216 0
86 R -77.7515219861 0
86 S -69.0499561768 0
86 T -67.0087337188 0
86 V -67.1694913994 0
86 W 40.7560133452 0
86 Y 25.4979257638 0
87 A -64.6313617397 0
87 C -64.6059276299 0
87 D -67.8687206176 0
87 E -65.1793587286 0
87 F -63.2767378304 0
87 G -64.4918030025 0
87 H -64.5231918281 0
87 I -68.2623090208 0
87 K -65.5929376586 0
87 L -61.7733132641 0
87 M -65.246757949 0
87 N -66.447720185 0
87 P 177.932421743 0
87 Q -65.6437030839 0
87 R -65.9992601344 0
87 S -65.3641527671 0
87 T -68.9412438929 1
87 V -68.6594681129 0
87 W 10.5537566095 0
87 Y 54.4349985289 0
88 A -66.45972641 0
88 C -65.371149596 0
88 D -69.346915679 0
88 E -68.3436154494 0
88 F -66.5262107568 0
88 G -65.0174479936 1
88 H -67.4424236748 0
88 I -68.5380485119 0
88 K -68.1863576934 0
88 L -67.8024491168 0
88 M -66.6025124737 0
88 N -68.3111706307 0
88 P -62.2104918466 0
88 Q -66.704684459 0
88 R -67.5322944528 0
88 S -68.1815159131 0
88 T -67.1206347616 0
88 V -68.1651763258 0
88 W -66.0154716179 0
88 Y -66.1365445133 0
89 A -60.931265586 0
89 C -58.1499662903 0
89 D -55.7542435673 0
89 E -59.8340229504 0
89 F -50.4869186978 0
89 G -74.1015598989 0
89 H -59.4476554823 0
89 I -57.0624509636 0
89 K -60.0561353257 0
89 L -59.5947068773 0
89 M -59.8822391045 0
89 N -59.3014211337 0
89 P 50.6544904951 0
89 Q -57.3624757222 0
89 R -60.079338033 0
89 S -62.3065489599 1
89 T -57.4865218973 0
89 V -58.7533501225 0
89 W -58.22154338 0
89 Y -58.4116776157 0
90 A -69.418261002 0
90 C -60.3851671419 0
90 D -61.0430679035 0
90 E -13.3973305536 0
90 F 377.154414203 0
90 G -65.0250345877 0
90 H 146.583439072 0
90 I 38.7755617901 0
90 K 188.794099049 0
90 L 15.4013431726 0
90 M 39.9151673489 0
90 N -48.5814015741 0
90 P 154.191199658 0
90 Q -1.72938610833 0
90 R -31.3466343561 0
90 S -70.4541357232 1
90 T -51.5933761107 0
90 V 5.25036292306 0
90 W 161.51979586 0
90 Y 95.3925925352 0
91 A -63.8273582585 0
91 C -64.8006862663 0
91 D -65.5800884304 0
91 E -65.1677660207 0
91 F -64.2065912537 0
91 G -57.7212467898 0
91 H -66.6907507291 0
91 I -65.7644559531 0
91 K -66.1256997511 1
91 L -65.1337705635 0
91 M -62.7125003503 0
91 N -66.8806924135 0
91 P 26.879634681 0
91 Q -65.5936021414 0
91 R -65.8485050774 0
91 S -66.0043813083 0
91 T -63.4670962111 0
91 V -66.4671029095 0
91 W -61.001790327 0
91 Y -63.4182421931 0
92 A -64.0276459243 0
92 C -73.6816465653 0
92 D -73.9218049764 0
92 E -73.3445624427 0
92 F -61.2583747834 0
92 G -58.8385338268 0
92 H -78.641225192 0
92 I -70.2612544935 0
92 K -74.2114452656 0
92 L 13.2434339463 0
92 M -70.9009813058 0
92 N -75.4619074565 0
92 P -69.1591572218 0
92 Q -72.777514572 0
92 R -74.7871536619 0
92 S -73.5606110707 0
92 T -70.758539359 0
92 V -73.7302919044 0
92 W -75.9936154057 0
92 Y -74.5721530619 1
93 A -64.4003644314 0
93 C -62.5236572409 0
93 D -64.712893451 0
93 E -66.9659466382 0
93 F -64.2967459051 0
93 G -63.7919470339 0
93 H -64.2821835623 0
93 I -63.9745466965 0
93 K -65.7219785374 0
93 L -74.3670781825 0
93 M -74.360939478 0
93 N -64.593551471 0
93 P -69.4815333277 1
93 Q -64.3157740463 0
93 R -64.8775506477 0
93 S -65.8433548487 0
93 T -64.855508162 0
93 V -63.910066468 0
93 W -74.9263566958 0
93 Y -64.2110069513 0
94 A -65.0031278781 0
94 C -62.8341171117 0
94 D -66.1321197889 0
94 E -65.9557942375 0
94 F -64.8659118183 0
94 G -62.3875434144 0
94 H -65.8245524162 0
94 I -65.2568603172 0
94 K -66.1505635543 0
94 L -65.9673183697 0
94 M -64.7598126485 0
94 N -66.4268569557 1
94 P 81.6938037919 0
94 Q -65.0643159637 0
94 R -65.5975957957 0
94 S -64.6249993259 0
94 T -63.2931071123 0
94 V -65.0316795214 0
94 W -64.059733951 0
94 Y -64.6502475625 0
95 A -74.3235316528 0
95 C -75.7068064726 1
95 D -79.5313097029 0
95 E -69.601353803 0
95 F 158.745162422 0
95 G -68.9605247126 0
95 H 29.35982253 0
95 I -56.4039113971 0
95 K -45.8394442891 0
95 L 43.1162347318 0
95 M -59.2515898036 0
95 N -67.269651159 0
95 P -52.622838518 0
95 Q -65.8875051441 0
95 R 14.5072173916 0
95 S -74.6203489242 0
95 T -75.6729122576 0
95 V -70.5714581656 0
95 W 213.714435494 0
95 Y -37.077589789 0
96 A -72.7671390357 1
96 C -72.2686540786 0
96 D -69.4856287246 0
96 E -72.5052447146 0
96 F -71.3607185623 0
96 G -68.3554977793 0
96 H -72.2758349694 0
96 I -75.6002596658 0
96 K -74.4521479774 0
96 L -74.5833825122 0
96 M -73.3287337178 0
96 N -72.2074555465 0
96 P 82.5094688243 0
96 Q -73.3232533796 0
96 R -75.0817591308 0
96 S -72.6697861717 0
96 T -72.6540298746 0
96 V -76.4319956156 0
96 W -71.504511569 0
96 Y -71.3576563178 0
97 A -57.4199224308 0
97 C -55.4358946455 0
97 D -51.0760172782 0
97 E -52.0358163726 0
97 F -68.1848691602 0
97 G -51.5137029159 0
97 H -62.1523940051 0
97 I -49.1591829566 0
97 K -49.6536070998 0
97 L -33.9736767723 0
97 M -58.4495738602 0
97 N -56.8568658659 0
97 P -21.7441210907 0
97 Q -57.2620433907 0
97 R -53.8677151909 0
97 S -54.2788917367 0
97 T -51.5228283755 0
97 V -50.9289129282 0
97 W 60.3436407915 0
97 Y -68.56695031 1
98 A -68.6979111293 0
98 C -67.8258064375 0
98 D -70.2876869632 0
98 E -71.5209514536 0
98 F -69.7440361261 0
98 G -65.5656296797 0
98 H -69.9301612436 0
98 I -72.4341547482 0
98 K -70.5592924878 1
98 L -71.1246393509 0
98 M -69.8551446663 0
98 N -69.4677888742 0
98 P 20.132786374 0
98 Q -69.3917636837 0
98 R -69.9808157806 0
98 S -69.8086323071 0
98 T -70.1945600157 0
98 V -71.6482259778 0
98 W -67.9851389509 0
98 Y -69.6411624901 0
99 A -78.0559110546 0
99 C -77.3416361246 0
99 D -76.114853114 0
99 E -71.7350692851 0
99 F -2.05215020026 0
99 G -66.2240915477 0
99 H -4.83318566347 0
99 I 40.9367266439 0
99 K -70.091664537 0
99 L -36.7993977776 0
99 M -77.3653961057 0
99 N -75.0748159526 0
99 P -38.734992578 0
99 Q -73.857228124 0
99 R -70.3754674179 0
99 S -77.3964671927 0
99 T -80.7786409014 1
99 V -76.7047209461 0
99 W -14.6770087451 0
99 Y 0.466166454778 0
100 A -67.4873161816 0
100 C -66.1909634604 0
100 D -69.5764610016 0
100 E -69.6243515382 0
100 F -72.5342063503 0
100 G -61.9295737104 0
100 H -68.6933757911 0
100 I -43.9475489579 0
100 K -68.3702575589 0
100 L -69.3132388438 0
100 M -66.4252537763 0
100 N -68.9069458372 0
100 P 28.0694117444 0
100 Q -67.3577878394 0
100 R -72.5392358778 0
100 S -69.3513448188 0
100 T -68.1346167645 1
100 V -71.8364419646 0
100 W -67.1724472908 0
100 Y -68.2265837764 0
101 A -56.6487331121 0
101 C -55.9500695284 0
101 D -56.3958623243 0
101 E -56.6887211427 0
101 F -58.6127118689 0
101 G -54.5982898836 0
101 H -57.5278287047 0
101 I -58.2333763141 0
101 K -56.2774845083 0
101 L -61.222979486 0
101 M -55.9509167429 0
101 N -56.6622002664 0
101 P -55.7855371628 0
101 Q -62.7426488101 1
101 R -57.2339814575 0
101 S -57.3697177503 0
101 T -57.7664240165 0
101 V -60.0824383818 0
101 W -58.5339211243 0
101 Y -58.140520132 0
102 A -64.1947251974 1
102 C -62.3959211756 0
102 D -61.6976575365 0
102 E -63.2975552132 0
102 F -63.2430276585 0
102 G -60.9182810203 0
102 H -64.2817149138 0
102 I -40.0557467647 0
102 K -64.870576368 0
102 L -64.0770860537 0
102 M -67.1852667091 0
102 N -62.8963765437 0
102 P -7.35165481086 0
102 Q -63.1703973246 0
102 R -66.9114135041 0
102 S -64.3881544426 0
102 T -63.8264903199 0
102 V -62.98265546 0
102 W -63.2007618311 0
102 Y -56.9700489777 0
103 A -62.373445202 0
103 C -62.0298270083 0
103 D -63.318742983 0
103 E -64.5228821945 0
103 F -65.7595290068 0
103 G -54.9336037726 0
103 H -65.5597404072 0
103 I -65.1782763227 0
103 K -63.9530279949 0
103 L -62.858232175 0
103 M -61.699342057 0
103 N -65.4371102981 1
103 P -53.1946452659 0
103 Q -62.3249080758 0
103 R -64.4732348952 0
103 S -63.1006110752 0
103 T -63.4239894046 0
103 V -65.551200197 0
103 W -65.0382218581 0
103 Y -65.1151719059 0
104 A -64.9496906471 0
104 C -63.9142412241 0
104 D -59.9381757076 0
104 E -63.0996903423 0
104 F -46.3577264201 0
104 G -63.5062885837 0
104 H -55.8936573583 0
104 I -64.3845068221 0
104 K -65.0407339849 1
104 L -64.0648893459 0
104 M -63.1860996628 0
104 N -60.826441379 0
104 P -13.58252517 0
104 Q -63.6453924358 0
104 R -65.9827160625 0
104 S -64.5313520324 0
104 T -64.1982816414 0
104 V -64.8146939813 0
104 W -47.2478080702 0
104 Y -46.3252604518 0
105 A -66.869542218 0
105 C -65.7875696513 0
105 D -68.7047334238 0
105 E -70.6273393194 0
105 F -67.9151763302 0
105 G -64.4941712308 0
105 H -72.336892819 1
105 I -69.511380337 0
105 K -71.3934392904 0
105 L -70.9053740418 0
105 M -70.3247393227 0
105 N -69.4698518609 0
105 P -23.0907031822 0
105 Q -70.9358562879 0
105 R -70.2267433096 0
105 S -69.9744429085 0
105 T -63.0347889764 0
105 V -69.5354234553 0
105 W -71.267305606 0
105 Y -67.0437753641 0
106 A -57.6369555791 0
106 C -58.8105116981 0
106 D -55.6615720692 0
106 E -57.3650285876 0
106 F -35.629534641 0
106 G -53.9152894469 0
106 H -48.0534090201 0
106 I -66.5592442169 1
106 K -46.2526842161 0
106 L -29.4403784065 0
106 M -60.0519535881 0
106 N -59.2416814723 0
106 P -41.9599716884 0
106 Q -56.0532289433 0
106 R -45.1183346391 0
106 S -57.5606189581 0
106 T -60.7371924092 0
106 V -63.6660150999 0
106 W -7.56885799777 0
106 Y -42.9129438775 0
107 A -53.3770107415 0
107 C -53.9461841515 0
107 D -53.9001421222 0
107 E -54.2466102783 0
107 F -24.427579505 0
107 G -46.6709726679 0
107 H -47.7589361044 0
107 I -62.2547587434 1
107 K -57.4286354378 0
107 L -57.6744479475 0
107 M -54.6758409741 0
107 N -54.0471000023 0
107 P 21.9559007087 0
107 Q -55.9269844546 0
107 R -58.7954786915 0
107 S -53.1635941116 0
107 T -57.2063792419 0
107 V -61.210189638 0
107 W -44.2913459758 0
107 Y -19.4530591147 0
108 A -55.6052125604 0
108 C -57.1968088353 0
108 D -50.8029740727 0
108 E -51.9349145383 0
108 F 27.0431337109 0
108 G -52.3726394718 0
108 H -45.3727993605 0
108 I -53.9884653125 0
108 K -42.5803222692 0
108 L -56.6845795541 0
108 M -58.5014308886 0
108 N -54.3839110806 0
108 P -24.9176557015 0
108 Q -55.514408948 0
108 R -11.1782896424 0
108 S -56.7161194932 0
108 T -59.9479720081 0
108 V -64.0085384199 1
108 W -21.9038345356 0
108 Y -4.53540958155 0
109 A -70.9983357989 1
109 C -68.7280798052 0
109 D -64.5721159568 0
109 E -70.2549260054 0
109 F -28.3804613204 0
109 G -65.5143473905 0
109 H -10.1717425072 0
109 I -58.3698535564 0
109 K -64.7981246236 0
109 L -69.7596003727 0
109 M -69.9263654957 0
109 N -68.7894663499 0
109 P -7.04460403873 0
109 Q -71.648263976 0
109 R -72.9439718936 0
109 S -70.1281597543 0
109 T -64.9396936152 0
109 V -54.3332393974 0
109 W -62.0424922779 0
109 Y -16.4318061209 0
110 A -63.6291671365 1
110 C -63.6291671365 1
110 D -63.6291671365 1
110 E -56.4175018106 1
110 F -63.6291671365 1
110 G -63.6291671365 1
110 H -63.6291671365 1
110 I -56.4175018106 1
110 K -63.6291671365 1
110 L -63.6291671365 1
110 M -56.4175018106 1
110 N -63.6291671365 1
110 P -63.6291671365 1
110 Q -63.6291671365 1
110 R -56.4175018106 1
110 S -63.6291671365 1
110 T -63.6291671365 1
110 V -56.4175018106 1
110 W -63.6291671365 1
110 Y -63.6291671365 1
111 A -71.4792241425 0
111 C -68.1943871936 0
111 D -73.2651634378 0
111 E -70.7956067566 1
111 F -68.9691777938 0
111 G -69.7221609015 0
111 H -70.6907237222 0
111 I -65.15750131 0
111 K -72.5799461634 0
111 L -69.8651070922 0
111 M -72.0995121731 0
111 N -70.8351404789 0
111 P -24.7254672868 0
111 Q -69.3358313274 0
111 R -71.829891173 0
111 S -71.5120917345 0
111 T -65.7598502563 0
111 V -66.4061627321 0
111 W -69.4994667123 0
111 Y -68.5025824195 0
112 A -50.9218103614 0
112 C -47.0575216707 0
112 D -49.8824316665 0
112 E -49.925537029 0
112 F -49.3793049931 0
112 G -64.8493817151 1
112 H -50.9178826077 0
112 I -30.5584048645 0
112 K -51.1848250283 0
112 L -49.4074370992 0
112 M -49.7610516958 0
112 N -51.9860773011 0
112 P -1.98993460807 0
112 Q -48.4039206834 0
112 R -47.6071810653 0
112 S -59.7498955268 0
112 T -47.9404605592 0
112 V -30.7500144746 0
112 W -46.8450563698 0
112 Y -49.653226085 0
113 A -57.9541606855 0
113 C -55.1665427196 0
113 D -64.2545879041 0
113 E -61.2677838411 0
113 F -60.1726333121 0
113 G -49.5098242559 0
113 H -60.5210208441 0
113 I -63.2216893931 0
113 K -60.4230593528 0
113 L -61.1350975354 0
113 M -59.2748529167 0
113 N -63.3132359693 1
113 P -40.7774264321 0
113 Q -61.1421334462 0
113 R -62.2782588257 0
113 S -61.1122345033 0
113 T -61.1593164339 0
113 V -63.3887529356 0
113 W -56.1111960363 0
113 Y -60.6816160929 0
114 A -57.8240060158 0
114 C -54.9674822583 0
114 D -58.4004889009 0
114 E -58.9115946856 0
114 F -55.4599885747 0
114 G -56.7704587872 0
114 H -58.1866289722 0
114 I -55.6243090836 0
114 K -59.1978599843 0
114 L -57.8808024466 0
114 M -56.4407278955 0
114 N -57.2371341644 0
114 P -63.935212599 1
114 Q -56.0296346034 0
114 R -58.6366129206 0
114 S -58.6459333487 0
114 T -56.3555408014 0
114 V -55.9664138109 0
114 W -56.078830277 0
114 Y -56.3051425168 0
115 A -60.3433034699 0
115 C -60.1945346138 0
115 D -59.7034035074 0
115 E -60.574758784 0
115 F -55.1720841165 0
115 G -56.9747557422 0
115 H -56.26384771 0
115 I -56.8480971162 0
115 K -61.1531286322 0
115 L -61.2569586322 0
115 M -60.2636594592 0
115 N -62.4123960054 0
115 P -59.7747728562 0
115 Q -60.4879110107 0
115 R -63.1380189334 0
115 S -60.8726003943 0
115 T -61.0423311923 0
115 V -51.30537247 0
115 W -54.7950914785 0
115 Y -66.0060280483 1
116 A -55.696853851 0
116 C -55.095126463 0
116 D -51.7252599816 0
116 E -59.4066482835 0
116 F -54.6121143436 0
116 G -51.7740160103 0
116 H -55.2310751713 0
116 I -59.7524497816 0
116 K -57.6685571939 0
116 L -59.5644496231 0
116 M -57.0283705778 0
116 N -54.6821446447 0
116 P 91.0967719397 0
116 Q -56.8840226538 0
116 R -64.7318147556 0
116 S -55.180766499 0
116 T -59.0274475483 0
116 V -61.4310780925 1
116 W -48.6816676257 0
116 Y -53.9073896487 0
117 A -60.1693060245 0
117 C -57.4537922513 0
117 D -51.2768270818 0
117 E -40.081176763 0
117 F 33.5264963284 0
117 G -54.4599229494 0
117 H -34.0790059221 0
117 I -29.002412994 0
117 K -24.5176973484 0
117 L -43.7215581682 0
117 M 121.666526241 0
117 N -55.5554129595 0
117 P -62.2670026456 1
117 Q -36.7807998396 0
117 R -36.572813294 0
117 S -58.2466597065 0
117 T -55.3717394371 0
117 V -59.2936283589 0
117 W 69.9766530601 0
117 Y 193.334031605 0
118 A -59.0075716869 0
118 C -59.2464491233 0
118 D -53.1341626121 0
118 E -56.6453964357 0
118 F -41.1753462623 0
118 G -56.0687138027 0
118 H -54.1988024772 0
118 I -58.5213975939 0
118 K -59.3161801531 0
118 L -57.856907626 0
118 M -55.2842634613 0
118 N -56.4460589532 0
118 P 88.7534964089 0
118 Q -59.1078321492 0
118 R -65.1436724652 0
118 S -58.886142442 0
118 T -58.8808164456 0
118 V -61.9388888108 1
118 W -59.2253263939 0
118 Y -37.6605399102 0
119 A -57.7535843389 0
119 C -56.4832085408 0
119 D -58.9930931334 0
119 E -63.0818444352 0
119 F -63.0598712866 0
119 G -55.5073515503 0
119 H -62.1105920415 1
119 I -61.8500479017 0
119 K -61.23409824 0
119 L -59.2918953024 0
119 M -61.9276478783 0
119 N -60.1066757763 0
119 P 40.8311323673 0
119 Q -61.3561273462 0
119 R -65.4826586655 0
119 S -57.93598227 0
119 T -58.6947495696 0
119 V -60.094244072 0
119 W -63.3930106487 0
119 Y -63.6813286338 0
120 A -58.171421545 0
120 C -57.3723757405 0
120 D -59.1404727264 0
120 E -58.3725084592 0
120 F -66.5602051773 1
120 G -52.0341301 0
120 H -61.4901372571 0
120 I -56.1469050178 0
120 K -53.0424160477 0
120 L -63.5314187978 0
120 M -62.4461124626 0
120 N -60.5768372026 0
120 P -43.8834599352 0
120 Q -59.1541534456 0
120 R -58.5398703016 0
120 S -58.0596271778 0
120 T -56.6643324092 0
120 V -53.6630812026 0
120 W -64.8550445766 0
120 Y -64.5408667337 0
121 A -64.5657484416 0
121 C -61.9987172586 0
121 D -62.8313251737 1
121 E -60.995505909 0
121 F 0.280633963396 0
121 G -60.2049987744 0
121 H -38.5812725397 0
121 I -29.2528155227 0
121 K -52.7837478557 0
121 L -38.8920361915 0
121 M -52.2255472763 0
121 N -66.0774059258 0
121 P 75.3031607518 0
121 Q -62.4272243134 0
121 R -62.3928259894 0
121 S -63.4805981121 0
121 T -66.1340498366 0
121 V -67.2240353857 0
121 W -18.882878681 0
121 Y 2.86941720571 0
122 A -62.5547865534 1
122 C -59.4559904466 0
122 D -64.1317261114 0
122 E -57.3711954796 0
122 F -55.3480858546 0
122 G -62.2992941737 0
122 H -61.0314443838 0
122 I -49.8579534365 0
122 K -59.2780414371 0
122 L -55.1030444677 0
122 M -57.3059843721 0
122 N -62.6273027716 0
122 P 5.15875742687 0
122 Q -56.7971996205 0
122 R -58.8955319141 0
122 S -62.6240606172 0
122 T -52.7963656053 0
122 V -47.3507138776 0
122 W -57.309254347 0
122 Y -58.0301623015 0
123 A -64.142043406 0
123 C -64.7961038425 0
123 D -62.7661846329 0
123 E -68.2420571417 0
123 F -57.4065427084 0
123 G -59.9753657439 0
123 H -71.3231374242 0
123 I -63.8300473075 0
123 K -70.1724239807 0
123 L -1.61364379415 0
123 M -69.8268141546 0
123 N -64.4599199753 0
123 P -48.6988084504 0
123 Q -69.7695887091 0
123 R -69.2365213502 0
123 S -67.4703687881 1
123 T -65.2222713936 0
123 V -68.1489006969 0
123 W -68.1733318828 0
123 Y -67.9454347972 0
124 A -62.8422803879 0
124 C -60.8377764511 0
124 D -61.2615628049 0
124 E -63.293292264 0
124 F -60.5083657748 0
124 G -60.1247637825 0
124 H -61.5314698388 0
124 I -64.8390444584 0
124 K -62.9183357165 0
124 L -61.9169107463 0
124 M -61.4301281001 0
124 N -60.7594172701 0
124 P -39.3759251006 0
124 Q -61.9224531981 0
124 R -62.3187878184 0
124 S -63.2336361647 0
124 T -63.1851016219 0
124 V -64.2666735552 1
124 W -60.4927311758 0
124 Y -60.0749120945 0
