1 A -380.224427305 0
1 C -377.76352626 0
1 D -381.61745194 0
1 E -380.597612638 0
1 F -379.315363893 0
1 G -381.329740738 0
1 H -381.757815202 0
1 I -379.533768488 0
1 K -381.563592812 1
1 L -381.295104975 0
1 M -380.334017988 0
1 N -381.719061457 0
1 P -275.129368349 0
1 Q -379.159026809 0
1 R -381.791622112 0
1 S -381.386001147 0
1 T -379.155216145 0
1 V -378.352053045 0
1 W -379.05243923 0
1 Y -379.392845796 0
2 A -377.602692238 0
2 C -377.403334088 0
2 D -381.838671154 0
2 E -382.842354101 0
2 F -380.662434567 0
2 G -377.271296079 0
2 H -381.869070123 0
2 I -381.196529589 0
2 K -382.416682926 1
2 L -381.84395202 0
2 M -380.273478605 0
2 N -379.842709457 0
2 P -322.87496257 0
2 Q -380.187639327 0
2 R -382.733887087 0
2 S -379.192539167 0
2 T -380.298238025 0
2 V -382.554901403 0
2 W -380.417783396 0
2 Y -382.270024886 0
3 A -369.478118414 0
3 C -369.056242015 0
3 D -367.024292861 0
3 E -370.11295337 0
3 F -369.707612268 0
3 G -366.957011043 0
3 H -373.321991413 0
3 I -381.839141095 1
3 K -366.629889426 0
3 L -377.704493289 0
3 M -373.303765856 0
3 N -369.412257519 0
3 P -285.489485315 0
3 Q -371.910119663 0
3 R -366.323807923 0
3 S -366.966827254 0
3 T -371.015423723 0
3 V -378.270196841 0
3 W -364.467784947 0
3 Y -369.327020964 0
4 A -368.647848351 0
4 C -360.901848919 0
4 D -359.662723781 0
4 E -352.823435839 0
4 F -335.919681156 0
4 G -375.560168427 1
4 H -349.923165822 0
4 I -352.180210421 0
4 K -327.569240948 0
4 L -360.59675188 0
4 M -351.840554647 0
4 N -359.503997314 0
4 P -185.973601187 0
4 Q -353.964424927 0
4 R -327.070231284 0
4 S -362.689237314 0
4 T -353.075361257 0
4 V -354.819164254 0
4 W -235.786412418 0
4 Y -333.855377845 0
5 A -363.748202924 0
5 C -365.438133881 0
5 D -369.431973598 0
5 E -368.002930811 0
5 F -330.611055118 0
5 G -358.906268697 0
5 H -361.509461877 0
5 I -371.284287959 0
5 K -359.618601647 0
5 L -376.435153103 1
5 M -370.666539549 0
5 N -367.728146497 0
5 P -297.915058085 0
5 Q -368.561716231 0
5 R -339.330215718 0
5 S -364.139023017 0
5 T -363.271128584 0
5 V -370.607713879 0
5 W -267.323939015 0
5 Y -305.902100349 0
6 A -360.404582497 0
6 C -359.715777462 0
6 D -360.328680841 0
6 E -357.84959709 0
6 F -373.244299446 1
6 G -353.768772435 0
6 H -366.250282033 0
6 I -362.812363947 0
6 K -358.135731698 0
6 L -359.98348981 0
6 M -364.24184602 0
6 N -362.403882034 0
6 P -299.883694292 0
6 Q -357.275013828 0
6 R -335.24250595 0
6 S -359.543598678 0
6 T -359.327224858 0
6 V -362.063877195 0
6 W -352.589302442 0
6 Y -373.012000446 0
7 A -361.662930592 0
7 C -362.778488658 0
7 D -359.840984607 0
7 E -361.129172938 0
7 F -371.644671735 0
7 G -356.680682784 0
7 H -367.40086017 0
7 I -363.686382573 0
7 K -358.147475949 0
7 L -360.366214858 0
7 M -366.448636066 0
7 N -362.763774887 0
7 P -320.297856317 0
7 Q -363.641110136 0
7 R -364.292878971 0
7 S -362.517779741 0
7 T -361.272609041 0
7 V -361.922626304 0
7 W -364.139495396 0
7 Y -373.623256032 1
8 A -376.282999818 0
8 C -372.990566135 0
8 D -368.675180763 0
8 E -210.324314207 0
8 F -184.196202083 0
8 G -375.490448187 1
8 H -296.262437586 0
8 I -346.92944261 0
8 K 71.6830788649 0
8 L -227.352195699 0
8 M -356.525550494 0
8 N -363.739950448 0
8 P -221.262046232 0
8 Q -340.780258955 0
8 R 145.70823355 0
8 S -370.893212735 0
8 T -371.360179328 0
8 V -374.161274428 0
8 W -337.436792423 0
8 Y -153.690600318 0
9 A -380.472071015 0
9 C -379.293158536 0
9 D -380.647026736 0
9 E -376.12919269 0
9 F -382.30682628 0
9 G -374.967143274 0
9 H -381.390926902 0
9 I -366.122752923 0
9 K -380.186975505 0
9 L -361.7522725 0
9 M -378.678643829 0
9 N -378.38804988 0
9 P -349.919142475 0
9 Q -376.582741016 0
9 R -379.087594255 0
9 S -380.567484015 0
9 T -378.956098453 1
9 V -372.031466792 0
9 W -380.885343113 0
9 Y -381.764268128 0
10 A -378.497102107 0
10 C -378.129051805 0
10 D -382.158324688 0
10 E -381.614503036 0
10 F -377.719157419 0
10 G -376.131337043 0
10 H -379.938342107 0
10 I -379.087967181 0
10 K -381.256593481 0
10 L -381.238835383 0
10 M -378.293942464 0
10 N -379.141112368 0
10 P -348.355984811 0
10 Q -378.950169637 1
10 R -379.256011546 0
10 S -378.152426461 0
10 T -380.668769687 0
10 V -383.386066078 0
10 W -377.179234515 0
10 Y -378.004896964 0
11 A -370.909856117 0
11 C -370.338516727 0
11 D -376.853783067 0
11 E -373.673402765 0
11 F -373.720038762 0
11 G -371.245428144 0
11 H -374.048216098 0
11 I -370.281779653 0
11 K -373.597424147 0
11 L -373.36652285 0
11 M -372.84762723 0
11 N -373.711457099 0
11 P -355.115824067 0
11 Q -372.029524529 0
11 R -373.586664552 0
11 S -373.330457478 0
11 T -374.074048985 1
11 V -373.919352468 0
11 W -374.27619603 0
11 Y -373.610212388 0
12 A -364.770673963 0
12 C -359.668307895 0
12 D -361.648872806 0
12 E -361.61406839 0
12 F -364.46340391 0
12 G -374.061126614 1
12 H -367.506820199 0
12 I -349.878562993 0
12 K -366.668468113 0
12 L -366.24454465 0
12 M -361.458783996 0
12 N -364.818009638 0
12 P -326.358178799 0
12 Q -362.497818654 0
12 R -363.852994681 0
12 S -367.210194972 0
12 T -356.952085691 0
12 V -349.581457073 0
12 W -364.811078632 0
12 Y -365.367751289 0
13 A -376.428644792 0
13 C -373.307417714 0
13 D -381.475989335 0
13 E -377.355453049 0
13 F -375.758564269 0
13 G -370.606363321 0
13 H -376.783250193 0
13 I -374.878089117 0
13 K -378.842032151 1
13 L -378.916325503 0
13 M -375.386092645 0
13 N -376.966255731 0
13 P -354.664816234 0
13 Q -377.282065036 0
13 R -375.684111038 0
13 S -377.901873875 0
13 T -376.504500439 0
13 V -375.952881351 0
13 W -376.133728318 0
13 Y -375.412318855 0
14 A -373.818989289 0
14 C -372.451824042 0
14 D -369.282087109 0
14 E -370.032552769 0
14 F 157.431857841 0
14 G -370.031551953 0
14 H -287.467395203 0
14 I -372.010567588 0
14 K -330.867345529 0
14 L -355.429718196 0
14 M -352.20906274 0
14 N -370.677866782 0
14 P -351.808410809 0
14 Q -365.252821365 0
14 R -290.861957703 0
14 S -371.788839809 0
14 T -374.960643642 1
14 V -375.616002398 0
14 W -229.824578274 0
14 Y 2.97557756792 0
15 A -373.59256223 0
15 C -370.153611178 0
15 D -370.839557602 0
15 E -374.876248836 1
15 F -370.721205492 0
15 G -370.888235792 0
15 H -372.734583136 0
15 I -365.175942128 0
15 K -374.028076958 0
15 L -372.411550674 0
15 M -371.793626423 0
15 N -370.792469399 0
15 P -316.644234464 0
15 Q -371.327517764 0
15 R -373.70062812 0
15 S -372.368242959 0
15 T -372.929104211 0
15 V -318.167819933 0
15 W -370.956057224 0
15 Y -373.538368567 0
16 A -376.289160953 0
16 C -373.758466127 0
16 D -375.585034946 0
16 E -377.280030174 0
16 F -375.585837865 0
16 G -374.972930041 0
16 H -376.501873693 0
16 I -375.703289195 0
16 K -377.309767523 0
16 L -377.653677545 0
16 M -376.714698801 0
16 N -376.065591933 0
16 P -180.114646909 0
16 Q -375.566796194 0
16 R -377.668697355 0
16 S -375.680946037 1
16 T -375.792994498 0
16 V -375.754793955 0
16 W -375.402705861 0
16 Y -375.496933241 0
17 A -372.70632511 0
17 C -376.087048948 0
17 D -377.574501964 0
17 E -375.701044716 0
17 F -374.816027435 0
17 G -369.428765812 0
17 H -378.697282156 0
17 I -376.920045761 0
17 K -372.878014839 0
17 L -376.186013842 0
17 M -376.372300312 0
17 N -379.282830926 0
17 P -237.010953877 0
17 Q -377.00594643 0
17 R -369.362148578 0
17 S -376.180644186 0
17 T -376.825883028 0
17 V -379.736036911 1
17 W -370.809310209 0
17 Y -368.278396727 0
18 A -381.569009535 1
18 C -356.222055596 0
18 D -362.717997234 0
18 E -270.937333473 0
18 F -132.330060032 0
18 G -376.011866414 0
18 H -313.381121596 0
18 I -255.847891851 0
18 K -267.240724595 0
18 L -228.875533842 0
18 M -303.240368169 0
18 N -362.314749735 0
18 P -94.3972657105 0
18 Q -333.640960391 0
18 R -269.178623501 0
18 S -376.956669331 0
18 T -366.690954563 0
18 V -365.699105834 0
18 W -169.386276666 0
18 Y -198.285570217 0
19 A -370.637832133 0
19 C -368.668091962 0
19 D -369.264669303 0
19 E -371.840045551 1
19 F -369.004089481 0
19 G -368.374375505 0
19 H -370.459531824 0
19 I -371.127894039 0
19 K -371.790400414 0
19 L -368.076471071 0
19 M -370.068300247 0
19 N -369.170515076 0
19 P -149.597128238 0
19 Q -370.282922349 0
19 R -371.119405719 0
19 S -369.306389826 0
19 T -370.123492622 0
19 V -371.197092641 0
19 W -368.145608236 0
19 Y -367.126086234 0
20 A -368.515747687 0
20 C -365.792249416 0
20 D -367.213605597 0
20 E -371.41910032 0
20 F -365.131549217 0
20 G -366.303281008 0
20 H -371.38875289 0
20 I -371.488509333 1
20 K -376.059756528 0
20 L -370.050263953 0
20 M -367.516702327 0
20 N -367.478677713 0
20 P -83.7723849382 0
20 Q -368.758470277 0
20 R -372.888731648 0
20 S -368.137167974 0
20 T -369.682020852 0
20 V -370.305697127 0
20 W -372.420557996 0
20 Y -364.943733733 0
21 A -368.212409409 0
21 C -368.549899888 0
21 D -366.522492706 0
21 E -370.00039835 0
21 F -357.260214494 0
21 G -365.32804929 0
21 H -371.779378625 0
21 I -377.556845382 1
21 K -365.335667217 0
21 L -375.693039885 0
21 M -374.009524623 0
21 N -368.86873056 0
21 P -118.361299571 0
21 Q -371.738133718 0
21 R -364.51962626 0
21 S -368.293956575 0
21 T -371.119948157 0
21 V -373.623951639 0
21 W -317.581081216 0
21 Y -350.386043569 0
22 A -377.685666291 0
22 C -375.991501017 0
22 D -373.073027199 0
22 E -376.210676819 0
22 F -366.96771615 0
22 G -374.618932383 0
22 H -376.683524514 0
22 I -328.175571803 0
22 K -377.580245834 0
22 L -378.001809227 0
22 M -378.771105713 0
22 N -375.094414259 0
22 P -148.879607947 0
22 Q -378.898394538 0
22 R -379.000384031 1
22 S -375.877142143 0
22 T -376.97913635 0
22 V -323.865833971 0
22 W -374.498456753 0
22 Y -365.226560562 0
23 A -369.400100892 0
23 C -368.437631009 0
23 D -371.708167516 1
23 E -370.642898308 0
23 F -366.725910409 0
23 G -367.898820922 0
23 H -368.340260462 0
23 I -370.124765905 0
23 K -369.261955103 0
23 L -371.998365129 0
23 M -368.940089798 0
23 N -369.466540195 0
23 P -137.063811777 0
23 Q -367.765181246 0
23 R -370.942431831 0
23 S -368.778925658 0
23 T -368.192420866 0
23 V -368.754849326 0
23 W -371.349419012 0
23 Y -366.66075011 0
24 A -372.59085254 0
24 C -371.265670567 0
24 D -373.198935139 0
24 E -373.42807041 1
24 F -372.62479622 0
24 G -366.054496622 0
24 H -372.643386567 0
24 I -370.25041261 0
24 K -366.296478422 0
24 L -370.603444806 0
24 M -370.75412926 0
24 N -372.204702812 0
24 P -113.62129332 0
24 Q -370.110197014 0
24 R -370.882755023 0
24 S -371.024077833 0
24 T -372.566859453 0
24 V -370.338404339 0
24 W -356.784099404 0
24 Y -371.942393055 0
25 A -365.059588715 0
25 C -364.750104501 0
25 D -364.871566303 0
25 E -366.411576844 0
25 F -374.323696842 1
25 G -362.000460946 0
25 H -369.089146756 0
25 I -367.802708785 0
25 K -357.730612733 0
25 L -366.295156996 0
25 M -367.152244336 0
25 N -365.471464718 0
25 P -167.447180447 0
25 Q -365.962751874 0
25 R -359.545824442 0
25 S -364.022211634 0
25 T -366.362585233 0
25 V -367.918352051 0
25 W -362.094800114 0
25 Y -371.800922426 0
26 A -365.467733597 0
26 C -361.841435142 0
26 D -367.817482396 0
26 E -362.45444537 0
26 F -353.931572183 0
26 G -377.850898316 1
26 H -357.747841887 0
26 I -349.832345965 0
26 K -365.208099267 0
26 L -356.802383197 0
26 M -361.078609404 0
26 N -365.487676559 0
26 P -127.752147269 0
26 Q -362.726299036 0
26 R -363.721566626 0
26 S -374.338447027 0
26 T -359.749900145 0
26 V -350.772355448 0
26 W -351.023186129 0
26 Y -356.399223411 0
27 A -368.793837605 0
27 C -367.02980176 0
27 D -371.368097112 0
27 E -369.706398984 0
27 F -369.493397711 0
27 G -369.749902443 0
27 H -370.750570849 0
27 I -341.31923048 0
27 K -370.666822526 0
27 L -369.52087367 0
27 M -368.324122662 0
27 N -371.648257145 1
27 P -320.952854863 0
27 Q -368.339195098 0
27 R -370.811473856 0
27 S -369.346369495 0
27 T -351.60096214 0
27 V -340.718837528 0
27 W -368.248601199 0
27 Y -368.604442711 0
28 A -380.259291103 0
28 C -378.300142861 0
28 D -383.307028087 1
28 E -384.67642792 0
28 F -379.784772063 0
28 G -381.827818695 0
28 H -382.113569906 0
28 I -352.524739245 0
28 K -382.46944343 0
28 L -380.650993039 0
28 M -380.404395982 0
28 N -383.562982032 0
28 P -338.645175941 0
28 Q -380.458287472 0
28 R -381.68163064 0
28 S -381.37243458 0
28 T -376.110018361 0
28 V -367.731635593 0
28 W -379.896020867 0
28 Y -379.670619987 0
29 A -386.743324942 0
29 C -385.644152703 0
29 D -386.111358596 0
29 E -384.613763142 0
29 F -385.904094723 0
29 G -383.773708914 0
29 H -387.114088701 0
29 I -388.568081527 0
29 K -385.370218303 0
29 L -385.522196684 0
29 M -385.314149055 0
29 N -387.156901758 0
29 P -272.754894273 0
29 Q -384.916006617 0
29 R -385.822254442 0
29 S -385.854088151 0
29 T -388.180433024 0
29 V -389.491879256 1
29 W -387.06415568 0
29 Y -385.961788895 0
30 A -385.103882005 0
30 C -381.611790186 0
30 D -377.321757019 0
30 E -374.069039641 0
30 F -364.015413902 0
30 G -380.392803547 0
30 H -371.507354113 0
30 I -382.453302112 0
30 K -366.363651053 0
30 L -374.367532379 0
30 M -379.668086437 0
30 N -381.248073176 0
30 P -359.578597347 0
30 Q -346.852781884 0
30 R -357.072472865 0
30 S -383.24549734 0
30 T -387.173219376 0
30 V -388.709071681 1
30 W -330.766871222 0
30 Y -358.738092295 0
31 A -386.555561232 0
31 C -387.382276313 0
31 D -391.092676025 0
31 E -387.358357511 0
31 F -385.643980251 0
31 G -385.135097408 0
31 H -386.761828664 0
31 I -389.5774007 0
31 K -387.638041265 0
31 L -386.792083633 0
31 M -386.291354407 0
31 N -389.433749174 0
31 P -322.138702902 0
31 Q -385.472310311 0
31 R -387.980475537 0
31 S -386.788643047 0
31 T -385.952543024 1
31 V -389.32937481 0
31 W -385.018919187 0
31 Y -384.708971128 0
32 A -368.144126258 0
32 C -370.48053146 0
32 D -369.644361563 0
32 E -368.808774825 0
32 F -329.624389586 0
32 G -369.533472573 0
32 H -361.882576008 0
32 I -371.10639635 0
32 K -368.027476586 0
32 L -377.847710635 1
32 M -373.129619337 0
32 N -369.84075064 0
32 P -365.630486 0
32 Q -373.481486778 0
32 R -366.628758617 0
32 S -370.149888033 0
32 T -372.300363668 0
32 V -369.655846663 0
32 W -83.5273676961 0
32 Y -308.351347548 0
33 A -365.241524233 0
33 C -366.811451188 0
33 D -366.899629938 0
33 E -367.493790898 0
33 F -367.640268119 0
33 G -358.338145315 0
33 H -373.467360009 1
33 I -373.089601645 0
33 K -373.252825288 0
33 L -367.135556335 0
33 M -373.023578919 0
33 N -369.593209609 0
33 P -296.063354978 0
33 Q -371.730331487 0
33 R -374.645756175 0
33 S -366.122165086 0
33 T -368.350259711 0
33 V -372.99174685 0
33 W -374.767532407 0
33 Y -365.968532554 0
34 A -370.738441534 0
34 C -369.394406332 0
34 D -375.164347706 1
34 E -370.336027752 0
34 F -369.043164523 0
34 G -367.941180693 0
34 H -371.496799551 0
34 I -370.725109516 0
34 K -371.236272219 0
34 L -374.111865254 0
34 M -369.779952793 0
34 N -373.928599739 0
34 P -368.116339848 0
34 Q -369.408791142 0
34 R -371.999605348 0
34 S -370.795718082 0
34 T -369.00392124 0
34 V -370.483818925 0
34 W -367.986905852 0
34 Y -368.582183161 0
35 A -366.682409 0
35 C -367.043103996 0
35 D -367.090855649 0
35 E -363.745641319 0
35 F -312.201718561 0
35 G -364.332311193 0
35 H -340.609299708 0
35 I -371.777411844 0
35 K -351.033340951 0
35 L -348.493742302 0
35 M -320.897040598 0
35 N -363.941303929 0
35 P -198.754638444 0
35 Q -361.835832042 0
35 R -355.228214319 0
35 S -371.322854454 0
35 T -373.616043208 0
35 V -376.971988456 1
35 W -335.441372025 0
35 Y -287.230387297 0
36 A -369.084107514 0
36 C -366.745425513 0
36 D -363.670681931 0
36 E -363.812071237 0
36 F -363.365148162 0
36 G -368.920464732 0
36 H -368.153279942 0
36 I -364.884436155 0
36 K -367.460632471 0
36 L -360.921587771 0
36 M -366.202146196 0
36 N -365.154483033 0
36 P -338.252938311 0
36 Q -364.611492046 0
36 R -374.442285228 0
36 S -370.216863825 1
36 T -366.018205905 0
36 V -365.385317196 0
36 W -362.698186973 0
36 Y -362.762057138 0
37 A -370.319456838 0
37 C -369.437162335 0
37 D -370.619896143 0
37 E -371.397675409 0
37 F -370.825299898 0
37 G -370.018060577 0
37 H -372.718072336 0
37 I -372.134608835 0
37 K -372.071836524 0
37 L -371.347692456 0
37 M -370.152888722 0
37 N -372.057914872 0
37 P -314.097103442 0
37 Q -370.601515429 1
37 R -372.629609282 0
37 S -370.772605636 0
37 T -372.107433151 0
37 V -372.607248222 0
37 W -369.203807085 0
37 Y -370.7701673 0
38 A -371.301120935 1
38 C -370.444042078 0
38 D -366.116209069 0
38 E -362.224146175 0
38 F 244.285879258 0
38 G -367.950366685 0
38 H -230.942458342 0
38 I -353.397256813 0
38 K -354.392957933 0
38 L -345.814717612 0
38 M -363.545717813 0
38 N -367.992678798 0
38 P -47.3160850232 0
38 Q -364.332276942 0
38 R -364.139168555 0
38 S -370.430649553 0
38 T -360.257807446 0
38 V -358.113578956 0
38 W 12.5223912606 0
38 Y 483.821714861 0
39 A -370.07329685 0
39 C -368.813467695 0
39 D -370.642044916 0
39 E -370.870136161 1
39 F -369.843544727 0
39 G -369.060902124 0
39 H -370.494264301 0
39 I -367.761566753 0
39 K -371.319945819 0
39 L -371.580218969 0
39 M -369.68430957 0
39 N -370.602072853 0
39 P -355.989207111 0
39 Q -370.462341319 0
39 R -370.571451166 0
39 S -370.667792096 0
39 T -368.672533314 0
39 V -367.859289121 0
39 W -369.447020211 0
39 Y -369.625101922 0
40 A -369.917784712 0
40 C -368.350372781 0
40 D -367.031108956 0
40 E -365.744996641 0
40 F -368.693977805 0
40 G -366.109099417 0
40 H -369.653833785 0
40 I -368.725480628 0
40 K -364.15547625 0
40 L -361.316407791 0
40 M -366.074412591 0
40 N -368.007831465 0
40 P -365.622629692 0
40 Q -367.396732234 0
40 R -366.112681935 0
40 S -369.834734326 0
40 T -370.05409352 0
40 V -372.999141561 1
40 W -365.675717738 0
40 Y -367.49604601 0
41 A -369.472652103 0
41 C -367.801566234 0
41 D -372.823381311 0
41 E -372.2560892 0
41 F -371.752039232 0
41 G -368.648834497 0
41 H -372.130919193 0
41 I -370.763473686 0
41 K -370.407338645 0
41 L -373.024370001 0
41 M -372.818786514 0
41 N -372.304362511 0
41 P -350.16038905 0
41 Q -372.150338665 0
41 R -371.48304207 0
41 S -371.217600011 0
41 T -372.430609163 1
41 V -370.90370854 0
41 W -373.308928942 0
41 Y -371.77134455 0
42 A -368.230677023 0
42 C -365.631173883 0
42 D -375.209825389 1
42 E -369.534582881 0
42 F -370.393243218 0
42 G -364.569350731 0
42 H -373.424765844 0
42 I -363.653791514 0
42 K -366.633540035 0
42 L -367.34155341 0
42 M -366.625301592 0
42 N -367.164964216 0
42 P -93.5382021523 0
42 Q -365.301726783 0
42 R -365.627030792 0
42 S -366.073033622 0
42 T -363.855497133 0
42 V -365.229590842 0
42 W -367.201023888 0
42 Y -369.370942273 0
43 A -367.815949803 0
43 C -367.178191496 0
43 D -364.863462979 0
43 E -370.142314549 0
43 F -373.344896689 0
43 G -364.28509758 0
43 H -370.198136267 0
43 I -368.208427229 0
43 K -365.608063253 0
43 L -374.794026395 1
43 M -372.920674014 0
43 N -367.790641213 0
43 P -305.102215923 0
43 Q -370.048081323 0
43 R -366.928842828 0
43 S -367.075352012 0
43 T -367.591116675 0
43 V -366.90126341 0
43 W -355.692049753 0
43 Y -370.982298494 0
44 A -372.266817254 0
44 C -359.831387478 0
44 D -359.573501204 0
44 E -369.088997938 0
44 F -368.282486379 0
44 G -370.723122178 0
44 H -369.218060212 0
44 I -366.436621526 0
44 K -371.109111216 0
44 L -369.680672996 0
44 M -369.637793641 0
44 N -371.118989253 1
44 P -173.665739091 0
44 Q -369.835693765 0
44 R -372.492710039 0
44 S -373.702749262 0
44 T -368.233288951 0
44 V -368.755584667 0
44 W -0.977013519323 0
44 Y -367.913469874 0
45 A -371.026818893 0
45 C -369.016728439 0
45 D -371.249117762 1
45 E -371.369857732 0
45 F -369.519159745 0
45 G -369.81478924 0
45 H -370.458303019 0
45 I -365.933943773 0
45 K -372.351210868 0
45 L -372.314429977 0
45 M -370.662870421 0
45 N -371.721614076 0
45 P -270.18616892 0
45 Q -370.559888676 0
45 R -371.494226009 0
45 S -371.286519437 0
45 T -370.196210526 0
45 V -366.548488263 0
45 W -370.536873731 0
45 Y -369.275573395 0
46 A -365.197075697 0
46 C -364.575450982 0
46 D -363.819936224 0
46 E -361.564615496 0
46 F -381.730637126 0
46 G -361.936457456 0
46 H -376.520757815 0
46 I -333.849235802 0
46 K -374.061292539 0
46 L -370.158093336 0
46 M -368.543739014 0
46 N -371.120630503 0
46 P -331.805237693 0
46 Q -364.45462451 0
46 R -374.767563532 0
46 S -364.220580365 0
46 T -360.451012869 0
46 V -322.441464228 0
46 W -376.468681028 0
46 Y -381.68126623 1
47 A -369.041472453 0
47 C -366.562199142 0
47 D -372.176664988 0
47 E -370.882864355 0
47 F -369.84477638 0
47 G -368.279795944 0
47 H -370.98971426 0
47 I -371.468510572 0
47 K -371.280969384 0
47 L -372.861688268 0
47 M -376.750923192 0
47 N -370.050422051 0
47 P -361.497133115 0
47 Q -374.899352074 1
47 R -371.553077024 0
47 S -370.977119186 0
47 T -372.132673449 0
47 V -371.774036709 0
47 W -374.748114927 0
47 Y -368.830646439 0
48 A -368.166303156 0
48 C -367.639035385 0
48 D -367.059680116 0
48 E -367.504178419 0
48 F -370.774200769 0
48 G -362.16693333 0
48 H -369.144277364 0
48 I -372.494215225 0
48 K -371.442685425 0
48 L -373.740056183 0
48 M -371.068691351 0
48 N -369.272698644 0
48 P -317.200597846 0
48 Q -370.792445457 0
48 R -372.454342134 0
48 S -367.751339162 0
48 T -366.312676421 0
48 V -348.451428594 0
48 W -369.771948638 0
48 Y -371.098917354 1
49 A -362.897629902 0
49 C -363.557430145 0
49 D -359.175275385 0
49 E -365.603499625 0
49 F -300.678260585 0
49 G -358.731049885 0
49 H -361.724830032 0
49 I -369.05462699 0
49 K -364.353421972 0
49 L -371.993073325 1
49 M -369.187451781 0
49 N -364.05128096 0
49 P -322.055706738 0
49 Q -368.763421598 0
49 R -339.236207572 0
49 S -362.805434888 0
49 T -363.415426777 0
49 V -367.099542545 0
49 W -196.575464684 0
49 Y -285.998249392 0
50 A -359.847503585 0
50 C -361.732166586 0
50 D -359.159692196 0
50 E -364.312397933 0
50 F -337.332028518 0
50 G -353.771412888 0
50 H -352.709412127 0
50 I -372.888698566 1
50 K -353.052517489 0
50 L -366.737186436 0
50 M -367.71020919 0
50 N -356.918484587 0
50 P -327.167654416 0
50 Q -361.459707061 0
50 R -355.476743632 0
50 S -360.434537997 0
50 T -364.051332725 0
50 V -368.112763173 0
50 W -340.674669833 0
50 Y -334.486124598 0
51 A -368.192530502 0
51 C -369.101891194 0
51 D -368.909587379 0
51 E -368.500233288 0
51 F -375.629552927 0
51 G -355.920630863 0
51 H -371.22210568 0
51 I -377.276235256 1
51 K -360.933063066 0
51 L -373.505011074 0
51 M -369.78147221 0
51 N -370.29841014 0
51 P -275.039225129 0
51 Q -369.408538105 0
51 R -364.056993495 0
51 S -368.228710368 0
51 T -370.01977488 0
51 V -374.28897457 0
51 W -370.816611253 0
51 Y -372.363292341 0
52 A -367.780271137 0
52 C -361.719302822 0
52 D -361.573396711 0
52 E -300.53825719 0
52 F -306.576914331 0
52 G -370.993254742 1
52 H -172.095354365 0
52 I -355.564019055 0
52 K -285.855736899 0
52 L -324.297788804 0
52 M -304.174946913 0
52 N -363.278184571 0
52 P -281.001776854 0
52 Q -295.861215467 0
52 R -295.469282406 0
52 S -363.31319654 0
52 T -364.079403326 0
52 V -366.405313681 0
52 W 123.463774445 0
52 Y -301.203850508 0
53 A -382.181736252 0
53 C -380.432824218 1
53 D -378.232868068 0
53 E -368.914137956 0
53 F -248.845602843 0
53 G -372.89048112 0
53 H -371.806931894 0
53 I -378.52023827 0
53 K -330.845892125 0
53 L -352.942030698 0
53 M -319.441144594 0
53 N -379.130578418 0
53 P -336.447290973 0
53 Q -369.229493103 0
53 R -217.362668772 0
53 S -382.169360645 0
53 T -377.908233473 0
53 V -380.119976365 0
53 W -208.48167088 0
53 Y -191.448458456 0
54 A -376.634951301 0
54 C -374.436763284 0
54 D -374.701393544 0
54 E -370.434120801 0
54 F -333.074400001 0
54 G -372.030860469 0
54 H -357.66078475 0
54 I -366.812200142 0
54 K -341.548444865 0
54 L -343.89259479 0
54 M -346.235744852 0
54 N -372.375101917 0
54 P -376.459152989 1
54 Q -348.531748235 0
54 R -318.66891966 0
54 S -375.529517129 0
54 T -372.930965907 0
54 V -370.838515074 0
54 W -330.20574597 0
54 Y -314.500376211 0
55 A -366.808031687 0
55 C -366.092514623 0
55 D -363.866666199 0
55 E -369.606039833 0
55 F -355.846710619 0
55 G -359.477481297 0
55 H -364.337391909 0
55 I -329.512969522 0
55 K -348.272401632 0
55 L -374.92969415 0
55 M -356.096249359 0
55 N -369.217967025 0
55 P -281.197108232 0
55 Q -366.102015696 0
55 R -367.816189107 0
55 S -367.762793535 0
55 T -370.812619281 1
55 V -355.909155352 0
55 W -364.788217707 0
55 Y -349.357352653 0
56 A -369.272404318 0
56 C -373.475955412 0
56 D -374.973510665 0
56 E -373.368202242 0
56 F -382.888776445 0
56 G -369.201483771 0
56 H -381.916132624 0
56 I -373.116489418 0
56 K -379.44902316 0
56 L -374.228340993 0
56 M -375.982996742 0
56 N -376.324907797 0
56 P -369.015143159 0
56 Q -377.655459614 0
56 R -379.913781037 0
56 S -375.316416883 0
56 T -372.925910016 0
56 V -373.679795597 0
56 W -382.42249332 1
56 Y -380.974819106 0
57 A -371.419377849 0
57 C -377.960800889 0
57 D -377.133666105 0
57 E -377.897899506 0
57 F -381.617785378 0
57 G -371.133044215 0
57 H -380.71450172 0
57 I -368.036618277 0
57 K -380.304332377 0
57 L -377.84440472 0
57 M -379.547882722 0
57 N -378.954067937 1
57 P -353.793696947 0
57 Q -378.338033266 0
57 R -380.356103517 0
57 S -378.896363048 0
57 T -376.876186518 0
57 V -366.716592092 0
57 W -380.106850099 0
57 Y -380.086539502 0
58 A -372.009485195 0
58 C -370.133169345 0
58 D -375.367024261 0
58 E -372.926833832 0
58 F -371.025692148 0
58 G -371.530260799 0
58 H -373.222433184 0
58 I -370.997508226 1
58 K -372.59435297 0
58 L -363.386259129 0
58 M -370.872538838 0
58 N -374.527150954 0
58 P -369.807930042 0
58 Q -371.490420118 0
58 R -372.44488229 0
58 S -373.693570676 0
58 T -374.705687179 0
58 V -372.579193119 0
58 W -371.98336842 0
58 Y -371.345656987 0
59 A -370.967338583 0
59 C -366.478887313 0
59 D -370.890197924 0
59 E -366.481632671 0
59 F -363.906718355 0
59 G -370.309385093 1
59 H -369.068443496 0
59 I -363.845796271 0
59 K -367.568395724 0
59 L -362.081228562 0
59 M -365.020266945 0
59 N -372.152091355 0
59 P -325.966286032 0
59 Q -367.422843432 0
59 R -369.457798834 0
59 S -370.109596548 0
59 T -365.004776369 0
59 V -360.848981621 0
59 W -361.054098242 0
59 Y -365.291108481 0
60 A -380.836818558 0
60 C -377.536621694 0
60 D -373.646576336 0
60 E -376.24898055 1
60 F -376.196737615 0
60 G -380.343825624 0
60 H -378.52564005 0
60 I -373.027577241 0
60 K -379.705878844 0
60 L -374.661857673 0
60 M -378.614928591 0
60 N -376.514149837 0
60 P -326.994707325 0
60 Q -379.60703265 0
60 R -380.968846624 0
60 S -378.628527658 0
60 T -375.755946646 0
60 V -374.051965976 0
60 W -373.445126563 0
60 Y -375.011593812 0
61 A -365.907202899 0
61 C -371.566944692 0
61 D -371.557223865 0
61 E -371.681682119 0
61 F -315.670830566 0
61 G -364.738033494 0
61 H -359.655823449 0
61 I -377.591602698 0
61 K -370.88496439 0
61 L -380.723384593 1
61 M -372.950037002 0
61 N -374.021324622 0
61 P -354.023917467 0
61 Q -373.643459118 0
61 R -373.08967408 0
61 S -366.343232549 0
61 T -374.849918667 0
61 V -376.174910917 0
61 W -357.525104268 0
61 Y -314.359004652 0
62 A -377.189003933 0
62 C -376.273353899 0
62 D -378.303582628 0
62 E -375.952033719 0
62 F -363.32474229 0
62 G -369.46400042 0
62 H -377.518359898 0
62 I -374.063321671 0
62 K -371.703982576 0
62 L -379.745903381 0
62 M -369.943065997 0
62 N -374.453228224 0
62 P -375.424942357 0
62 Q -378.689147582 1
62 R -372.626840016 0
62 S -374.679330719 0
62 T -374.507891371 0
62 V -376.973364914 0
62 W -363.253377179 0
62 Y -368.486933811 0
63 A -374.096805591 0
63 C -371.628623415 0
63 D -373.481867903 0
63 E -380.402130307 0
63 F -372.472232135 0
63 G -371.964604755 0
63 H -377.424921791 0
63 I -377.277252102 0
63 K -378.707045118 0
63 L -374.749112547 0
63 M -373.122215705 0
63 N -373.981169552 0
63 P -378.684288203 0
63 Q -377.868644015 0
63 R -376.324247898 0
63 S -372.983592847 1
63 T -373.088203836 0
63 V -376.263018317 0
63 W -376.612204672 0
63 Y -372.369923264 0
64 A -372.510074238 0
64 C -368.687642182 0
64 D -372.878783527 1
64 E -372.447709347 0
64 F -370.898844546 0
64 G -370.051034202 0
64 H -371.903896544 0
64 I -345.389646885 0
64 K -371.276976165 0
64 L -356.697905961 0
64 M -370.42196819 0
64 N -369.980205831 0
64 P -350.180314137 0
64 Q -370.592147613 0
64 R -370.604506132 0
64 S -372.654362847 0
64 T -372.236144186 0
64 V -349.083127519 0
64 W -372.208164289 0
64 Y -371.490704033 0
65 A -368.540970798 0
65 C -367.458870019 0
65 D -370.594418845 0
65 E -369.041603462 0
65 F -357.111777124 0
65 G -360.526040272 0
65 H -372.183278112 0
65 I -369.743213853 0
65 K -366.532467318 0
65 L -367.618742531 0
65 M -371.793432167 0
65 N -369.112172027 0
65 P -340.569342499 0
65 Q -369.431496129 0
65 R -368.677016187 0
65 S -367.733041347 0
65 T -365.265007836 0
65 V -369.728226833 0
65 W -381.602797202 1
65 Y -288.626503322 0
66 A -374.779326996 0
66 C -371.691061292 0
66 D -372.018633859 0
66 E -373.951559953 1
66 F -373.46022621 0
66 G -371.664732311 0
66 H -374.467532365 0
66 I -345.887071147 0
66 K -374.305717912 0
66 L -375.459828656 0
66 M -372.338591727 0
66 N -373.115631466 0
66 P 19.9580763854 0
66 Q -375.554288907 0
66 R -375.477244435 0
66 S -376.2005309 0
66 T -373.649919525 0
66 V -343.93860206 0
66 W -374.109291131 0
66 Y -372.976267974 0
67 A -374.326151695 0
67 C -372.588335757 0
67 D -374.803602859 0
67 E -375.700781067 0
67 F -373.291724848 0
67 G -373.775610703 1
67 H -373.794512753 0
67 I -375.598473537 0
67 K -377.00222786 0
67 L -375.472797199 0
67 M -374.795975903 0
67 N -374.097154143 0
67 P -201.659730172 0
67 Q -373.969417108 0
67 R -375.344819306 0
67 S -374.714982315 0
67 T -374.807850482 0
67 V -373.913225862 0
67 W -376.50640552 0
67 Y -373.31875261 0
68 A -363.505221769 0
68 C -362.523511 0
68 D -362.7747406 0
68 E -365.517813708 0
68 F -352.707006637 0
68 G -361.480036964 0
68 H -367.006025679 0
68 I -366.101923613 0
68 K -368.694655764 0
68 L -369.399941812 1
68 M -369.023849575 0
68 N -364.678842406 0
68 P -312.104172345 0
68 Q -365.963797043 0
68 R -365.96542987 0
68 S -362.819647386 0
68 T -365.818417893 0
68 V -366.378073012 0
68 W -356.733535883 0
68 Y -349.042821235 0
69 A -370.964017586 0
69 C -367.893556944 0
69 D -368.095672051 0
69 E -369.036882371 0
69 F -375.456834737 0
69 G -362.654433528 0
69 H -374.292486179 0
69 I -339.880193029 0
69 K -370.689731316 0
69 L -359.482107713 0
69 M -370.759439023 0
69 N -370.206639335 0
69 P -44.4317493925 0
69 Q -368.098322199 0
69 R -370.347371578 0
69 S -369.934669274 0
69 T -370.618677694 0
69 V -339.280137971 0
69 W -373.322086547 0
69 Y -375.119003327 1
70 A -367.479488192 0
70 C -365.40948275 0
70 D -366.499081948 0
70 E -367.726994422 0
70 F -365.968549464 0
70 G -366.867179784 0
70 H -367.67349855 0
70 I -366.161970796 0
70 K -367.70777784 0
70 L -367.235220508 0
70 M -366.795605748 0
70 N -367.384076665 0
70 P -341.537483433 0
70 Q -367.823049202 0
70 R -367.189789428 0
70 S -368.293134408 1
70 T -365.684928732 0
70 V -365.396836288 0
70 W -367.59418292 0
70 Y -365.554745137 0
71 A -369.506032651 0
71 C -367.258606079 0
71 D -368.608211314 0
71 E -369.994625605 1
71 F -370.182283202 0
71 G -367.96653323 0
71 H -370.601898935 0
71 I -358.378364742 0
71 K -370.360102991 0
71 L -371.172745844 0
71 M -369.375884245 0
71 N -370.029084238 0
71 P -90.9364462007 0
71 Q -369.783581341 0
71 R -371.832193768 0
71 S -368.881113902 0
71 T -368.357168311 0
71 V -359.122618669 0
71 W -367.79002206 0
71 Y -369.67285868 0
72 A -370.552141574 0
72 C -368.699605072 0
72 D -375.73540731 0
72 E -370.747649178 0
72 F -374.857965389 0
72 G -368.52254195 0
72 H -376.472100164 0
72 I -371.157105127 0
72 K -370.074554216 0
72 L -383.133252789 1
72 M -372.743120168 0
72 N -376.40782647 0
72 P -101.90266155 0
72 Q -370.705591655 0
72 R -368.745519631 0
72 S -369.283699128 0
72 T -368.888174455 0
72 V -370.053418517 0
72 W -358.332089714 0
72 Y -368.368648848 0
73 A -371.148043857 0
73 C -369.381666432 0
73 D -380.595443 1
73 E -372.587243897 0
73 F -373.068112401 0
73 G -370.746324624 0
73 H -370.947345875 0
73 I -370.008006863 0
73 K -372.278541771 0
73 L -364.905186379 0
73 M -369.642096026 0
73 N -377.196607204 0
73 P -361.920527099 0
73 Q -369.83146762 0
73 R -371.526819145 0
73 S -372.24835067 0
73 T -371.557792219 0
73 V -370.533720314 0
73 W -367.778798393 0
73 Y -372.949815686 0
74 A -378.830402486 0
74 C -377.332155701 0
74 D -379.339876353 1
74 E -379.4541852 0
74 F -378.67275514 0
74 G -377.74570108 0
74 H -379.764450522 0
74 I -376.277308251 0
74 K -380.247988477 0
74 L -380.998798969 0
74 M -379.078277333 0
74 N -379.469531637 0
74 P -136.699128068 0
74 Q -379.564851401 0
74 R -380.342284168 0
74 S -379.277617895 0
74 T -377.957195176 0
74 V -376.198383199 0
74 W -379.788085501 0
74 Y -378.224436888 0
75 A -372.760414758 0
75 C -373.190094027 0
75 D -368.648137608 0
75 E -365.472151385 0
75 F -338.631611884 0
75 G -369.434410542 0
75 H -357.390822556 0
75 I -379.698032142 0
75 K -351.910707154 0
75 L -371.928499057 0
75 M -358.46648328 0
75 N -369.566429538 0
75 P -329.097067065 0
75 Q -369.44243355 0
75 R -361.361516794 0
75 S -371.683913459 0
75 T -375.788867993 0
75 V -380.257432885 1
75 W -309.681805178 0
75 Y -328.845523375 0
76 A -378.133413607 0
76 C -377.160220325 0
76 D -383.583879226 1
76 E -380.072734207 0
76 F -378.895228926 0
76 G -376.250082841 0
76 H -378.774076966 0
76 I -380.865276718 0
76 K -379.344805577 0
76 L -379.630147089 0
76 M -378.398325788 0
76 N -382.285377459 0
76 P -378.444569658 0
76 Q -378.539875891 0
76 R -379.63974043 0
76 S -379.110187546 0
76 T -379.082018233 0
76 V -380.881719889 0
76 W -379.693010661 0
76 Y -378.26556644 0
77 A -369.975782208 0
77 C -368.134355848 0
77 D -370.883710892 0
77 E -371.894766105 0
77 F -381.630290273 1
77 G -366.824696926 0
77 H -377.514406799 0
77 I -356.359269808 0
77 K -370.301851913 0
77 L -369.822931802 0
77 M -372.111522325 0
77 N -376.841050508 0
77 P -301.052936666 0
77 Q -373.93417693 0
77 R -369.247324034 0
77 S -367.432504325 0
77 T -367.382933201 0
77 V -349.229225331 0
77 W -379.233351274 0
77 Y -379.733085938 0
78 A -377.815144639 0
78 C -376.372033258 0
78 D -378.561256914 0
78 E -377.778432228 0
78 F -377.761449903 0
78 G -376.465501572 0
78 H -379.031526658 0
78 I -376.511889841 0
78 K -378.686262156 0
78 L -378.740418543 0
78 M -377.443920074 0
78 N -377.927126618 1
78 P -355.641940544 0
78 Q -376.958293532 0
78 R -381.112713815 0
78 S -379.091249631 0
78 T -379.393478132 0
78 V -377.165886829 0
78 W -377.596659405 0
78 Y -377.536918912 0
79 A -365.806207089 0
79 C -362.206271185 0
79 D -367.113180496 0
79 E -365.163843158 0
79 F -367.143625577 0
79 G -374.542028656 1
79 H -368.155588355 0
79 I -349.875481588 0
79 K -367.780724415 0
79 L -366.268085724 0
79 M -362.170485695 0
79 N -367.947813236 0
79 P -279.393567846 0
79 Q -364.480480659 0
79 R -366.182584619 0
79 S -368.421269893 0
79 T -358.875629468 0
79 V -350.239906377 0
79 W -364.825630003 0
79 Y -366.48336015 0
80 A -371.974056931 0
80 C -371.998182399 0
80 D -371.037157121 0
80 E -374.018020231 0
80 F -375.482461412 0
80 G -368.742245221 0
80 H -374.804583177 0
80 I -374.614448328 0
80 K -380.185370067 1
80 L -377.450517474 0
80 M -379.947459137 0
80 N -371.407925993 0
80 P -205.661838358 0
80 Q -377.988493746 0
80 R -376.401794774 0
80 S -370.256058876 0
80 T -372.335437767 0
80 V -372.92811116 0
80 W -372.552480995 0
80 Y -373.916811058 0
81 A -369.399488658 0
81 C -365.254381804 0
81 D -369.617104761 0
81 E -370.54163171 0
81 F -371.826865288 0
81 G -364.046656075 0
81 H -371.417247006 0
81 I -365.519841589 0
81 K -372.129864674 0
81 L -375.177128199 1
81 M -368.480684289 0
81 N -371.261112612 0
81 P -324.856804649 0
81 Q -371.423389806 0
81 R -371.174050962 0
81 S -369.924439059 0
81 T -369.563566489 0
81 V -370.165092264 0
81 W -370.663735409 0
81 Y -371.886653775 0
82 A -366.591233048 0
82 C -368.083958414 0
82 D -365.204691218 0
82 E -360.671574996 0
82 F -351.015405399 0
82 G -361.324285347 0
82 H -351.469837929 0
82 I -368.11033229 0
82 K -345.584325261 0
82 L -368.850404969 0
82 M -351.292596744 0
82 N -361.779294482 0
82 P -310.897411562 0
82 Q -354.321662933 0
82 R -350.823564915 0
82 S -366.310803249 0
82 T -369.947506078 0
82 V -370.839100647 1
82 W -365.049820827 0
82 Y -250.374339283 0
83 A -373.320745871 1
83 C -363.32131127 0
83 D -355.583161399 0
83 E -239.009993944 0
83 F -249.046028486 0
83 G -364.134682455 0
83 H -302.659906551 0
83 I -294.894112316 0
83 K -329.281881319 0
83 L -251.124829408 0
83 M -345.636569675 0
83 N -342.058924415 0
83 P -286.785189762 0
83 Q -350.148441206 0
83 R -320.387637226 0
83 S -363.699876514 0
83 T -356.758342938 0
83 V -360.036684548 0
83 W -178.108893325 0
83 Y -305.815424988 0
84 A -362.461912942 0
84 C -367.796072405 0
84 D -365.312098034 0
84 E -358.200352375 0
84 F -378.377993029 0
84 G -358.101334836 0
84 H -373.423132156 0
84 I -358.855424151 0
84 K -365.065325439 0
84 L -375.426337622 0
84 M -369.828704406 0
84 N -369.025879431 0
84 P -339.745478752 0
84 Q -367.88955305 0
84 R -370.401617963 0
84 S -361.404368885 0
84 T -368.458840928 0
84 V -333.92887927 0
84 W -374.61078932 0
84 Y -377.570494397 1
85 A -358.409115045 0
85 C -360.449940785 0
85 D -358.84538751 0
85 E -358.460223973 0
85 F -371.324267931 1
85 G -354.155265982 0
85 H -365.038478415 0
85 I -352.063298886 0
85 K -353.938893197 0
85 L -363.339413121 0
85 M -365.203036234 0
85 N -360.848567053 0
85 P -329.104546474 0
85 Q -359.052268534 0
85 R -350.862601868 0
85 S -358.360458332 0
85 T -358.386152098 0
85 V -355.495203457 0
85 W -354.022566828 0
85 Y -368.917702504 0
86 A -327.758883623 0
86 C -323.532396634 0
86 D -313.019100827 0
86 E -301.880181137 0
86 F -244.570707757 0
86 G -367.951304468 1
86 H -228.703679333 0
86 I -149.952653963 0
86 K -246.487801615 0
86 L -308.372763757 0
86 M -292.263850634 0
86 N -314.203684464 0
86 P -284.170028857 0
86 Q -301.019425164 0
86 R -136.921875844 0
86 S -324.260973166 0
86 T -284.536441387 0
86 V -56.3066813103 0
86 W 665.400630275 0
86 Y -124.419753852 0
87 A -372.418780034 0
87 C -372.364407057 0
87 D -372.055008037 0
87 E -372.689403664 0
87 F -366.397678149 0
87 G -368.074850734 0
87 H -374.894926587 0
87 I -372.715720514 0
87 K -365.148949232 0
87 L -374.440807199 0
87 M -371.039542853 0
87 N -374.219724821 0
87 P -357.678505387 0
87 Q -370.460522004 0
87 R -342.33814751 0
87 S -373.037075281 0
87 T -375.595522899 1
87 V -374.828917146 0
87 W -355.592974247 0
87 Y -368.748037891 0
88 A -371.232909058 0
88 C -369.919761299 0
88 D -370.263626367 0
88 E -163.926107273 0
88 F -111.016440245 0
88 G -376.085590874 1
88 H -271.502133594 0
88 I -321.05106157 0
88 K -131.455846491 0
88 L -199.848160927 0
88 M -163.916539543 0
88 N -361.97215609 0
88 P -320.522012443 0
88 Q -331.453873667 0
88 R -142.093742451 0
88 S -371.319258097 0
88 T -363.583986812 0
88 V -351.793214709 0
88 W 68.7450233282 0
88 Y -141.631612543 0
89 A -359.212501577 0
89 C -358.637318581 0
89 D -369.108748593 1
89 E -359.36969536 0
89 F -309.354765374 0
89 G -353.967484917 0
89 H -351.83911292 0
89 I -356.673319147 0
89 K -357.632022409 0
89 L -348.291927214 0
89 M -356.055676499 0
89 N -368.383820957 0
89 P -337.534308349 0
89 Q -358.11060844 0
89 R -363.568610768 0
89 S -361.404279904 0
89 T -354.81675525 0
89 V -354.580365837 0
89 W -336.671968013 0
89 Y -312.55266593 0
90 A -363.782310138 0
90 C -361.611752964 0
90 D -355.893586223 0
90 E -362.579395177 0
90 F -339.423415939 0
90 G -360.491113548 0
90 H -359.617920477 0
90 I -356.307336406 0
90 K -357.293206567 0
90 L -360.532485903 0
90 M -364.993394192 0
90 N -358.979051557 0
90 P -349.875457951 0
90 Q -371.941585034 1
90 R -353.469176426 0
90 S -363.089029627 0
90 T -357.716568371 0
90 V -356.587046195 0
90 W -254.34476353 0
90 Y -335.857147211 0
91 A -364.355783617 0
91 C -362.520706323 0
91 D -363.754331134 0
91 E -365.389064407 0
91 F -363.76266356 0
91 G -363.057664033 0
91 H -366.211602044 0
91 I -367.485430524 1
91 K -367.286880908 0
91 L -367.590599704 0
91 M -364.269710416 0
91 N -365.529592626 0
91 P -329.359284616 0
91 Q -365.437835318 0
91 R -366.339083356 0
91 S -364.513377056 0
91 T -364.611783602 0
91 V -367.062894273 0
91 W -363.193997214 0
91 Y -363.640322611 0
92 A -369.749446891 0
92 C -365.845689106 0
92 D -365.575342644 0
92 E -368.416994624 0
92 F -361.484111065 0
92 G -368.299182921 1
92 H -351.062838489 0
92 I -366.75854906 0
92 K -369.464899164 0
92 L -369.651129905 0
92 M -368.268186867 0
92 N -365.584384928 0
92 P -325.482615245 0
92 Q -367.472683592 0
92 R -369.385858744 0
92 S -365.895969196 0
92 T -368.642566736 0
92 V -367.840809659 0
92 W -344.697286024 0
92 Y -364.177439698 0
93 A -367.157210182 0
93 C -364.907996915 0
93 D -365.629515842 0
93 E -363.146902282 0
93 F -369.44749313 0
93 G -361.078824303 0
93 H -370.894673219 0
93 I -348.746284933 0
93 K -366.072871023 0
93 L -373.316355413 0
93 M -368.729504982 0
93 N -369.503501894 0
93 P -230.37999322 0
93 Q -368.389750702 0
93 R -367.755752895 0
93 S -363.700172001 0
93 T -366.146502607 0
93 V -362.61372133 0
93 W -363.967217154 0
93 Y -370.998213393 1
94 A -369.089391904 1
94 C -365.303060207 0
94 D -364.762579617 0
94 E -365.697444659 0
94 F -182.695385925 0
94 G -366.207425944 0
94 H -361.091794485 0
94 I -353.793169156 0
94 K -366.634579925 0
94 L -261.505161816 0
94 M -364.878458098 0
94 N -363.772512786 0
94 P -360.86142005 0
94 Q -365.21012049 0
94 R -367.602698543 0
94 S -367.378838869 0
94 T -364.820957176 0
94 V -358.52351685 0
94 W -58.3270389454 0
94 Y -358.207831954 0
95 A -363.968323357 0
95 C -362.660367214 0
95 D -367.382487593 1
95 E -366.998957159 0
95 F -361.834039115 0
95 G -363.23833131 0
95 H -365.297124071 0
95 I -355.638844939 0
95 K -365.242960183 0
95 L -363.1201712 0
95 M -363.497020513 0
95 N -366.428856028 0
95 P -363.792496291 0
95 Q -363.476814779 0
95 R -366.667445998 0
95 S -365.084518162 0
95 T -368.850092387 0
95 V -357.342321361 0
95 W -364.16810668 0
95 Y -361.54321371 0
96 A -369.740950983 0
96 C -366.670142417 0
96 D -364.723725713 0
96 E -365.349009378 0
96 F -367.91322445 0
96 G -362.854831824 0
96 H -371.35718815 0
96 I -320.63262713 0
96 K -366.722060934 0
96 L -356.558395238 0
96 M -364.934327909 0
96 N -371.433632299 1
96 P -327.201125045 0
96 Q -367.471899715 0
96 R -366.415771739 0
96 S -368.784612692 0
96 T -369.335115741 0
96 V -366.885203534 0
96 W -361.176024953 0
96 Y -367.545987837 0
97 A -358.550156154 0
97 C -358.250104652 0
97 D -361.764989691 0
97 E -358.692866626 0
97 F -369.752772862 1
97 G -353.933078564 0
97 H -363.124832309 0
97 I -354.725659398 0
97 K -350.219276841 0
97 L -361.282419221 0
97 M -358.793064438 0
97 N -360.878570859 0
97 P -293.631202052 0
97 Q -357.686200298 0
97 R -351.321045548 0
97 S -358.502278862 0
97 T -358.809221514 0
97 V -358.081463186 0
97 W -350.924088815 0
97 Y -367.270185032 0
98 A -365.255528336 0
98 C -366.123199957 0
98 D -362.769683805 0
98 E -362.524193378 0
98 F -340.001858038 0
98 G -365.889612668 0
98 H -358.918270258 0
98 I -333.011066566 0
98 K -353.519795377 0
98 L -349.134096668 0
98 M -365.173862836 0
98 N -366.197825874 0
98 P -297.127402495 0
98 Q -368.054238826 1
98 R -340.99228311 0
98 S -363.441351611 0
98 T -358.678679805 0
98 V -335.082781774 0
98 W 161.132839412 0
98 Y -302.402461364 0
99 A -368.889990873 0
99 C -365.40971023 0
99 D -376.556503024 1
99 E -369.201316108 0
99 F -268.725886281 0
99 G -365.468839718 0
99 H -330.679790849 0
99 I -365.848056021 0
99 K -363.346728775 0
99 L -367.13928991 0
99 M -368.750915352 0
99 N -369.311952021 0
99 P -269.840923737 0
99 Q -366.22119819 0
99 R -361.561238175 0
99 S -367.903995873 0
99 T -367.575090744 0
99 V -365.939211034 0
99 W -341.309552471 0
99 Y -271.291447698 0
100 A -379.09138859 1
100 C -378.927714419 0
100 D -374.146759973 0
100 E -337.354569452 0
100 F -356.318107962 0
100 G -369.876439522 0
100 H -371.429160263 0
100 I -361.004667043 0
100 K -352.68769633 0
100 L -231.410179786 0
100 M -356.144646895 0
100 N -375.926978906 0
100 P -332.112359137 0
100 Q -339.117256292 0
100 R -357.843270005 0
100 S -377.162792719 0
100 T -375.870181521 0
100 V -366.894569319 0
100 W -11.9434622626 0
100 Y -345.704060885 0
101 A -369.739614115 0
101 C -368.18505996 0
101 D -364.354611305 0
101 E -366.085210521 0
101 F 211.550688306 0
101 G -366.603942911 0
101 H -99.2968424017 0
101 I -376.489858976 1
101 K -362.731844154 0
101 L -367.422062323 0
101 M -372.170224005 0
101 N -369.377267502 0
101 P -354.670701057 0
101 Q -368.896121836 0
101 R -344.800400961 0
101 S -369.328165669 0
101 T -370.810672824 0
101 V -371.066315483 0
101 W 313.839803178 0
101 Y 268.155803518 0
102 A -181.852325427 0
102 C -130.08652452 0
102 D 86.4298100079 0
102 E 335.279398651 0
102 F 581.839571496 0
102 G -377.567682275 1
102 H 427.70113547 0
102 I 492.658014231 0
102 K 362.412620009 0
102 L 396.258382901 0
102 M 355.691353664 0
102 N 385.266769748 0
102 P -8.95434278057 0
102 Q 402.069131983 0
102 R 303.02552363 0
102 S -184.601008577 0
102 T 429.347806532 0
102 V 398.56609855 0
102 W 457.968243094 0
102 Y 581.018669322 0
103 A -373.830744107 0
103 C -372.050209409 0
103 D -374.553532861 0
103 E -376.108782208 0
103 F -372.938875896 0
103 G -371.34068787 0
103 H -372.721121672 0
103 I -377.843375586 1
103 K -376.299452974 0
103 L -376.759019231 0
103 M -377.066317417 0
103 N -373.59465174 0
103 P -174.640230596 0
103 Q -375.205600152 0
103 R -378.031900883 0
103 S -373.786169901 0
103 T -374.949565989 0
103 V -376.236029841 0
103 W -374.033830429 0
103 Y -371.455793182 0
104 A -368.880913692 0
104 C -368.144288004 0
104 D -367.413166458 0
104 E -369.080068528 0
104 F -364.296668411 0
104 G -365.164140952 0
104 H -372.798834835 0
104 I -369.069113982 0
104 K -361.756545944 0
104 L -377.397797482 1
104 M -373.303333751 0
104 N -370.301353729 0
104 P -202.676113726 0
104 Q -370.171926152 0
104 R -362.773986097 0
104 S -367.549763602 0
104 T -366.646003313 0
104 V -368.30923713 0
104 W -356.915762119 0
104 Y -351.722586746 0
105 A -381.405658802 0
105 C -376.917859914 0
105 D -379.761847801 0
105 E -384.398210928 1
105 F -358.294525515 0
105 G -377.849021116 0
105 H -371.836589413 0
105 I -365.638645084 0
105 K -371.662067119 0
105 L -351.082321006 0
105 M -373.63818682 0
105 N -378.697803941 0
105 P -157.300616106 0
105 Q -376.687829231 0
105 R -376.08441067 0
105 S -378.276935669 0
105 T -378.173065892 0
105 V -372.596492242 0
105 W -364.86712255 0
105 Y -359.375857938 0
106 A -384.909553661 0
106 C -382.447022108 0
106 D -383.018826231 0
106 E -384.909432226 1
106 F -382.315333859 0
106 G -383.258750575 0
106 H -383.012185619 0
106 I -384.732828438 0
106 K -384.403524779 0
106 L -385.008721496 0
106 M -383.901409405 0
106 N -383.590171649 0
106 P -122.028603915 0
106 Q -381.00450634 0
106 R -384.724513703 0
106 S -383.838035508 0
106 T -384.865055056 0
106 V -381.623275493 0
106 W -383.639936033 0
106 Y -381.556540179 0
107 A -382.04515401 0
107 C -382.860899014 0
107 D -379.810430687 0
107 E -381.385637141 0
107 F -366.012079361 0
107 G -379.182103006 0
107 H -364.761743868 0
107 I -373.821178322 0
107 K -386.865206167 1
107 L -376.112033589 0
107 M -384.402790581 0
107 N -381.954603925 0
107 P -204.144563057 0
107 Q -381.992298604 0
107 R -385.277780958 0
107 S -383.549187397 0
107 T -384.782304967 0
107 V -371.333085441 0
107 W -379.302074153 0
107 Y -343.152951502 0
108 A -377.775768816 0
108 C -377.081044445 0
108 D -378.716114208 0
108 E -379.540125039 0
108 F -362.097961252 0
108 G -375.221374276 0
108 H -381.410940764 0
108 I -386.018497395 1
108 K -377.240407946 0
108 L -382.232229916 0
108 M -382.996833344 0
108 N -380.407362785 0
108 P -160.277936701 0
108 Q -379.707263919 0
108 R -375.590942234 0
108 S -375.670128315 0
108 T -379.917805037 0
108 V -382.599051565 0
108 W -347.831551099 0
108 Y -356.330770162 0
109 A -388.494057922 0
109 C -385.634212086 0
109 D -380.450323945 0
109 E -383.952579187 0
109 F -377.366770736 0
109 G -386.66624262 0
109 H -386.260080377 0
109 I -384.253881289 0
109 K -387.951526708 0
109 L -330.119442141 0
109 M -387.579994972 0
109 N -383.151862871 0
109 P -96.9102427824 0
109 Q -384.423189061 0
109 R -387.702582425 0
109 S -387.530674248 1
109 T -385.977914833 0
109 V -385.700619885 0
109 W -384.465341093 0
109 Y -375.860577043 0
110 A -379.966934511 0
110 C -374.449490465 0
110 D -377.791517797 0
110 E -377.316805102 0
110 F -375.510816636 0
110 G -378.468963945 0
110 H -377.282613091 0
110 I -370.5330498 0
110 K -378.167264186 0
110 L -377.269781754 0
110 M -377.218536034 0
110 N -378.112005724 0
110 P -110.233936794 0
110 Q -376.520791417 1
110 R -378.157681107 0
110 S -379.562289095 0
110 T -377.495587475 0
110 V -352.467203628 0
110 W -374.713787621 0
110 Y -375.316807077 0
111 A -385.177438019 0
111 C -382.561213084 0
111 D -379.545944728 0
111 E -380.182404742 0
111 F -378.448221656 0
111 G -383.905729624 0
111 H -383.13892236 0
111 I -371.372449947 0
111 K -385.318463774 0
111 L -390.498205196 0
111 M -387.311689122 0
111 N -387.07893475 0
111 P -43.6662640316 0
111 Q -383.38661912 0
111 R -387.561182925 1
111 S -385.662234859 0
111 T -383.853808512 0
111 V -370.174089353 0
111 W -378.521663026 0
111 Y -374.117283277 0
112 A -329.875186691 0
112 C -312.25680412 0
112 D -315.217297952 0
112 E -313.131241914 0
112 F -321.644200488 0
112 G -384.269052536 1
112 H -320.724168691 0
112 I 15.6011574244 0
112 K -323.924008013 0
112 L -294.887994712 0
112 M -316.209612811 0
112 N -323.029392291 0
112 P -183.148617 0
112 Q -314.598291987 0
112 R -300.755831392 0
112 S -310.47482586 0
112 T -305.399083476 0
112 V -18.1481957024 0
112 W -317.647927319 0
112 Y -320.164710757 0
113 A -384.533503188 0
113 C -371.464699875 0
113 D -353.840042326 0
113 E -354.119453468 0
113 F 462.083739531 0
113 G -383.779238734 1
113 H -109.422532841 0
113 I -282.325263886 0
113 K -338.309752143 0
113 L -322.329619175 0
113 M -359.923525145 0
113 N -238.563658462 0
113 P -206.519368691 0
113 Q -325.427551986 0
113 R -315.74927162 0
113 S -378.052708315 0
113 T -355.607188223 0
113 V -342.599079557 0
113 W 570.512602329 0
113 Y 459.353392872 0
114 A -371.577036111 0
114 C -370.546723368 0
114 D -371.62432807 0
114 E -373.841374779 0
114 F -372.305893448 0
114 G -368.726839682 0
114 H -373.060499631 0
114 I -376.029671155 0
114 K -373.767711113 1
114 L -373.308552414 0
114 M -372.374276471 0
114 N -372.546169716 0
114 P -180.650686456 0
114 Q -372.33787977 0
114 R -373.249764124 0
114 S -372.384557407 0
114 T -373.509164846 0
114 V -374.906430477 0
114 W -370.620388708 0
114 Y -372.015571022 0
115 A -372.749784861 0
115 C -372.519904437 0
115 D -364.944754286 0
115 E -359.238534487 0
115 F -26.1447649115 0
115 G -369.785508385 0
115 H -306.395494568 0
115 I -369.379888427 0
115 K -327.645304 0
115 L -352.798021855 0
115 M -361.849262453 0
115 N -371.126540092 0
115 P -371.26678395 0
115 Q -366.096170189 0
115 R -360.64901952 0
115 S -372.79907029 0
115 T -376.304906198 1
115 V -371.787202316 0
115 W 46.1045317605 0
115 Y -0.91112226604 0
116 A -371.994460551 0
116 C -372.312079306 0
116 D -368.862561035 0
116 E -371.338473081 0
116 F -369.039199603 0
116 G -368.228291687 0
116 H -369.616843693 0
116 I -369.753275535 0
116 K -370.66271902 0
116 L -368.919519249 0
116 M -373.232947635 0
116 N -370.371209642 0
116 P -264.584654952 0
116 Q -371.963483462 0
116 R -372.1396751 0
116 S -371.481747961 0
116 T -374.74639871 0
116 V -378.680577138 1
116 W -360.663333087 0
116 Y -371.031550648 0
117 A -364.953391632 0
117 C -353.836899243 0
117 D -347.867676752 0
117 E -330.151317587 0
117 F -274.199471534 0
117 G -377.579839753 1
117 H -316.47066611 0
117 I -95.4845256248 0
117 K -315.990202408 0
117 L -288.131738741 0
117 M -119.61550098 0
117 N -346.13117617 0
117 P -279.74377536 0
117 Q -333.567308204 0
117 R -312.775717709 0
117 S -359.662450302 0
117 T -341.774655429 0
117 V -307.781451446 0
117 W -263.416475482 0
117 Y -272.507337342 0
118 A -374.804467616 0
118 C -372.353246462 0
118 D -374.390528261 0
118 E -375.522401175 0
118 F -378.023478315 0
118 G -373.455173105 0
118 H -376.907698586 0
118 I -371.574048598 0
118 K -375.21408469 0
118 L -377.16058019 0
118 M -375.707975206 0
118 N -374.412167513 0
118 P -364.194252356 0
118 Q -374.478759577 0
118 R -374.47403171 0
118 S -374.798127534 0
118 T -373.129177738 0
118 V -372.602413853 0
118 W -373.514145924 0
118 Y -377.700135326 1
119 A -363.97184065 0
119 C -363.552971491 0
119 D -366.657016293 0
119 E -367.177619187 0
119 F -372.895746881 0
119 G -359.54744608 0
119 H -371.761243166 0
119 I -301.554092886 0
119 K -367.636444488 0
119 L -363.733485044 0
119 M -367.692382139 0
119 N -367.317372517 0
119 P -287.658159021 0
119 Q -367.372633535 0
119 R -370.675984854 0
119 S -363.702607221 0
119 T -364.903766724 0
119 V -366.706718007 0
119 W -377.767269921 1
119 Y -370.822490972 0
120 A -368.912098359 0
120 C -366.318150568 0
120 D -371.285951991 0
120 E -369.843106925 0
120 F -366.121765441 0
120 G -367.291767264 0
120 H -367.079267355 0
120 I -366.679606814 0
120 K -367.864353042 0
120 L -368.760163986 0
120 M -367.231326234 0
120 N -367.751390637 0
120 P -367.411898333 0
120 Q -368.386886228 0
120 R -372.076845933 0
120 S -370.862625125 1
120 T -369.816787895 0
120 V -367.678052769 0
120 W -366.723189186 0
120 Y -368.318509531 0
121 A -366.079457597 0
121 C -366.904630438 0
121 D -367.187485083 0
121 E -366.741451285 0
121 F -249.300519082 0
121 G -361.990291954 0
121 H -362.53028371 0
121 I -369.866749618 0
121 K -367.755115197 0
121 L -361.473025453 0
121 M -368.557536491 0
121 N -366.64135361 0
121 P -255.019285415 0
121 Q -367.065102107 0
121 R -367.669598065 0
121 S -365.325232637 0
121 T -369.035255798 1
121 V -366.821209987 0
121 W -363.836104948 0
121 Y -304.57152398 0
122 A -368.63218056 0
122 C -367.188735918 0
122 D -369.949474899 1
122 E -370.285607074 0
122 F -368.501401916 0
122 G -367.427008279 0
122 H -369.635410619 0
122 I -369.275628535 0
122 K -369.917964109 0
122 L -369.543189621 0
122 M -368.120532677 0
122 N -368.857309748 0
122 P -317.409288108 0
122 Q -368.028792367 0
122 R -368.998549337 0
122 S -369.670550875 0
122 T -368.856095822 0
122 V -369.500615202 0
122 W -368.462737318 0
122 Y -368.390159577 0
123 A -360.337689657 0
123 C -356.241536659 0
123 D -361.813995573 0
123 E -359.280793424 0
123 F -356.910337866 0
123 G -370.947173048 1
123 H -357.12186307 0
123 I -335.947855195 0
123 K -360.952277458 0
123 L -358.473665549 0
123 M -353.831804858 0
123 N -360.332105137 0
123 P -247.221199518 0
123 Q -357.232186648 0
123 R -354.615066425 0
123 S -355.994589282 0
123 T -345.819133541 0
123 V -335.401865268 0
123 W -355.373551181 0
123 Y -353.592252257 0
124 A -358.794051314 0
124 C -359.064467312 0
124 D -356.117246796 0
124 E -356.047103799 0
124 F -368.67601594 0
124 G -354.49616174 0
124 H -363.044596889 0
124 I -361.485885018 0
124 K -356.129548215 0
124 L -359.659548192 0
124 M -360.118511355 0
124 N -359.231664263 0
124 P -315.535997114 0
124 Q -357.615462223 0
124 R -358.930906335 0
124 S -357.971012502 0
124 T -360.361176035 0
124 V -361.796535419 0
124 W -352.931963439 0
124 Y -371.514996792 1
125 A -363.555120881 0
125 C -362.997117417 0
125 D -367.071297145 1
125 E -365.128410135 0
125 F -364.602765637 0
125 G -356.684429813 0
125 H -365.416139907 0
125 I -366.793438877 0
125 K -365.963479004 0
125 L -365.035454707 0
125 M -363.002480583 0
125 N -365.627386615 0
125 P -348.295570139 0
125 Q -363.22589821 0
125 R -365.001598243 0
125 S -364.895166194 0
125 T -364.615455019 0
125 V -366.420604032 0
125 W -363.099720285 0
125 Y -364.091996146 0
126 A -358.994891539 0
126 C -358.252748155 0
126 D -356.706493308 0
126 E -354.006428173 0
126 F -367.927413076 1
126 G -355.13115393 0
126 H -362.565841923 0
126 I -351.319951803 0
126 K -355.97095716 0
126 L -347.701261179 0
126 M -360.278365471 0
126 N -358.512119039 0
126 P -328.299777481 0
126 Q -355.652653123 0
126 R -359.248982233 0
126 S -359.052763025 0
126 T -356.317707379 0
126 V -336.450338126 0
126 W -347.47426808 0
126 Y -366.170246215 0
127 A -364.604024014 0
127 C -362.151992445 0
127 D -364.474792289 0
127 E -365.007722148 0
127 F -364.016814077 0
127 G -362.728552533 0
127 H -366.354727144 0
127 I -366.912682336 0
127 K -367.046752413 0
127 L -366.374478832 0
127 M -363.738851129 0
127 N -367.679245967 1
127 P -240.367918492 0
127 Q -364.495266812 0
127 R -366.317287486 0
127 S -365.024913538 0
127 T -365.183111904 0
127 V -366.538979332 0
127 W -362.729357815 0
127 Y -364.024241208 0
128 A -365.448207173 0
128 C -363.177603677 0
128 D -368.065348161 1
128 E -364.49020433 0
128 F -365.188841319 0
128 G -364.051451733 0
128 H -365.828981704 0
128 I -314.549484715 0
128 K -365.047917902 0
128 L -363.140386577 0
128 M -364.803049692 0
128 N -366.287871192 0
128 P -242.764327406 0
128 Q -363.511782265 0
128 R -366.051120945 0
128 S -365.796049809 0
128 T -363.93271248 0
128 V -309.792256698 0
128 W -367.019215563 0
128 Y -364.921866229 0
129 A -368.802126257 0
129 C -349.233097945 0
129 D -332.219127106 0
129 E -224.15032633 0
129 F -20.6597271029 0
129 G -364.386833385 0
129 H -207.310579581 0
129 I -291.479330572 0
129 K -321.389839481 0
129 L -343.447813978 0
129 M -152.987178906 0
129 N -343.483521645 0
129 P -322.047415135 0
129 Q -248.396611617 0
129 R -328.264635686 0
129 S -369.12352373 1
129 T -320.14549561 0
129 V -312.541551754 0
129 W -177.834571094 0
129 Y -252.451711743 0
130 A -369.180706617 0
130 C -366.725072519 0
130 D -367.117078703 0
130 E -368.051814582 0
130 F -365.660318624 0
130 G -366.765172287 0
130 H -368.121037515 0
130 I -366.336134397 0
130 K -369.169542158 1
130 L -370.008368949 0
130 M -368.463182588 0
130 N -368.354706142 0
130 P -350.654515001 0
130 Q -368.674163913 0
130 R -368.962719972 0
130 S -367.719415566 0
130 T -367.058852464 0
130 V -366.428449725 0
130 W -366.058032789 0
130 Y -365.846189682 0
131 A -369.111817864 1
131 C -359.784082374 0
131 D -356.039516288 0
131 E -330.044879357 0
131 F -65.5816499911 0
131 G -365.095688257 0
131 H -331.992211417 0
131 I -230.925956322 0
131 K -314.261192794 0
131 L -336.853633895 0
131 M -322.707454971 0
131 N -356.580017435 0
131 P -223.882773769 0
131 Q -324.651391462 0
131 R -278.410733819 0
131 S -365.831597672 0
131 T -352.058898723 0
131 V -297.993821848 0
131 W -283.293108962 0
131 Y 43.3084464677 0
132 A -367.723758306 0
132 C -366.792525539 0
132 D -370.863535494 0
132 E -366.988657626 0
132 F -337.896156251 0
132 G -364.529533308 0
132 H -370.183045903 0
132 I -349.189394839 0
132 K -368.536397903 0
132 L -371.613081431 1
132 M -367.771078477 0
132 N -370.02357929 0
132 P -215.335683183 0
132 Q -368.022446834 0
132 R -367.420512546 0
132 S -368.217034966 0
132 T -367.587787464 0
132 V -340.7943358 0
132 W -362.446187761 0
132 Y -347.636732823 0
133 A -367.691761763 0
133 C -369.513322782 0
133 D -369.260325274 0
133 E -369.556818288 0
133 F -365.522465538 0
133 G -364.345352597 0
133 H -364.992497373 0
133 I -365.197805566 0
133 K -373.982169727 0
133 L -370.91123626 0
133 M -370.603084632 0
133 N -370.604697536 0
133 P -153.866877913 0
133 Q -371.108550978 0
133 R -377.657700537 1
133 S -368.385278675 0
133 T -372.303494446 0
133 V -363.694329625 0
133 W -364.037173373 0
133 Y -365.02455657 0
134 A -367.498589652 0
134 C -364.093342868 0
134 D -370.722695408 0
134 E -370.591779472 0
134 F -367.895444598 0
134 G -371.528070726 0
134 H -370.497613574 0
134 I -364.294897106 0
134 K -370.176021503 0
134 L -368.699397183 0
134 M -367.833998216 0
134 N -369.315847993 1
134 P -347.253772294 0
134 Q -370.085879691 0
134 R -369.710832679 0
134 S -367.86403464 0
134 T -363.455846593 0
134 V -363.324585103 0
134 W -366.724478788 0
134 Y -366.665108689 0
135 A -360.168441497 0
135 C -356.192380124 0
135 D -360.995999328 0
135 E -360.363808342 0
135 F -359.862516269 0
135 G -373.33655435 1
135 H -362.123827162 0
135 I -355.256091734 0
135 K -361.685665358 0
135 L -358.150576346 0
135 M -356.895246705 0
135 N -362.741428546 0
135 P -319.166594625 0
135 Q -358.370823731 0
135 R -363.436346584 0
135 S -364.324699239 0
135 T -361.547621613 0
135 V -353.724855625 0
135 W -355.413744974 0
135 Y -356.53855322 0
136 A -373.667653768 0
136 C -371.47305861 0
136 D -370.463851597 0
136 E -373.833507565 0
136 F -373.832076873 0
136 G -369.640576744 0
136 H -374.57453981 0
136 I -370.729036865 0
136 K -374.07433563 1
136 L -372.944562455 0
136 M -373.335373925 0
136 N -372.877484323 0
136 P -323.783459278 0
136 Q -373.19479788 0
136 R -373.5573013 0
136 S -373.334904542 0
136 T -373.35204074 0
136 V -375.935848395 0
136 W -372.603883046 0
136 Y -373.86706084 0
137 A -359.99599151 0
137 C -359.135635789 0
137 D -360.40853299 0
137 E -358.086578022 0
137 F -371.537177831 1
137 G -357.411853884 0
137 H -364.285249273 0
137 I -361.283696762 0
137 K -355.453502105 0
137 L -364.607947247 0
137 M -364.578429643 0
137 N -362.21083182 0
137 P -237.402324546 0
137 Q -359.201044312 0
137 R -358.106078446 0
137 S -360.058575784 0
137 T -358.90790782 0
137 V -359.903570335 0
137 W -347.871354904 0
137 Y -363.163585439 0
138 A -374.610473221 0
138 C -374.339599615 0
138 D -368.970157331 0
138 E -355.920976582 0
138 F -316.628010528 0
138 G -370.497741464 0
138 H -319.663875452 0
138 I -368.608755758 0
138 K -349.137453946 0
138 L -299.613907156 0
138 M -347.832426519 0
138 N -372.703630358 0
138 P -247.029336315 0
138 Q -359.571069929 0
138 R -350.507937142 0
138 S -374.191119526 0
138 T -372.334515822 0
138 V -376.15721422 1
138 W -293.61819663 0
138 Y -317.918264772 0
139 A -215.337568335 0
139 C -201.610116407 0
139 D -191.703612916 0
139 E -30.2442797237 0
139 F -18.3097541138 0
139 G -370.87816325 1
139 H -108.088381302 0
139 I -5.40300618515 0
139 K 67.3006900238 0
139 L -134.67694012 0
139 M -16.5255210696 0
139 N -183.971703135 0
139 P -202.828484971 0
139 Q -40.7071715917 0
139 R 74.2862428133 0
139 S -223.170705802 0
139 T -114.917379559 0
139 V -121.695079723 0
139 W 659.672221511 0
139 Y 59.6386101835 0
140 A -358.141350322 0
140 C -362.62419328 0
140 D -360.67424182 0
140 E -363.140559712 0
140 F -342.120971195 0
140 G -353.212159447 0
140 H -353.167043416 0
140 I -354.361292413 0
140 K -352.026448991 0
140 L -372.196733591 1
140 M -368.421231452 0
140 N -363.454955093 0
140 P -186.522423058 0
140 Q -361.430091196 0
140 R -357.216658771 0
140 S -361.445811064 0
140 T -357.338801469 0
140 V -350.984017795 0
140 W -341.169119243 0
140 Y -350.702952788 0
141 A -371.023146136 1
141 C -364.333670692 0
141 D -356.081909173 0
141 E -352.771078491 0
141 F -340.373367239 0
141 G -363.059892302 0
141 H -353.881251908 0
141 I -343.420910629 0
141 K -327.679080508 0
141 L -341.542223724 0
141 M -353.625733064 0
141 N -357.94381387 0
141 P -353.932938695 0
141 Q -355.053932245 0
141 R -306.95979366 0
141 S -367.356535969 0
141 T -361.440395907 0
141 V -366.486498977 0
141 W -289.464004794 0
141 Y -318.316699223 0
142 A -364.640167552 0
142 C -366.127394552 0
142 D -365.789801566 0
142 E -365.890870456 0
142 F -358.351605654 0
142 G -361.797068764 0
142 H -364.207007653 0
142 I -370.594291327 0
142 K -363.515200051 0
142 L -374.789441105 1
142 M -370.757486625 0
142 N -367.937462907 0
142 P -290.103487165 0
142 Q -366.391533886 0
142 R -365.335623509 0
142 S -365.042277172 0
142 T -365.835870583 0
142 V -368.661398277 0
142 W -355.640955047 0
142 Y -317.704860697 0
143 A -362.732492518 0
143 C -365.245188095 0
143 D -376.528940967 1
143 E -348.196088263 0
143 F -239.704596928 0
143 G -353.383814438 0
143 H -269.544157841 0
143 I -358.351602697 0
143 K -311.426208309 0
143 L -305.902534708 0
143 M -132.868208096 0
143 N -369.783652519 0
143 P -346.760270137 0
143 Q -295.730578459 0
143 R -328.511241581 0
143 S -361.912886413 0
143 T -359.115480164 0
143 V -363.212804478 0
143 W -205.766546489 0
143 Y -236.227868443 0
144 A -372.042350916 0
144 C -370.591204686 0
144 D -373.105842498 0
144 E -374.860219914 1
144 F -369.616684065 0
144 G -371.400068653 0
144 H -374.594549829 0
144 I -370.995138058 0
144 K -370.327515008 0
144 L -373.463593545 0
144 M -372.564922783 0
144 N -371.973290706 0
144 P -372.427662914 0
144 Q -372.788776035 0
144 R -370.768362901 0
144 S -371.981149258 0
144 T -371.567123642 0
144 V -370.698230567 0
144 W -372.196098972 0
144 Y -369.675024355 0
145 A -373.690248953 0
145 C -371.487513671 0
145 D -374.846212848 1
145 E -373.951958427 0
145 F -373.260791815 0
145 G -371.515213616 0
145 H -373.896250083 0
145 I -374.356624154 0
145 K -374.294827981 0
145 L -372.506171956 0
145 M -373.2640242 0
145 N -374.711328067 0
145 P -353.285393086 0
145 Q -372.913189553 0
145 R -374.098667588 0
145 S -373.871624645 0
145 T -373.708247365 0
145 V -375.005423866 0
145 W -372.402400012 0
145 Y -372.183152925 0
146 A -366.286028466 0
146 C -365.994960627 0
146 D -363.942350247 0
146 E -366.486392697 0
146 F -365.787016179 0
146 G -362.825438709 0
146 H -366.377655119 0
146 I -365.318327539 0
146 K -368.150235152 0
146 L -365.500436962 0
146 M -365.807223723 0
146 N -372.095268224 1
146 P -327.102854259 0
146 Q -366.179384939 0
146 R -365.915680185 0
146 S -366.44428132 0
146 T -366.967199343 0
146 V -366.746061499 0
146 W -364.767218084 0
146 Y -364.539336719 0
147 A -369.173877111 0
147 C -365.845108546 0
147 D -368.090998359 0
147 E -369.048174318 0
147 F -366.477498593 0
147 G -365.889944911 0
147 H -365.492700529 0
147 I -318.419128689 0
147 K -368.101095482 0
147 L -369.257187121 0
147 M -366.677775341 0
147 N -369.804307467 0
147 P -296.877573887 0
147 Q -373.862395569 1
147 R -367.727633957 0
147 S -366.8577835 0
147 T -367.245461626 0
147 V -362.502096292 0
147 W -364.655634206 0
147 Y -365.338830775 0
148 A -369.539501362 0
148 C -365.918149174 0
148 D -368.566412877 0
148 E -367.581121691 0
148 F -367.96803482 0
148 G -368.407106903 0
148 H -369.665938808 0
148 I -366.474916241 0
148 K -369.252492964 0
148 L -363.387364163 0
148 M -366.561187055 0
148 N -367.590173733 0
148 P -370.380580013 0
148 Q -367.222725494 0
148 R -369.032109703 0
148 S -370.363530879 1
148 T -367.658101246 0
148 V -366.505975516 0
148 W -369.592255725 0
148 Y -367.598474258 0
149 A -367.307214369 0
149 C -366.32197587 0
149 D -369.23181966 1
149 E -369.800324589 0
149 F -365.299461858 0
149 G -366.88200345 0
149 H -370.688625526 0
149 I -366.578744469 0
149 K -369.105273977 0
149 L -367.799248198 0
149 M -367.269055729 0
149 N -368.744635623 0
149 P -351.194352373 0
149 Q -368.753285632 0
149 R -368.330539865 0
149 S -369.498341984 0
149 T -368.273140369 0
149 V -366.856057005 0
149 W -365.899815075 0
149 Y -365.364819045 0
150 A -369.565783077 0
150 C -368.534169423 0
150 D -370.154059671 0
150 E -369.543890839 0
150 F -370.53098548 0
150 G -368.00100464 0
150 H -371.405439248 0
150 I -364.472494294 0
150 K -372.653057266 0
150 L -372.769581598 1
150 M -370.71132295 0
150 N -370.25600877 0
150 P -129.041990426 0
150 Q -372.138820292 0
150 R -370.219344614 0
150 S -368.733313125 0
150 T -368.765919489 0
150 V -364.508806476 0
150 W -369.599242244 0
150 Y -370.534177575 0
151 A -377.64577239 0
151 C -376.467613021 0
151 D -373.822110693 0
151 E -374.950898377 0
151 F -243.801137583 0
151 G -376.25165048 0
151 H -321.835738194 0
151 I -376.4826674 0
151 K -377.257069009 0
151 L -379.552957296 0
151 M -378.8332696 0
151 N -375.632441224 0
151 P -253.195813785 0
151 Q -380.668318627 0
151 R -378.362963243 0
151 S -377.748236247 0
151 T -379.214767118 1
151 V -375.715522947 0
151 W -350.16388921 0
151 Y -62.1560985823 0
152 A -373.987536135 0
152 C -371.301571 0
152 D -375.827877773 1
152 E -376.540685204 0
152 F -374.282214423 0
152 G -372.793606172 0
152 H -375.088743534 0
152 I -375.217022817 0
152 K -375.34447818 0
152 L -376.279211196 0
152 M -375.970709226 0
152 N -374.837390182 0
152 P -358.96955271 0
152 Q -373.588072011 0
152 R -374.639213168 0
152 S -374.100680863 0
152 T -373.738532396 0
152 V -374.094262912 0
152 W -373.944460063 0
152 Y -374.20171317 0
153 A -375.052730674 0
153 C -372.174039502 0
153 D -376.935969941 1
153 E -377.062574266 0
153 F -373.956117771 0
153 G -374.023301407 0
153 H -375.487285232 0
153 I -374.943038739 0
153 K -376.48019746 0
153 L -376.282074151 0
153 M -375.415076278 0
153 N -375.481497619 0
153 P -353.312817911 0
153 Q -374.606133508 0
153 R -376.200290131 0
153 S -375.682043001 0
153 T -375.072182357 0
153 V -375.135006846 0
153 W -375.18035957 0
153 Y -373.648796601 0
154 A -372.986652075 0
154 C -370.516066732 0
154 D -372.585672818 0
154 E -372.390356577 0
154 F -373.30546635 0
154 G -369.46653165 0
154 H -373.656275107 0
154 I -361.908595853 0
154 K -372.42794444 0
154 L -369.555607143 0
154 M -374.64314852 0
154 N -372.951216064 0
154 P -186.642264708 0
154 Q -372.708890784 0
154 R -375.809187422 1
154 S -371.293617546 0
154 T -369.213160848 0
154 V -363.703782511 0
154 W -377.152502237 0
154 Y -372.850197058 0
155 A -368.6528699 0
155 C -369.784435294 0
155 D -367.867565084 0
155 E -369.131598326 0
155 F -370.532008088 0
155 G -365.78206922 0
155 H -355.547576955 0
155 I -377.370973269 1
155 K -355.554715124 0
155 L -375.679700993 0
155 M -371.397858129 0
155 N -369.915632301 0
155 P -159.330928437 0
155 Q -368.5800624 0
155 R -359.349633678 0
155 S -369.229782866 0
155 T -372.548740693 0
155 V -374.945803234 0
155 W -364.707531372 0
155 Y -371.418770742 0
156 A -376.165562935 0
156 C -373.206906849 0
156 D -372.853220502 0
156 E -375.456659233 0
156 F -374.314646722 0
156 G -374.766730268 0
156 H -377.224045724 0
156 I -375.951400326 0
156 K -376.579036643 1
156 L -375.338231407 0
156 M -374.576624345 0
156 N -374.416145007 0
156 P -89.5861144588 0
156 Q -374.318738505 0
156 R -375.95102967 0
156 S -375.030669054 0
156 T -375.633226829 0
156 V -373.612877258 0
156 W -375.350751592 0
156 Y -373.919419908 0
157 A -377.221828395 0
157 C -374.406750775 0
157 D -375.44509238 0
157 E -377.938199712 0
157 F -373.238556169 0
157 G -375.448537236 0
157 H -376.260681039 0
157 I -378.080966838 0
157 K -378.252362529 0
157 L -378.087811589 0
157 M -376.017508186 0
157 N -376.867248397 0
157 P -154.650548549 0
157 Q -376.418349727 0
157 R -377.290402664 0
157 S -376.694646093 1
157 T -377.415214934 0
157 V -377.367091786 0
157 W -375.38458758 0
157 Y -373.048006423 0
158 A -363.449288707 0
158 C -360.426471397 0
158 D -363.488802417 0
158 E -365.867328932 0
158 F -372.613443168 0
158 G -359.458331238 0
158 H -375.611385302 0
158 I -353.218656769 0
158 K -362.092562795 0
158 L -365.548990907 0
158 M -366.063040606 0
158 N -365.534571695 0
158 P -145.386047509 0
158 Q -370.536871936 0
158 R -357.230582373 0
158 S -361.202984005 0
158 T -361.650638731 0
158 V -344.673070895 0
158 W -384.510484384 1
158 Y -370.715432895 0
159 A -369.213428979 0
159 C -369.050046822 0
159 D -367.069868506 0
159 E -362.373464309 0
159 F -323.270673128 0
159 G -365.536882988 0
159 H -346.704354618 0
159 I -373.246163831 0
159 K -347.81994055 0
159 L -365.158947716 0
159 M -364.299859531 0
159 N -369.166212964 0
159 P -133.656715002 0
159 Q -360.994725528 0
159 R -362.447239431 0
159 S -367.3734739 0
159 T -370.787628665 0
159 V -374.894575177 1
159 W -121.215791248 0
159 Y -320.233960999 0
160 A -370.487005018 1
160 C -369.013894503 0
160 D -371.439191215 0
160 E -371.452320112 0
160 F -368.222375123 0
160 G -369.038122998 0
160 H -369.660117858 0
160 I -369.322914866 0
160 K -372.235892175 0
160 L -371.723502194 0
160 M -369.104921305 0
160 N -371.348937639 0
160 P -123.599830527 0
160 Q -370.470682893 0
160 R -371.67379073 0
160 S -369.579587049 0
160 T -369.699313755 0
160 V -368.276870049 0
160 W -368.818136972 0
160 Y -368.12378897 0
161 A -362.817635048 0
161 C -360.529259108 0
161 D -361.799160988 0
161 E -366.3692279 0
161 F -363.05983928 0
161 G -360.920005307 0
161 H -365.106911432 0
161 I -368.453673996 0
161 K -366.200405222 0
161 L -368.173849614 0
161 M -366.481723287 0
161 N -365.25412195 0
161 P -106.244472319 0
161 Q -374.531038685 1
161 R -366.010675814 0
161 S -361.910132675 0
161 T -366.811217184 0
161 V -366.693640916 0
161 W -365.814081537 0
161 Y -359.9793991 0
162 A -356.549764851 0
162 C -361.313659733 0
162 D -359.507688693 0
162 E -360.713920922 0
162 F -334.348683456 0
162 G -352.481165132 0
162 H -352.850460488 0
162 I -366.316494743 0
162 K -346.237499661 0
162 L -373.357711556 1
162 M -365.19836275 0
162 N -362.831017023 0
162 P -130.383359048 0
162 Q -361.304816863 0
162 R -356.095871582 0
162 S -354.275685017 0
162 T -359.330187938 0
162 V -364.681362789 0
162 W -303.05401672 0
162 Y -198.810680675 0
163 A -364.867254474 0
163 C -359.555517935 0
163 D -364.972743807 0
163 E -361.976964709 0
163 F -278.478241885 0
163 G -362.112457835 0
163 H -359.746505908 0
163 I -365.363317207 0
163 K -365.078628119 1
163 L -364.718427545 0
163 M -366.497961239 0
163 N -362.059634659 0
163 P -7.59503304129 0
163 Q -361.856624412 0
163 R -363.065136852 0
163 S -363.006053245 0
163 T -356.421854454 0
163 V -358.594444025 0
163 W -304.403893595 0
163 Y -87.6850623479 0
164 A -367.464218921 0
164 C -364.692358094 0
164 D -367.755985021 0
164 E -368.80561138 0
164 F -366.794467643 0
164 G -366.689520674 0
164 H -368.06193936 0
164 I -367.753081235 0
164 K -368.659780148 0
164 L -368.119153108 0
164 M -366.846195667 0
164 N -367.482028235 0
164 P -210.340112153 0
164 Q -366.958704153 0
164 R -368.898906931 0
164 S -367.627667104 1
164 T -367.687944148 0
164 V -367.908145923 0
164 W -366.769550199 0
164 Y -366.592297766 0
165 A -363.826631782 0
165 C -364.784775497 0
165 D -364.572452054 0
165 E -375.729796365 1
165 F -366.393039254 0
165 G -364.719350533 0
165 H -369.931155278 0
165 I -328.123081002 0
165 K -366.549762308 0
165 L -372.171560874 0
165 M -368.014667421 0
165 N -366.095400647 0
165 P -118.19859907 0
165 Q -371.019110628 0
165 R -365.61858503 0
165 S -362.321731492 0
165 T -361.952711887 0
165 V -323.729585098 0
165 W -360.020258224 0
165 Y -366.731134673 0
166 A -365.199922576 0
166 C -364.172102921 0
166 D -366.155595545 0
166 E -366.258481402 0
166 F -374.621745484 1
166 G -362.823254606 0
166 H -367.465489638 0
166 I -361.79789799 0
166 K -364.538151471 0
166 L -372.856561058 0
166 M -371.886751416 0
166 N -367.972857177 0
166 P -165.429922161 0
166 Q -368.179239841 0
166 R -363.393981971 0
166 S -364.651537782 0
166 T -364.808066644 0
166 V -359.704442778 0
166 W -355.529848509 0
166 Y -362.034081996 0
167 A -362.382676384 0
167 C -361.342278454 0
167 D -364.008527882 0
167 E -361.116933807 0
167 F -364.024600211 0
167 G -366.840532431 1
167 H -364.041814202 0
167 I -319.745982436 0
167 K -364.943228344 0
167 L -362.727722514 0
167 M -351.850400654 0
167 N -365.381032824 0
167 P -262.147325288 0
167 Q -363.009551065 0
167 R -364.184196009 0
167 S -361.955047079 0
167 T -337.413913907 0
167 V -323.213014548 0
167 W -362.756681432 0
167 Y -363.723056276 0
168 A -362.13424494 0
168 C -361.822757695 0
168 D -367.415475661 0
168 E -363.148007769 0
168 F -361.798720987 0
168 G -361.134883459 0
168 H -362.373079819 0
168 I -367.311787758 0
168 K -362.556316558 0
168 L -366.413168145 1
168 M -365.450819182 0
168 N -366.985483109 0
168 P -205.898419682 0
168 Q -366.104648971 0
168 R -362.032989457 0
168 S -362.197019995 0
168 T -362.854656757 0
168 V -365.131953731 0
168 W -364.259600578 0
168 Y -361.718533845 0
