1 A -69.2755340964 0
1 C -67.8240787365 0
1 D -70.5380527448 0
1 E -69.1229267754 0
1 F -48.6543765017 0
1 G -67.8030808942 0
1 H -69.5455468948 0
1 I -63.5603427997 0
1 K -67.5203811808 0
1 L -71.3189246139 0
1 M -66.5914438667 0
1 N -70.3210478635 0
1 P -73.0770816836 0
1 Q -67.2399771158 0
1 R -69.03904865 1
1 S -70.0274404144 0
1 T -67.248636766 0
1 V -68.8998957554 0
1 W -68.2124770861 0
1 Y -48.466775626 0
2 A -64.4705452393 0
2 C -62.6266169336 0
2 D -66.3349333874 0
2 E -63.8902882965 0
2 F -64.5128185479 0
2 G -62.2416093753 0
2 H -64.1846809865 0
2 I -59.7084455767 0
2 K -62.8384136457 0
2 L -59.07238973 0
2 M -63.0031923996 0
2 N -64.0989532363 0
2 P -70.7724341266 1
2 Q -64.8495639436 0
2 R -62.3695435126 0
2 S -64.7902219124 0
2 T -60.7122918174 0
2 V -57.5858328033 0
2 W -64.9030069185 0
2 Y -63.999556567 0
3 A -66.6520662245 0
3 C -63.3223962128 0
3 D -68.45531067 1
3 E -69.8535340709 0
3 F -67.263161702 0
3 G -65.912472798 0
3 H -67.3277982039 0
3 I -66.1170050238 0
3 K -68.1195645923 0
3 L -67.0378243061 0
3 M -66.3063303808 0
3 N -66.3274043533 0
3 P -66.9535384351 0
3 Q -66.5152467832 0
3 R -67.207313658 0
3 S -67.6004524439 0
3 T -67.2309306808 0
3 V -66.1703844463 0
3 W -66.8629394893 0
3 Y -66.9967669525 0
4 A -67.2750397125 0
4 C -65.6128708317 0
4 D -64.8301294061 0
4 E -67.9307024649 0
4 F -72.0547929555 1
4 G -67.6682209842 0
4 H -68.0675290339 0
4 I -64.6713734421 0
4 K -63.6437250732 0
4 L -63.6384089381 0
4 M -64.3419289184 0
4 N -65.6690461083 0
4 P -37.9607092204 0
4 Q -66.1727872493 0
4 R -63.872963364 0
4 S -66.7872216329 0
4 T -64.8581691068 0
4 V -66.3762051077 0
4 W -62.7357422486 0
4 Y -64.3204621203 0
5 A -69.7515171611 1
5 C -69.7515171611 1
5 D -69.7515171611 1
5 E -69.7515171611 1
5 F -69.7515171611 1
5 G -69.7515171611 1
5 H -69.7515171611 1
5 I -69.7515171611 1
5 K -69.7515171611 1
5 L -69.7515171611 1
5 M -69.7515171611 1
5 N -69.7515171611 1
5 P -69.7515171611 1
5 Q -69.7515171611 1
5 R -69.7515171611 1
5 S -69.7515171611 1
5 T -69.7515171611 1
5 V -69.7515171611 1
5 W -69.7515171611 1
5 Y -69.7515171611 1
6 A -68.2022776887 0
6 C -69.6314688314 0
6 D -72.7707424793 0
6 E -70.8900918526 0
6 F -66.3557794766 0
6 G -67.5109148399 0
6 H -72.5987091427 0
6 I -68.0292351917 0
6 K -71.3836261489 0
6 L -73.2094713955 1
6 M -68.9665227799 0
6 N -73.4675527995 0
6 P 323.090509495 0
6 Q -70.2937559587 0
6 R -72.5082276159 0
6 S -69.8374955066 0
6 T -70.3740557318 0
6 V -69.3098715132 0
6 W -68.7086843412 0
6 Y -66.2646013003 0
7 A -65.6580595976 0
7 C -62.694260667 0
7 D -65.9136241242 0
7 E -68.6657301856 1
7 F -64.8850168736 0
7 G -64.4560083254 0
7 H -65.1835490637 0
7 I -62.967852239 0
7 K -66.9784663027 0
7 L -67.747086766 0
7 M -66.4951413987 0
7 N -64.5708677125 0
7 P 139.981682421 0
7 Q -66.9684233261 0
7 R -66.6183681176 0
7 S -65.8094082361 0
7 T -63.7014205861 0
7 V -64.4517384434 0
7 W -66.7516852985 0
7 Y -63.9467089748 0
8 A -64.4742552418 0
8 C -59.824251254 0
8 D -64.9994468187 0
8 E -65.7504558982 0
8 F -62.496172238 0
8 G -64.0437041047 0
8 H -65.5624951935 0
8 I -60.3724702017 0
8 K -65.2231696051 0
8 L -65.1099581987 0
8 M -63.8452718988 0
8 N -63.9535816298 0
8 P -67.988939329 1
8 Q -63.9157985903 0
8 R -64.5573133827 0
8 S -65.5286459101 0
8 T -64.7087093535 0
8 V -61.2260784486 0
8 W -62.6863439072 0
8 Y -62.4044598859 0
9 A -63.8239669062 0
9 C -60.5891840779 0
9 D -60.0463073292 0
9 E -62.0083455072 0
9 F -63.2264485686 0
9 G -59.955315554 0
9 H -62.3379366647 0
9 I -5.19350343013 0
9 K -57.7079497645 0
9 L -56.1779721869 0
9 M -48.0551603659 0
9 N -60.5197499292 0
9 P -66.6177199534 1
9 Q -62.1309950427 0
9 R -58.3242637304 0
9 S -62.0205778241 0
9 T -55.3967314085 0
9 V -42.1865656418 0
9 W -62.3548924857 0
9 Y -63.2501709341 0
10 A -64.9323102777 0
10 C -64.8852691434 0
10 D -69.1843639869 0
10 E -68.744621259 0
10 F -67.2928979998 0
10 G -59.2846390913 0
10 H -67.843895526 0
10 I -59.6627175401 0
10 K -65.3068569525 0
10 L -59.253842462 0
10 M -65.2857337549 0
10 N -66.4991299925 0
10 P -47.0080598487 0
10 Q -66.1325809113 0
10 R -65.4157451136 0
10 S -66.6535233562 0
10 T -66.743757478 0
10 V -61.6435866542 0
10 W -65.3483944938 0
10 Y -68.6443715141 1
11 A -63.9408668986 0
11 C -62.0315549304 0
11 D -65.6715681602 0
11 E -66.5706675802 0
11 F -57.0076427088 0
11 G -63.1387852197 0
11 H -69.3340686851 0
11 I -61.039172736 0
11 K -67.9934401966 0
11 L -66.8115146269 0
11 M -66.242277027 0
11 N -62.7159265806 0
11 P -60.9848255576 0
11 Q -63.8436395286 0
11 R -64.8727382039 0
11 S -65.0448525817 0
11 T -66.2511964796 1
11 V -61.1547536859 0
11 W -60.0131146455 0
11 Y -57.199133068 0
12 A -50.3940311865 0
12 C -46.4259850305 0
12 D -19.127884846 0
12 E 27.6103886212 0
12 F 524.309412533 0
12 G -69.3598483181 1
12 H 243.417878663 0
12 I 129.179221612 0
12 K 50.6552698108 0
12 L 252.930949918 0
12 M 315.011723969 0
12 N -24.8536205065 0
12 P 69.2825752663 0
12 Q -15.4909974243 0
12 R 213.907928274 0
12 S -45.2365161482 0
12 T -43.9015914179 0
12 V -27.7836410576 0
12 W 447.321433022 0
12 Y 682.343829926 0
13 A -71.3245532841 0
13 C -71.4167834818 0
13 D -73.6107607969 0
13 E -73.5649177815 0
13 F -70.0480125651 0
13 G -70.4917612683 0
13 H -71.6538366536 0
13 I -72.3467832837 0
13 K -72.0898488126 0
13 L -71.9140650322 0
13 M -71.4667290234 0
13 N -72.0854624051 0
13 P -74.2574295496 1
13 Q -71.9296152635 0
13 R -72.3644976227 0
13 S -73.1306365235 0
13 T -72.7217285649 0
13 V -72.4197565478 0
13 W -70.1689374118 0
13 Y -70.0690480372 0
14 A -69.3948727348 1
14 C -69.3948727348 1
14 D -69.3948727348 1
14 E -69.3948727348 1
14 F -69.3948727348 1
14 G -69.3948727348 1
14 H -69.3948727348 1
14 I -69.3948727348 1
14 K -69.3948727348 1
14 L -69.3948727348 1
14 M -69.3948727348 1
14 N -69.3948727348 1
14 P -69.3948727348 1
14 Q -69.3948727348 1
14 R -69.3948727348 1
14 S -69.3948727348 1
14 T -69.3948727348 1
14 V -69.3948727348 1
14 W -69.3948727348 1
14 Y -69.3948727348 1
15 A -71.6391896649 0
15 C -69.9246289463 0
15 D -74.2636268715 0
15 E -74.3298827874 0
15 F -71.0083987273 0
15 G -72.5444578274 0
15 H -73.7459768079 0
15 I -71.767283063 0
15 K -73.6185774339 1
15 L -73.0110053203 0
15 M -72.7039247707 0
15 N -74.199034392 0
15 P -79.4274851426 0
15 Q -72.2508503892 0
15 R -73.3651260481 0
15 S -74.2290304816 0
15 T -73.2023012243 0
15 V -70.3952808715 0
15 W -71.5559792932 0
15 Y -71.1021932389 0
16 A -69.5768936718 1
16 C -66.8034419333 0
16 D -71.1935599765 0
16 E -69.2551423862 0
16 F -67.3136255671 0
16 G -68.3013870788 0
16 H -69.4388221177 0
16 I -62.6895742281 0
16 K -69.2092174876 0
16 L -69.0179149643 0
16 M -68.7980604481 0
16 N -68.4427183868 0
16 P 187.4101439 0
16 Q -67.9775741533 0
16 R -68.893493804 0
16 S -68.9781594459 0
16 T -63.1374900166 0
16 V -63.2791791327 0
16 W -67.3693276854 0
16 Y -67.020877739 0
17 A -66.48102352 0
17 C -66.1021515442 0
17 D -67.4419977364 0
17 E -68.8422653744 0
17 F -67.6277286448 0
17 G -60.6429914227 0
17 H -68.3717313099 0
17 I -65.7536002127 0
17 K -68.9727909814 0
17 L -66.3570221769 0
17 M -67.0006039479 0
17 N -69.3618914914 0
17 P -57.8560784625 0
17 Q -67.4546888518 0
17 R -68.933021595 1
17 S -66.92164957 0
17 T -68.0111294217 0
17 V -64.8276987839 0
17 W -63.1105570223 0
17 Y -67.3641095345 0
18 A -61.192450445 0
18 C -59.1709351307 0
18 D -60.633179484 0
18 E -62.1871398077 0
18 F -61.7103052596 0
18 G -55.8818934183 0
18 H -62.1846772059 0
18 I -66.5115776053 1
18 K -61.2678262278 0
18 L -63.9286104148 0
18 M -61.6896952057 0
18 N -61.0104168986 0
18 P 120.038273749 0
18 Q -61.6318520674 0
18 R -60.8334634305 0
18 S -59.6773869608 0
18 T -62.1032652166 0
18 V -64.9409358965 0
18 W -59.7673432992 0
18 Y -61.4968446603 0
19 A -64.3806508402 0
19 C -63.4646007296 0
19 D -65.4770274911 0
19 E -65.8296860046 0
19 F -65.9614821637 0
19 G -62.1512460773 0
19 H -65.1885858696 0
19 I -68.831609406 1
19 K -66.106755803 0
19 L -66.8346603551 0
19 M -65.972119905 0
19 N -66.0322935415 0
19 P -63.4772737377 0
19 Q -64.6436659625 0
19 R -66.0909060587 0
19 S -65.6216736979 0
19 T -66.08213335 0
19 V -67.8187257224 0
19 W -67.7637138173 0
19 Y -66.2283596016 0
20 A -64.0788979929 0
20 C -63.6840264409 0
20 D -57.6895756214 0
20 E -60.407728072 0
20 F -53.8360112673 0
20 G -60.3226598922 0
20 H -61.2465417975 0
20 I -23.6151596101 0
20 K -60.3818090006 0
20 L -53.4083456958 0
20 M -63.4318015001 0
20 N -62.8044241425 0
20 P 32.3279027234 0
20 Q -62.9705808284 0
20 R -68.9380870258 1
20 S -62.3617554043 0
20 T -64.2440430879 0
20 V -66.9186890122 0
20 W -59.2614921604 0
20 Y -52.597688409 0
21 A -62.2310497145 0
21 C -61.3744289212 0
21 D -60.3021660781 0
21 E -60.487184268 0
21 F -69.4358290823 0
21 G -58.5632901801 0
21 H -65.1345101704 0
21 I -60.0811681146 0
21 K -61.6897827905 0
21 L -64.0487666091 0
21 M -64.8383401446 0
21 N -62.4931129949 0
21 P 4.25385039571 0
21 Q -60.3741483464 0
21 R -64.3587397191 0
21 S -60.4108622314 0
21 T -59.5387742479 0
21 V -60.5944633235 0
21 W -70.7727864924 0
21 Y -69.2501728646 1
22 A -61.7038716765 0
22 C -59.6444415437 0
22 D -54.9392948756 0
22 E -54.5639919401 0
22 F -68.7879200494 1
22 G -56.9342412734 0
22 H -63.5422122614 0
22 I -49.2678409468 0
22 K -55.3393762403 0
22 L -41.7534241739 0
22 M -60.8121154304 0
22 N -58.6910552092 0
22 P 3.83697084395 0
22 Q -55.7405949175 0
22 R -53.3663245618 0
22 S -60.2537997173 0
22 T -60.6551283901 0
22 V -55.0493833623 0
22 W -65.0602039578 0
22 Y -66.9165632843 0
23 A -60.8224615433 0
23 C -60.1103222592 0
23 D -60.0235008494 0
23 E -62.4848366408 0
23 F -69.5169081344 0
23 G -55.5318518919 0
23 H -68.0185604817 0
23 I -61.4939844122 0
23 K -63.6222555623 0
23 L -63.9822229792 0
23 M -65.382487313 0
23 N -64.3020145394 0
23 P -35.0354949063 0
23 Q -61.1312344453 0
23 R -67.5970259883 0
23 S -59.4539428639 0
23 T -57.3951558964 0
23 V -58.0662345223 0
23 W -67.1038393099 0
23 Y -68.8364279184 1
24 A -60.9313226984 0
24 C -60.0790158789 0
24 D -66.6234174647 0
24 E -61.037861654 0
24 F -58.1191651336 0
24 G -55.4921134973 0
24 H -62.0260808031 0
24 I -45.6346382654 0
24 K -58.6209227097 0
24 L -59.8948830982 0
24 M -58.558890574 0
24 N -67.2234048926 1
24 P 67.5607339342 0
24 Q -59.1932533854 0
24 R -59.2695871328 0
24 S -60.3295591631 0
24 T -58.9113712497 0
24 V 15.6842536921 0
24 W -54.4648616034 0
24 Y -57.5598549704 0
25 A -67.2655228692 1
25 C -64.0996779682 0
25 D -66.351389108 0
25 E -62.4058965959 0
25 F -66.8805459076 0
25 G -64.2865553773 0
25 H -68.1912154271 0
25 I -66.5823940069 0
25 K -55.7347649978 0
25 L -48.1500618875 0
25 M -63.248359559 0
25 N -65.727459066 0
25 P -61.6925941674 0
25 Q -64.0886985228 0
25 R -66.5176425726 0
25 S -67.2814069529 0
25 T -66.5205889596 0
25 V -65.5319435875 0
25 W -68.527429247 0
25 Y -66.9260050339 0
26 A -65.1290644271 0
26 C -62.0073617468 0
26 D -66.3909589642 0
26 E -66.9208858597 0
26 F -64.1009908861 0
26 G -64.1151227901 0
26 H -65.4372026237 0
26 I -65.4149887007 0
26 K -66.1907883865 1
26 L -65.5395677244 0
26 M -64.2860568445 0
26 N -65.1549979707 0
26 P -57.9229379755 0
26 Q -64.69599662 0
26 R -65.7711461328 0
26 S -65.605441599 0
26 T -65.1787945985 0
26 V -65.3806635442 0
26 W -65.1264361866 0
26 Y -64.0696645072 0
27 A -66.5913651648 1
27 C -63.3017021292 0
27 D -67.5458971064 0
27 E -66.2167651339 0
27 F -59.8904375436 0
27 G -62.9175309246 0
27 H -66.6917878848 0
27 I -62.6552681302 0
27 K -65.5609044579 0
27 L -63.6550994315 0
27 M -65.577981079 0
27 N -63.111090537 0
27 P -32.2180362831 0
27 Q -64.3418323737 0
27 R -64.5176591877 0
27 S -64.4952780808 0
27 T -61.7201481585 0
27 V -64.2481709208 0
27 W -61.9887561125 0
27 Y -59.4462502824 0
28 A -61.4333077218 0
28 C -61.7753224276 0
28 D -64.3853095071 0
28 E -63.4464669587 0
28 F -62.4275830792 0
28 G -67.0448584005 1
28 H -63.8182957538 0
28 I -36.2406915826 0
28 K -64.9754988863 0
28 L -64.5994748346 0
28 M -62.2729466708 0
28 N -65.165315232 0
28 P 55.2208239061 0
28 Q -62.4134610086 0
28 R -64.6199580576 0
28 S -61.5368322533 0
28 T -56.2221581515 0
28 V -34.2054681025 0
28 W -61.6457990866 0
28 Y -62.7014733201 0
29 A -68.2281739057 0
29 C -66.3411776936 0
29 D -64.0051366593 0
29 E -68.7402009763 0
29 F -66.0703967648 0
29 G -64.3327495471 0
29 H -68.6538632532 0
29 I -66.0809276649 0
29 K -68.9868146165 0
29 L -69.1124946148 1
29 M -67.5726589877 0
29 N -67.304601103 0
29 P 131.409492851 0
29 Q -68.029103789 0
29 R -70.1201008044 0
29 S -67.5164692015 0
29 T -67.7985745274 0
29 V -67.2598986142 0
29 W -68.4767993345 0
29 Y -66.5625883955 0
30 A -69.7155864797 1
30 C -69.7155864797 1
30 D -69.7155864797 1
30 E -69.7155864797 1
30 F -69.7155864797 1
30 G -69.7155864797 1
30 H -69.7155864797 1
30 I -69.7155864797 1
30 K -69.7155864797 1
30 L -69.7155864797 1
30 M -69.7155864797 1
30 N -69.7155864797 1
30 P -69.7155864797 1
30 Q -69.7155864797 1
30 R -69.7155864797 1
30 S -69.7155864797 1
30 T -69.7155864797 1
30 V -69.7155864797 1
30 W -69.7155864797 1
30 Y -69.7155864797 1
31 A -67.8819945173 0
31 C -67.553748375 0
31 D -67.9004451248 0
31 E -70.4301723335 0
31 F -63.1061162872 0
31 G -65.5448797296 0
31 H -66.0019789887 0
31 I -67.3075715851 0
31 K -68.1674121092 0
31 L -69.9679106933 0
31 M -69.6144491408 0
31 N -67.0670656932 0
31 P 13.1533677381 0
31 Q -70.7607874694 1
31 R -68.7730177709 0
31 S -67.3241703273 0
31 T -69.2211843048 0
31 V -67.2313011606 0
31 W -64.2595300707 0
31 Y -62.819749697 0
32 A -63.5746935879 0
32 C -63.8027371425 0
32 D -63.0029035659 0
32 E -65.3116982943 0
32 F -62.0145351902 0
32 G -62.3977670197 0
32 H -63.9620533374 0
32 I -64.0444522378 0
32 K -63.5951691122 0
32 L -67.1205914579 0
32 M -65.1161214242 0
32 N -64.6187483357 0
32 P -65.4432522653 0
32 Q -64.5070505175 0
32 R -63.8054701965 0
32 S -65.0996022362 0
32 T -66.8937524287 1
32 V -64.0173559527 0
32 W -62.9814236519 0
32 Y -62.1082559193 0
33 A -57.730419561 0
33 C -58.4912479238 0
33 D -58.2191876664 0
33 E -56.7221950183 0
33 F -67.6743720245 1
33 G -55.1380907541 0
33 H -61.5121339284 0
33 I -55.267155304 0
33 K -53.6384663233 0
33 L -41.5218672393 0
33 M -61.3847450539 0
33 N -56.6463747667 0
33 P -10.3637945488 0
33 Q -54.6053534867 0
33 R -53.3737339067 0
33 S -58.140250278 0
33 T -59.4571910118 0
33 V -56.3728722889 0
33 W -56.1293362 0
33 Y -62.2510897377 0
34 A -62.8033655237 0
34 C -61.8398421399 0
34 D -64.5303019507 0
34 E -65.5677407393 0
34 F -55.4908630584 0
34 G -59.2858105345 0
34 H -62.9661367689 0
34 I -67.0028570801 0
34 K -63.083766672 0
34 L -62.8178544361 0
34 M -62.1903044585 0
34 N -62.6243107068 0
34 P -57.169297879 0
34 Q -62.9339140135 0
34 R -63.022409343 0
34 S -63.4416391157 0
34 T -65.3093485602 0
34 V -66.9615139352 1
34 W -60.5235828438 0
34 Y -54.0730047007 0
35 A -62.8413045487 0
35 C -61.7638538041 0
35 D -64.0680100262 0
35 E -58.5141851846 0
35 F -69.5235395326 0
35 G -58.707755205 0
35 H -66.7714693417 0
35 I -38.288363929 0
35 K -51.1560355958 0
35 L -63.6330361751 0
35 M -64.2436452011 0
35 N -60.3746479935 0
35 P 36.1676981414 0
35 Q -59.7685745852 0
35 R -37.6154538248 0
35 S -61.8315081425 0
35 T -60.0227131822 0
35 V -60.081332266 0
35 W -65.8922040023 0
35 Y -67.845102084 1
36 A -17.9780795689 0
36 C -9.89895236332 0
36 D 13.7264903607 0
36 E -3.89904253976 0
36 F 53.0326734746 0
36 G -69.5732854918 1
36 H -7.95850246485 0
36 I 179.731079737 0
36 K -3.83779582616 0
36 L 237.568494876 0
36 M -12.0265427602 0
36 N -26.6669915421 0
36 P 386.884641057 0
36 Q -5.11335667024 0
36 R -17.3904601175 0
36 S -19.0069726165 0
36 T -6.36936223018 0
36 V 69.3262933117 0
36 W 79.5303632146 0
36 Y 54.6477895435 0
37 A -49.4984739619 0
37 C -42.4404359729 0
37 D -50.0653072314 0
37 E 18.6426050273 0
37 F 400.166083839 0
37 G -69.1584540602 1
37 H 13.4947141079 0
37 I 28.5089051492 0
37 K -38.3211007622 0
37 L 25.6164413579 0
37 M -42.482445911 0
37 N -52.7622125414 0
37 P 84.0679840714 0
37 Q 18.3230263154 0
37 R -48.623563421 0
37 S -48.421797729 0
37 T -21.1740663469 0
37 V 3.82766567506 0
37 W 47.4976830871 0
37 Y 228.062876776 0
38 A -67.047944023 1
38 C -67.047944023 1
38 D -67.047944023 1
38 E -67.047944023 1
38 F -67.047944023 1
38 G -67.047944023 1
38 H -67.047944023 1
38 I -67.047944023 1
38 K -67.047944023 1
38 L -67.047944023 1
38 M -67.047944023 1
38 N -67.047944023 1
38 P -67.047944023 1
38 Q -67.047944023 1
38 R -67.047944023 1
38 S -67.047944023 1
38 T -67.047944023 1
38 V -67.047944023 1
38 W -67.047944023 1
38 Y -67.047944023 1
39 A -68.2956853006 0
39 C -65.3608339713 0
39 D -70.6511200844 0
39 E -68.5083057818 0
39 F -66.6143441168 0
39 G -65.6273661912 0
39 H -68.7088311025 0
39 I -36.5171792958 0
39 K -70.3310266906 0
39 L -68.8537406289 0
39 M -68.0224249384 0
39 N -70.0276225742 0
39 P 11.6900016207 0
39 Q -68.0691484988 0
39 R -69.7622208744 1
39 S -67.1230304208 0
39 T -63.9833251075 0
39 V -55.5625379129 0
39 W -66.7571181726 0
39 Y -66.450577505 0
40 A -68.5371472241 1
40 C -64.0480545847 0
40 D -64.1504092329 0
40 E -66.2438146081 0
40 F -64.8499595671 0
40 G -66.6502248038 0
40 H -66.7887899336 0
40 I -43.0263913566 0
40 K -67.259711732 0
40 L -60.8144289311 0
40 M -66.456747548 0
40 N -65.4441152531 0
40 P -67.7804908868 0
40 Q -65.3626467063 0
40 R -66.9478922807 0
40 S -67.3732762276 0
40 T -64.5403669532 0
40 V -61.640284817 0
40 W -63.0766133727 0
40 Y -64.8571257358 0
41 A -65.2696838701 0
41 C -63.7175921095 0
41 D -65.1202361251 0
41 E -66.902770984 0
41 F -64.2767230683 0
41 G -65.6132322967 0
41 H -65.4527852376 0
41 I -67.5476881941 0
41 K -68.2328345837 1
41 L -65.7332466643 0
41 M -66.1942970472 0
41 N -66.9428743246 0
41 P -59.4732787686 0
41 Q -67.65271536 0
41 R -67.5119474222 0
41 S -68.0842554486 0
41 T -69.3787942131 0
41 V -68.4927554502 0
41 W -67.4341844542 0
41 Y -64.2301488617 0
42 A -66.9742586961 0
42 C -63.9584522482 0
42 D -67.7005726681 0
42 E -69.3674542143 0
42 F -65.2411888321 0
42 G -64.5181438756 0
42 H -67.2267893709 0
42 I -63.7261054069 0
42 K -68.2706980519 0
42 L -68.9369479448 0
42 M -67.103208868 0
42 N -67.0027909954 0
42 P -62.9531614678 0
42 Q -66.9784405374 0
42 R -67.9887596504 1
42 S -66.9416457469 0
42 T -63.2380463896 0
42 V -64.2928244826 0
42 W -65.6636663756 0
42 Y -65.1543764273 0
43 A -60.0335814687 0
43 C -58.0948492745 0
43 D -62.4292636845 0
43 E -47.8831843088 0
43 F 517.805864406 0
43 G -56.8345038877 0
43 H 77.9951717375 0
43 I -50.0305672596 0
43 K -25.1386471218 0
43 L -52.4415075688 0
43 M -51.2172269669 0
43 N -69.8711300933 1
43 P -41.4278116201 0
43 Q -52.9389203343 0
43 R 197.148418547 0
43 S -58.643348232 0
43 T -55.0210343343 0
43 V -5.41573279774 0
43 W 948.510326738 0
43 Y 811.122355361 0
44 A -65.4316863784 0
44 C -66.1175448863 0
44 D -67.6676670333 0
44 E -61.4172698633 0
44 F 103.109272475 0
44 G -59.3046767582 0
44 H -35.9530528147 0
44 I -58.8143323887 0
44 K -38.4585169652 0
44 L -60.9651502274 0
44 M -65.2703217505 0
44 N -68.2563027923 1
44 P 257.234373869 0
44 Q -61.2774709926 0
44 R -53.0039039923 0
44 S -64.8148535442 0
44 T -62.6069117261 0
44 V -64.452281609 0
44 W -40.9784630905 0
44 Y -11.3951801278 0
45 A -60.8094265174 0
45 C -59.9349544641 0
45 D -59.7359476112 0
45 E -60.3429751398 0
45 F -70.3404854537 1
45 G -57.4793693976 0
45 H -64.8161800483 0
45 I -40.1376333068 0
45 K -59.7653597366 0
45 L -59.0110949681 0
45 M -63.9758872555 0
45 N -62.0348326044 0
45 P 31.9476487802 0
45 Q -57.7938009687 0
45 R -57.1946055611 0
45 S -58.9787604333 0
45 T -56.0778135727 0
45 V -38.4118601413 0
45 W -61.2111765624 0
45 Y -68.0449390434 0
46 A -65.4838758159 0
46 C -64.2567246936 0
46 D -66.4270689671 0
46 E -67.5012838022 0
46 F -62.747150967 0
46 G -65.3643707719 0
46 H -65.6671910942 0
46 I -64.876353332 0
46 K -68.6780047078 1
46 L -65.9048188316 0
46 M -65.6721716711 0
46 N -66.6053168824 0
46 P -64.4648374905 0
46 Q -65.4546589135 0
46 R -66.7374536431 0
46 S -66.8770461762 0
46 T -67.0415256364 0
46 V -65.2478414237 0
46 W -63.7912984609 0
46 Y -62.476906675 0
47 A -71.4122302756 0
47 C -66.9311411777 0
47 D -65.6303169488 0
47 E -67.8185950204 0
47 F -67.3822559791 0
47 G -68.5091283906 0
47 H -68.4811141512 0
47 I -56.1361487012 0
47 K -68.8857520791 0
47 L -67.7785478516 0
47 M -68.0172579154 0
47 N -66.6369222539 0
47 P -31.4980315937 0
47 Q -65.5379026404 0
47 R -70.6969383241 0
47 S -70.9839117994 1
47 T -67.4395943905 0
47 V -57.7488494314 0
47 W -65.7963239686 0
47 Y -67.2353584639 0
48 A -70.8095734132 1
48 C -67.871363093 0
48 D -67.4802006504 0
48 E -71.4652221524 0
48 F -68.8253274824 0
48 G -67.3439264878 0
48 H -68.6704846391 0
48 I -69.7796934547 0
48 K -70.6873148238 0
48 L -67.2630664749 0
48 M -69.2206318682 0
48 N -68.2456113872 0
48 P -65.3512979005 0
48 Q -68.6327897552 0
48 R -69.4656106926 0
48 S -68.4940812695 0
48 T -67.671064465 0
48 V -69.8701418138 0
48 W -70.5843092156 0
48 Y -68.7053609553 0
49 A -68.1040522379 0
49 C -64.6308110117 0
49 D -68.7784403581 0
49 E -70.644694947 1
49 F -66.5877164449 0
49 G -66.1100604569 0
49 H -67.6628239994 0
49 I -63.3923109678 0
49 K -68.2134731934 0
49 L -68.1538516824 0
49 M -66.4628506414 0
49 N -67.882644971 0
49 P -58.0613274616 0
49 Q -66.8273494853 0
49 R -66.692602023 0
49 S -67.3534351089 0
49 T -65.4505262672 0
49 V -63.6113487835 0
49 W -68.0550472168 0
49 Y -66.6492658791 0
50 A -72.5825549156 0
50 C -69.0697176377 0
50 D -74.0648076329 1
50 E -73.666931297 0
50 F -68.1981148669 0
50 G -70.836762577 0
50 H -70.3386421718 0
50 I -71.4598932884 0
50 K -69.8849118593 0
50 L -72.3024379831 0
50 M -70.9874393731 0
50 N -70.588929842 0
50 P 44.0174079993 0
50 Q -71.871428294 0
50 R -69.4577521292 0
50 S -72.1098911063 0
50 T -63.8458064443 0
50 V -69.9225395034 0
50 W -69.1876719865 0
50 Y -68.3428219366 0
51 A -72.1910093887 1
51 C -72.1910093887 1
51 D -72.4624490483 1
51 E -72.4624490483 1
51 F -71.0349629763 1
51 G -72.1910093887 1
51 H -72.1701208985 1
51 I -71.0645306447 1
51 K -72.1701208985 1
51 L -72.4624490483 1
51 M -72.4624490483 1
51 N -72.1910093887 1
51 P -71.4392603297 1
51 Q -72.4624490483 1
51 R -72.4624490483 1
51 S -72.4624490483 1
51 T -71.0349629763 1
51 V -72.4624490483 1
51 W -72.4624490483 1
51 Y -72.1701208985 1
52 A -74.1691551198 0
52 C -71.9818749854 0
52 D -72.1960634301 0
52 E -73.3889369691 0
52 F -72.9702969557 0
52 G -71.3886760813 0
52 H -74.7776228488 0
52 I -74.6043877097 0
52 K -75.0320217634 0
52 L -74.4156714837 0
52 M -73.7948156444 1
52 N -73.6597191258 0
52 P 217.247539914 0
52 Q -72.1631887023 0
52 R -73.7036316717 0
52 S -72.8442860608 0
52 T -74.2338021422 0
52 V -71.8301130805 0
52 W -75.0452045506 0
52 Y -73.5003082963 0
53 A -68.7005594054 0
53 C -65.7612080525 0
53 D -67.1613088408 0
53 E -68.1836532851 0
53 F -66.7265961991 0
53 G -67.4920632157 0
53 H -68.0578200095 0
53 I -66.1494804526 0
53 K -68.7283762978 0
53 L -68.0175221928 0
53 M -66.6467760294 0
53 N -67.9728055135 0
53 P 268.54382295 0
53 Q -67.0690337432 0
53 R -69.401768271 1
53 S -67.8846622448 0
53 T -68.5438998365 0
53 V -60.3893216275 0
53 W -66.5268992956 0
53 Y -66.5922046508 0
54 A -80.0479009095 0
54 C -77.8897461419 0
54 D -81.2216766048 0
54 E -81.0624063889 0
54 F -82.4167894034 0
54 G -77.1363117344 0
54 H -81.8973899663 0
54 I -82.5603806061 0
54 K -80.8735069603 0
54 L -78.2134978862 0
54 M -77.2912733087 0
54 N -80.8415569359 0
54 P 87.4361526118 0
54 Q -78.8617960433 0
54 R -80.8327186523 0
54 S -78.8363092761 0
54 T -81.7404510412 1
54 V -83.7599539933 0
54 W -81.372609783 0
54 Y -81.1901606003 0
55 A -74.9961396972 1
55 C -75.0167670129 1
55 D -74.5435201983 1
55 E -74.5435201983 1
55 F -73.7752688714 1
55 G -74.9961396972 1
55 H -75.0167670129 1
55 I -74.5435201983 1
55 K -74.5435201983 1
55 L -75.0167670129 1
55 M -75.0167670129 1
55 N -75.0167670129 1
55 P -75.0167670129 1
55 Q -74.5435201983 1
55 R -74.5435201983 1
55 S -75.0167670129 1
55 T -74.5435201983 1
55 V -74.9961396972 1
55 W -74.5435201983 1
55 Y -75.0167670129 1
56 A -77.4984869059 0
56 C -36.785493651 0
56 D -13.3894460167 0
56 E -74.8147178829 0
56 F -74.7251065493 0
56 G -80.403253772 1
56 H -75.0151720042 0
56 I -45.2221862546 0
56 K -20.329635818 0
56 L 67.0713095507 0
56 M -74.540240426 0
56 N 5.1542596192 0
56 P 436.020881148 0
56 Q -75.0909286026 0
56 R -75.3563126995 0
56 S -75.2288685622 0
56 T -40.9294415241 0
56 V -40.4676010744 0
56 W -73.5393894042 0
56 Y -74.3562886706 0
57 A -52.0315059505 0
57 C -46.5352322294 0
57 D -51.6777064834 0
57 E -37.3499599778 0
57 F -27.6449673732 0
57 G -71.5411027977 1
57 H -50.4444938591 0
57 I -25.2166787132 0
57 K -45.7197331215 0
57 L -47.8800885606 0
57 M -35.3549030224 0
57 N -50.2306700296 0
57 P -9.3830700749 0
57 Q -45.6649909627 0
57 R -36.5544431748 0
57 S -56.3253520519 0
57 T -40.6961797573 0
57 V -43.6112759845 0
57 W -45.5889127528 0
57 Y -47.9542750457 0
58 A -66.4124854702 1
58 C -65.381584324 0
58 D -67.9971456591 0
58 E -68.3321626264 0
58 F -64.7232632949 0
58 G -67.1757617065 0
58 H -67.0100509457 0
58 I -67.2537822764 0
58 K -68.2045219327 0
58 L -66.9798557408 0
58 M -66.7285151023 0
58 N -67.0794994056 0
58 P -69.2500239066 0
58 Q -66.6642479561 0
58 R -67.4066615851 0
58 S -67.5255660731 0
58 T -67.6429801237 0
58 V -67.1963532229 0
58 W -65.4614364062 0
58 Y -64.6144099258 0
