1 A -370.348682046 0
1 C -368.354535347 0
1 D -373.401096555 0
1 E -371.688385439 0
1 F -368.955871079 0
1 G -371.334795521 0
1 H -371.594017372 0
1 I -368.703383754 0
1 K -370.996234446 0
1 L -370.713570665 0
1 M -369.340108479 0
1 N -371.25430593 0
1 P -374.230721156 0
1 Q -369.151904252 0
1 R -370.11055789 0
1 S -372.017066637 1
1 T -368.913041455 0
1 V -368.36016226 0
1 W -369.015658994 0
1 Y -368.88153556 0
2 A -371.891609357 0
2 C -370.248854737 0
2 D -373.365374596 0
2 E -373.47084246 0
2 F -369.579718312 0
2 G -369.940260189 0
2 H -372.800419346 0
2 I -371.220210971 0
2 K -372.375991615 0
2 L -372.220787366 0
2 M -371.15228574 0
2 N -371.582188635 0
2 P -373.058089333 0
2 Q -371.26588626 0
2 R -379.479715902 0
2 S -372.758956771 1
2 T -371.726441357 0
2 V -371.048889476 0
2 W -370.429241076 0
2 Y -369.485846621 0
3 A -374.862498984 0
3 C -372.324104927 0
3 D -375.336869733 0
3 E -375.775643954 0
3 F -372.680736444 0
3 G -374.43186755 0
3 H -374.590295746 0
3 I -372.796655531 0
3 K -375.448990814 0
3 L -375.205041402 0
3 M -374.173303663 0
3 N -374.514487989 0
3 P -377.277899328 0
3 Q -373.592055077 0
3 R -374.827236304 0
3 S -376.29383332 1
3 T -374.804028778 0
3 V -372.659054625 0
3 W -381.681358624 0
3 Y -381.290306265 0
4 A -371.669442509 0
4 C -370.920432345 0
4 D -363.009182223 0
4 E -360.826389122 0
4 F -372.930379406 0
4 G -368.915019294 0
4 H -374.425256025 0
4 I -368.64649401 0
4 K -370.360754417 0
4 L -365.480088621 0
4 M -369.968277805 0
4 N -369.377597834 0
4 P -347.447666615 0
4 Q -367.364751717 0
4 R -371.221740125 0
4 S -371.599693655 0
4 T -374.133793983 0
4 V -374.891413634 1
4 W -361.984831442 0
4 Y -373.568847831 0
5 A -373.233495176 0
5 C -371.596055781 0
5 D -370.77152199 0
5 E -373.608432479 0
5 F -372.988572692 0
5 G -369.865788656 0
5 H -375.993477468 0
5 I -375.960163519 0
5 K -378.157254438 0
5 L -372.64859276 0
5 M -373.073082634 0
5 N -371.663743774 0
5 P -376.710106832 1
5 Q -373.187272986 0
5 R -378.253506995 0
5 S -373.363055292 0
5 T -372.712405455 0
5 V -372.033976065 0
5 W -379.610670791 0
5 Y -377.631707751 0
6 A -374.882239511 0
6 C -372.221564173 0
6 D -376.057483419 0
6 E -376.883341846 0
6 F -372.729908772 0
6 G -373.55830125 0
6 H -374.327046365 0
6 I -372.525117829 0
6 K -374.639793152 0
6 L -375.009503469 0
6 M -373.973739642 0
6 N -375.138804777 0
6 P -375.179456176 0
6 Q -375.139169499 0
6 R -373.863785801 0
6 S -375.23640223 1
6 T -372.913112604 0
6 V -373.37343968 0
6 W -373.831582567 0
6 Y -372.831755587 0
7 A -379.511576514 0
7 C -377.408131233 0
7 D -381.197566352 0
7 E -379.466206565 0
7 F -380.104817222 0
7 G -373.808073892 0
7 H -380.00046136 0
7 I -379.098178011 0
7 K -379.92359407 0
7 L -377.69560219 0
7 M -380.279020991 0
7 N -381.284007925 0
7 P -360.673849293 0
7 Q -379.516494092 1
7 R -381.251785028 0
7 S -381.073678046 0
7 T -357.118182471 0
7 V -378.639142746 0
7 W -377.613953464 0
7 Y -380.071848734 0
8 A -373.574163354 0
8 C -371.825855417 0
8 D -375.13268033 0
8 E -375.2148261 0
8 F -372.970703583 0
8 G -372.341330446 0
8 H -373.906400607 0
8 I -374.376971883 0
8 K -374.725221541 1
8 L -374.860724443 0
8 M -373.724370879 0
8 N -374.456747765 0
8 P -362.898644902 0
8 Q -373.330223133 0
8 R -374.441567171 0
8 S -374.951613233 0
8 T -373.909741786 0
8 V -374.430668798 0
8 W -373.642099526 0
8 Y -373.003711817 0
9 A -374.809879926 0
9 C -374.333340737 0
9 D -374.579605079 0
9 E -376.401295962 0
9 F -378.47834076 0
9 G -373.066269924 0
9 H -378.844558231 0
9 I -376.928764163 0
9 K -379.87070882 0
9 L -373.874181422 0
9 M -375.216884368 0
9 N -374.624866452 0
9 P -375.409096366 0
9 Q -379.339766492 0
9 R -380.657620682 0
9 S -375.530480023 0
9 T -377.175016742 1
9 V -377.11107425 0
9 W -379.904729767 0
9 Y -375.594322433 0
10 A -372.906290033 0
10 C -372.601697449 0
10 D -376.190706145 0
10 E -375.276127755 0
10 F -376.948336555 0
10 G -367.480661714 0
10 H -376.68852659 0
10 I -374.592488316 0
10 K -373.259836074 0
10 L -375.642176717 0
10 M -373.437224014 0
10 N -375.322463841 0
10 P -253.537927306 0
10 Q -373.41348035 0
10 R -374.644844877 0
10 S -375.295224955 0
10 T -372.702580396 0
10 V -375.378484499 0
10 W -373.348716794 0
10 Y -376.928231376 1
11 A -378.032776363 0
11 C -376.59888595 0
11 D -378.861170375 0
11 E -380.297728242 0
11 F -374.704586315 0
11 G -376.394625885 0
11 H -378.704188798 0
11 I -377.469706403 0
11 K -378.379667398 0
11 L -375.580109946 0
11 M -377.287693344 0
11 N -377.194881612 0
11 P -375.723106461 0
11 Q -378.830993446 1
11 R -378.388630153 0
11 S -379.012019634 0
11 T -379.526849832 0
11 V -377.619001758 0
11 W -377.037176238 0
11 Y -374.230252416 0
12 A -279.831413282 0
12 C -191.864393821 0
12 D -181.742432252 0
12 E 239.728730176 0
12 F 832.536922549 0
12 G -376.402359422 1
12 H -217.913712252 0
12 I 125.693748766 0
12 K 394.383826758 0
12 L 1148.53741912 0
12 M 40.4674024826 0
12 N -206.863476204 0
12 P -179.978712489 0
12 Q -165.435965093 0
12 R 106.916343281 0
12 S -294.733565133 0
12 T -263.208881292 0
12 V 152.700070448 0
12 W -186.119516411 0
12 Y -213.007099412 0
13 A -374.43229069 0
13 C -371.723168951 0
13 D -375.817252646 0
13 E -376.399093045 0
13 F -372.417423676 0
13 G -373.139327317 0
13 H -374.357776245 0
13 I -370.63390921 0
13 K -375.064092253 0
13 L -374.765443213 0
13 M -373.804642095 0
13 N -374.740856494 0
13 P -375.148321258 0
13 Q -373.875591953 0
13 R -374.531041322 0
13 S -375.612888631 1
13 T -374.332482564 0
13 V -371.147369114 0
13 W -372.869666919 0
13 Y -372.30764415 0
14 A -377.536318434 0
14 C -377.826477353 0
14 D -377.21573829 0
14 E -377.064543882 0
14 F -382.276199665 0
14 G -374.296311552 0
14 H -382.581219178 0
14 I -379.434033767 0
14 K -378.747830454 0
14 L -380.776784924 0
14 M -377.993939786 0
14 N -379.830190227 0
14 P -350.698896924 0
14 Q -377.273335671 0
14 R -378.688378641 0
14 S -378.339399319 0
14 T -380.2360853 0
14 V -381.172178809 0
14 W -379.609952871 0
14 Y -382.087185166 1
15 A -370.728293752 0
15 C -359.498612337 0
15 D -359.53843656 0
15 E -356.861610607 0
15 F -358.742927411 0
15 G -380.977209824 1
15 H -365.025816686 0
15 I -329.257042184 0
15 K -351.943194518 0
15 L -309.3982314 0
15 M -358.839323299 0
15 N -357.313698508 0
15 P -297.00833949 0
15 Q -355.325952469 0
15 R -355.221780226 0
15 S -362.095014813 0
15 T -343.612110611 0
15 V -342.046130729 0
15 W -360.165085326 0
15 Y -359.785040843 0
16 A -372.712006673 0
16 C -374.481082499 0
16 D -375.652673318 0
16 E -373.340770127 0
16 F -383.351877446 1
16 G -369.313910625 0
16 H -379.407661138 0
16 I -359.617039594 0
16 K -370.845008502 0
16 L -377.830584445 0
16 M -385.306056373 0
16 N -375.573805555 0
16 P -201.144553789 0
16 Q -383.159708586 0
16 R -382.738681288 0
16 S -372.233050476 0
16 T -372.846670423 0
16 V -350.149390983 0
16 W -339.917250579 0
16 Y -378.84079569 0
17 A -385.660757547 0
17 C -384.137765597 0
17 D -384.028343947 0
17 E -386.504560545 0
17 F -382.040128203 0
17 G -383.274373526 0
17 H -384.776941728 0
17 I -384.245192992 0
17 K -387.379722469 0
17 L -383.099631446 0
17 M -386.554666802 0
17 N -386.289447299 0
17 P -253.300428043 0
17 Q -386.070947336 0
17 R -390.032589109 1
17 S -385.290747038 0
17 T -383.371090739 0
17 V -384.646052328 0
17 W -383.643226753 0
17 Y -381.972906015 0
18 A -376.97459798 0
18 C -377.467190186 0
18 D -376.675557368 0
18 E -376.131787957 0
18 F -375.787066515 0
18 G -374.231635654 0
18 H -377.853661676 0
18 I -382.855315944 0
18 K -382.678082556 0
18 L -387.520951309 1
18 M -376.641616524 0
18 N -377.622436434 0
18 P -366.892941158 0
18 Q -376.318302497 0
18 R -348.112637805 0
18 S -377.18769418 0
18 T -379.271181341 0
18 V -380.454978534 0
18 W -359.945038321 0
18 Y -372.030176838 0
19 A -380.998137749 0
19 C -379.550429719 0
19 D -379.760695164 0
19 E -379.535423486 0
19 F -379.94517311 0
19 G -389.578456296 1
19 H -378.785308479 0
19 I -351.936936117 0
19 K -378.18954473 0
19 L -378.930999057 0
19 M -377.945999952 0
19 N -382.412467064 0
19 P -237.667325853 0
19 Q -378.607572707 0
19 R -376.848657706 0
19 S -381.592733811 0
19 T -377.270515322 0
19 V -381.550119171 0
19 W -379.147287401 0
19 Y -379.618138886 0
20 A -378.454827088 0
20 C -377.001630182 0
20 D -375.31646814 0
20 E -382.284255447 0
20 F -395.178455369 1
20 G -374.634715078 0
20 H -390.834388717 0
20 I -371.581424622 0
20 K -375.920781057 0
20 L -371.243602932 0
20 M -388.7510497 0
20 N -378.682123627 0
20 P -354.747833572 0
20 Q -384.669919275 0
20 R -373.854655477 0
20 S -377.376654152 0
20 T -378.340101682 0
20 V -373.130961512 0
20 W -394.091035501 0
20 Y -391.932016651 0
21 A -384.645832727 0
21 C -383.244453871 0
21 D -386.930557937 0
21 E -385.930780418 0
21 F -383.911882868 0
21 G -383.159224885 0
21 H -385.630285789 0
21 I -385.09630753 0
21 K -385.855846183 0
21 L -385.823927431 1
21 M -384.323268616 0
21 N -384.694152917 0
21 P -386.057247104 0
21 Q -384.120631708 0
21 R -388.678116262 0
21 S -385.38090215 0
21 T -384.911265722 0
21 V -385.746583532 0
21 W -382.558009521 0
21 Y -384.064433541 0
22 A -377.830208594 0
22 C -374.925180835 0
22 D -380.998323902 0
22 E -378.609868934 0
22 F -376.433533485 0
22 G -376.013522133 0
22 H -377.92061743 1
22 I -376.233466573 0
22 K -378.771976344 0
22 L -378.584767493 0
22 M -378.976694854 0
22 N -379.813973213 0
22 P -379.512496106 0
22 Q -378.049278007 0
22 R -378.23690397 0
22 S -377.982777438 0
22 T -376.924707975 0
22 V -376.310297457 0
22 W -375.741535929 0
22 Y -376.148665575 0
23 A -377.741248778 0
23 C -375.585858122 0
23 D -373.492903902 0
23 E -373.418263707 0
23 F -374.691316251 0
23 G -374.296752504 0
23 H -376.430939297 0
23 I -372.28894545 0
23 K -377.387771622 0
23 L -369.223750575 0
23 M -377.809047007 0
23 N -375.813732644 0
23 P -258.993938222 0
23 Q -373.984955574 0
23 R -375.106213821 0
23 S -377.884359661 1
23 T -371.120902583 0
23 V -373.754849732 0
23 W -376.065794098 0
23 Y -374.110509918 0
24 A -363.762040176 0
24 C -356.628496502 0
24 D -372.105615039 0
24 E -360.312091161 0
24 F -356.006791155 0
24 G -377.470254784 1
24 H -366.15512561 0
24 I -345.878671187 0
24 K -362.606631315 0
24 L -360.917170693 0
24 M -359.062370269 0
24 N -362.126290226 0
24 P -274.15918762 0
24 Q -361.199590544 0
24 R -359.041784791 0
24 S -366.734769641 0
24 T -357.171425863 0
24 V -345.215092814 0
24 W -361.348156454 0
24 Y -356.336843257 0
25 A -384.310255835 0
25 C -383.899454978 0
25 D -386.888371789 0
25 E -383.671630158 0
25 F -382.339173603 0
25 G -383.193642654 0
25 H -383.478352772 0
25 I -300.003634368 0
25 K -380.338883711 0
25 L -371.67921335 0
25 M -381.723573723 0
25 N -380.846442163 0
25 P -375.517240725 0
25 Q -373.670042997 0
25 R -381.57264145 0
25 S -383.366263621 0
25 T -386.370734085 1
25 V -386.678453652 0
25 W -381.64882001 0
25 Y -382.027049633 0
26 A -382.174968592 1
26 C -378.908043954 0
26 D -383.21088019 0
26 E -382.25311002 0
26 F -379.559809289 0
26 G -380.896852454 0
26 H -385.077223108 0
26 I -379.225039816 0
26 K -381.937297844 0
26 L -381.507114352 0
26 M -380.496889677 0
26 N -381.502841101 0
26 P -371.393029784 0
26 Q -379.976907161 0
26 R -381.848629754 0
26 S -382.620511022 0
26 T -380.010179515 0
26 V -379.455521904 0
26 W -380.257531365 0
26 Y -379.453188452 0
27 A -383.296789547 0
27 C -380.389963273 0
27 D -388.484293467 0
27 E -391.493645802 0
27 F -382.499056991 0
27 G -382.499635185 0
27 H -384.932065886 0
27 I -387.236916603 0
27 K -384.355080399 1
27 L -387.088663447 0
27 M -389.469880407 0
27 N -388.614362729 0
27 P -384.294539016 0
27 Q -388.333632801 0
27 R -383.351257287 0
27 S -385.029306607 0
27 T -387.948343671 0
27 V -384.761673117 0
27 W -384.521783504 0
27 Y -382.56701026 0
28 A -379.167440613 0
28 C -378.194270528 0
28 D -383.110054745 0
28 E -382.010746116 0
28 F -379.903431498 0
28 G -378.648927702 0
28 H -381.414787256 0
28 I -379.181912949 0
28 K -380.626544021 0
28 L -380.316950113 0
28 M -379.197181632 0
28 N -380.680570554 0
28 P -361.27684882 0
28 Q -379.201200962 0
28 R -380.227489609 0
28 S -381.10604939 1
28 T -380.503292421 0
28 V -379.476230536 0
28 W -381.637063014 0
28 Y -379.798838601 0
29 A -379.171905402 0
29 C -378.949860475 0
29 D -375.018373714 0
29 E -376.711427403 0
29 F -336.987459782 0
29 G -375.537623475 0
29 H -366.049862865 0
29 I -380.084759717 0
29 K -372.782716135 0
29 L -373.459665825 0
29 M -378.096382038 0
29 N -378.550853927 0
29 P -176.052116428 0
29 Q -377.70457059 0
29 R -379.196370129 0
29 S -378.800598659 0
29 T -378.323865978 0
29 V -382.87124353 1
29 W -348.09618762 0
29 Y -344.585854546 0
30 A -378.723550785 0
30 C -376.854047601 0
30 D -377.750180064 0
30 E -380.789006531 0
30 F -377.275802195 0
30 G -377.206611196 0
30 H -379.797287175 0
30 I -377.695326423 0
30 K -379.391264396 0
30 L -379.873433199 0
30 M -378.014382894 0
30 N -377.746183402 0
30 P -374.401283512 0
30 Q -378.984864926 0
30 R -379.564104083 0
30 S -380.182936212 0
30 T -380.314398798 1
30 V -377.921065898 0
30 W -377.632113525 0
30 Y -377.841306846 0
31 A -379.047673314 0
31 C -379.927314334 1
31 D -379.530848032 0
31 E -379.020539183 0
31 F -380.297228912 0
31 G -374.216620332 0
31 H -379.933897 0
31 I -379.673915154 0
31 K -376.782712727 0
31 L -368.080006745 0
31 M -383.072874385 0
31 N -381.954774441 0
31 P -333.709856603 0
31 Q -379.903320398 0
31 R -377.556191603 0
31 S -379.23654914 0
31 T -380.766568233 0
31 V -379.891384379 0
31 W -378.195895595 0
31 Y -379.552767835 0
32 A -377.209319216 0
32 C -375.55511423 0
32 D -368.622902856 0
32 E -365.892597518 0
32 F 136.734342178 0
32 G -374.053783517 0
32 H -320.392814898 0
32 I -358.484759881 0
32 K -262.327832246 0
32 L -226.793321124 0
32 M -333.393915211 0
32 N -372.656375756 0
32 P -345.153979212 0
32 Q -354.751340224 0
32 R -238.580896182 0
32 S -377.275459033 0
32 T -381.295070102 1
32 V -375.332312739 0
32 W -154.025506475 0
32 Y 150.898010221 0
33 A -366.604298274 0
33 C -373.134562161 0
33 D -370.364390725 0
33 E -371.945425099 0
33 F -383.366238667 0
33 G -362.157915947 0
33 H -379.777631386 0
33 I -373.473273659 0
33 K -374.413088291 0
33 L -349.886613564 0
33 M -378.47528579 0
33 N -374.072450294 0
33 P -354.119317001 0
33 Q -369.83996198 0
33 R -357.9680106 0
33 S -366.352458385 0
33 T -375.34387269 0
33 V -376.708986255 0
33 W -381.594328028 0
33 Y -382.815532267 1
34 A -384.813183181 0
34 C -381.304584912 0
34 D -381.191767516 0
34 E -371.281163686 0
34 F -365.405187959 0
34 G -374.732535861 0
34 H -368.380291022 0
34 I -353.923782 0
34 K -327.114887321 0
34 L -241.350846272 0
34 M -356.965063515 0
34 N -367.431026328 0
34 P -291.032331585 0
34 Q -361.191148489 0
34 R -366.288284208 0
34 S -384.820389841 1
34 T -364.514619144 0
34 V -366.640192833 0
34 W -334.911184411 0
34 Y -362.715421884 0
35 A -383.858966113 0
35 C -380.784451844 0
35 D -385.274260767 0
35 E -384.668549288 0
35 F -381.227189994 0
35 G -382.725411618 0
35 H -385.108674207 0
35 I -381.561186517 0
35 K -383.921152312 0
35 L -383.354442372 0
35 M -382.709227566 0
35 N -382.423465564 0
35 P -384.802795668 1
35 Q -383.204085839 0
35 R -384.01581563 0
35 S -385.062907974 0
35 T -382.271527395 0
35 V -381.441832693 0
35 W -384.809560152 0
35 Y -382.745913079 0
36 A -380.484424416 1
36 C -377.931610621 0
36 D -381.889846421 0
36 E -381.904668844 0
36 F -379.548015192 0
36 G -379.251092917 0
36 H -380.786603177 0
36 I -379.062264352 0
36 K -381.557524907 0
36 L -381.532313621 0
36 M -380.361090833 0
36 N -380.989456838 0
36 P -364.192426838 0
36 Q -380.699791538 0
36 R -381.619775209 0
36 S -381.273654502 0
36 T -380.285936377 0
36 V -379.363263904 0
36 W -380.118196465 0
36 Y -379.419628754 0
37 A -373.51867412 0
37 C -373.971429095 0
37 D -372.573807216 0
37 E -371.689730851 0
37 F -314.504935634 0
37 G -371.050999033 0
37 H -373.975486188 0
37 I -373.026825774 0
37 K -378.666011683 0
37 L -380.716863847 1
37 M -374.950684901 0
37 N -376.758915904 0
37 P -347.396221101 0
37 Q -376.712626848 0
37 R -379.879161682 0
37 S -376.977460472 0
37 T -375.09962366 0
37 V -372.918122522 0
37 W -341.512734057 0
37 Y -219.579487107 0
38 A -378.210319317 0
38 C -376.419067182 0
38 D -377.192016682 0
38 E -379.111928077 0
38 F -377.736351064 0
38 G -379.008688612 0
38 H -376.636470556 0
38 I -360.955521016 0
38 K -380.854533567 0
38 L -379.041642292 0
38 M -377.059626949 0
38 N -384.034449206 1
38 P -313.986782743 0
38 Q -380.142723221 0
38 R -379.660995839 0
38 S -377.73291496 0
38 T -374.426908087 0
38 V -367.048914444 0
38 W -376.409252237 0
38 Y -377.46607249 0
39 A -380.233609913 0
39 C -385.649915836 0
39 D -377.152163692 0
39 E -382.955820871 0
39 F -348.488714817 0
39 G -374.212869075 0
39 H -376.828754871 0
39 I -380.227522255 0
39 K -389.298674137 1
39 L -380.549712281 0
39 M -383.475426998 0
39 N -383.21098708 0
39 P -148.950158481 0
39 Q -384.955152878 0
39 R -382.337862372 0
39 S -384.13690837 0
39 T -385.748989144 0
39 V -380.211264867 0
39 W -348.71290799 0
39 Y -272.956205336 0
40 A -377.82679106 0
40 C -376.99549673 0
40 D -376.175166355 0
40 E -381.355628891 0
40 F -366.127383905 0
40 G -374.906083756 0
40 H -367.183577829 0
40 I -382.350768621 0
40 K -383.489729153 0
40 L -388.066517072 0
40 M -384.812504985 1
40 N -377.483037401 0
40 P -276.129340574 0
40 Q -381.834886456 0
40 R -374.813312776 0
40 S -378.689793297 0
40 T -381.157492261 0
40 V -385.660511461 0
40 W -376.619190913 0
40 Y -352.748292051 0
41 A -373.177153149 0
41 C -373.207716415 0
41 D -369.132669609 0
41 E -371.980795817 0
41 F -387.339199758 1
41 G -367.687575929 0
41 H -380.729493641 0
41 I -348.530156387 0
41 K -369.504015511 0
41 L -373.832403307 0
41 M -378.991750344 0
41 N -373.70383175 0
41 P -304.801686861 0
41 Q -374.119608686 0
41 R -364.739016762 0
41 S -372.27923958 0
41 T -371.325963337 0
41 V -343.394958304 0
41 W -370.837507092 0
41 Y -379.861595815 0
42 A -383.801301532 0
42 C -387.214065912 1
42 D -380.135172319 0
42 E -378.992460331 0
42 F -350.255534728 0
42 G -378.752739259 0
42 H -345.287231717 0
42 I -372.507371862 0
42 K -363.512639078 0
42 L -369.039241117 0
42 M -386.223651183 0
42 N -385.446755902 0
42 P -338.637240518 0
42 Q -379.875729303 0
42 R -325.120624957 0
42 S -385.992039885 0
42 T -385.957435781 0
42 V -382.747950759 0
42 W -285.738769345 0
42 Y -355.459097399 0
43 A -379.624333539 0
43 C -379.307909771 0
43 D -378.211618056 0
43 E -380.356752283 0
43 F -376.194161845 0
43 G -378.488160753 0
43 H -380.389955796 0
43 I -377.178046714 0
43 K -385.594323001 0
43 L -373.977083486 0
43 M -386.508851125 0
43 N -378.337635514 0
43 P -224.456257804 0
43 Q -382.224327804 1
43 R -386.300947137 0
43 S -378.61244523 0
43 T -375.897762919 0
43 V -378.566283493 0
43 W -366.124800929 0
43 Y -376.032791978 0
44 A -374.885431164 0
44 C -376.821416722 0
44 D -376.635028725 0
44 E -378.574651868 0
44 F -234.289450175 0
44 G -372.371398304 0
44 H -370.696546356 0
44 I -380.363690906 0
44 K -377.119500104 0
44 L -379.842441495 1
44 M -378.354792849 0
44 N -377.319778086 0
44 P -377.245475806 0
44 Q -376.910522782 0
44 R -379.267204654 0
44 S -376.669706248 0
44 T -377.791301502 0
44 V -378.154515118 0
44 W -349.664224204 0
44 Y -234.979358082 0
45 A -381.743364886 1
45 C -378.423118649 0
45 D -379.840244605 0
45 E -374.926689867 0
45 F -376.738745972 0
45 G -382.472121726 0
45 H -374.607481735 0
45 I -362.806604325 0
45 K -379.759237507 0
45 L -374.670464091 0
45 M -379.162061314 0
45 N -382.693196052 0
45 P -264.057581354 0
45 Q -378.605177333 0
45 R -380.003501824 0
45 S -380.799259432 0
45 T -363.723086084 0
45 V -353.049964215 0
45 W -372.633731725 0
45 Y -377.090791329 0
46 A -384.420255827 0
46 C -384.033800153 0
46 D -378.472542336 0
46 E -384.00659071 0
46 F -380.06477157 0
46 G -382.189013092 0
46 H -382.993516464 0
46 I -366.978954928 0
46 K -385.388595701 1
46 L -374.824342976 0
46 M -384.391509727 0
46 N -381.54496532 0
46 P -130.815476755 0
46 Q -384.966595886 0
46 R -384.39319712 0
46 S -383.542624688 0
46 T -383.634953793 0
46 V -366.822906669 0
46 W -371.349828547 0
46 Y -381.155196065 0
47 A -380.687388536 0
47 C -379.708547894 0
47 D -382.140053528 0
47 E -379.741887514 0
47 F -375.25421947 0
47 G -378.553604841 0
47 H -358.842565815 0
47 I -382.087365282 0
47 K -379.454930229 0
47 L -374.297387473 0
47 M -379.782735754 0
47 N -379.060621627 0
47 P -382.234071563 0
47 Q -379.013595355 0
47 R -378.97259778 0
47 S -381.503552951 0
47 T -382.68309233 1
47 V -379.479539032 0
47 W -378.921909633 0
47 Y -375.157071764 0
48 A -378.813943933 0
48 C -381.162465555 1
48 D -379.167785059 0
48 E -352.146534246 0
48 F -341.342186392 0
48 G -364.789363011 0
48 H -366.907673697 0
48 I -367.59792806 0
48 K -338.276594277 0
48 L -359.464794516 0
48 M -348.194612374 0
48 N -383.190014022 0
48 P -34.6942916459 0
48 Q -346.73092269 0
48 R -336.936404628 0
48 S -378.066697089 0
48 T -383.020202244 0
48 V -296.65984995 0
48 W 127.8660498 0
48 Y -243.192024441 0
49 A -382.449811414 0
49 C -380.545645177 0
49 D -381.892616808 0
49 E -381.024331944 0
49 F -367.363319452 0
49 G -379.589872696 0
49 H -375.864660856 0
49 I -380.77239322 0
49 K -374.815264772 0
49 L -377.376332423 0
49 M -380.013799798 0
49 N -379.209513697 0
49 P -385.202823403 1
49 Q -380.273868178 0
49 R -379.7203692 0
49 S -380.929226577 0
49 T -374.065405114 0
49 V -379.439158324 0
49 W -379.61819111 0
49 Y -366.133379188 0
50 A -375.750010007 0
50 C -377.259073464 0
50 D -373.493323875 0
50 E -375.927528734 0
50 F -367.515775943 0
50 G -372.326795896 0
50 H -374.383342421 0
50 I -383.650993117 0
50 K -362.022679675 0
50 L -382.888840263 0
50 M -373.313775466 0
50 N -376.460053306 0
50 P -239.528121216 0
50 Q -367.937454904 0
50 R -373.481999099 0
50 S -376.919029611 0
50 T -380.934245363 0
50 V -384.837367889 1
50 W -366.74174949 0
50 Y -363.093561103 0
51 A -383.328719092 0
51 C -386.471160339 0
51 D -385.536916852 0
51 E -389.817986595 0
51 F -383.388631646 0
51 G -379.393811993 0
51 H -387.359657771 0
51 I -378.57765582 0
51 K -385.838847193 0
51 L -389.082717449 0
51 M -385.640907425 0
51 N -387.061958493 0
51 P -263.382417341 0
51 Q -390.042202631 1
51 R -385.969480069 0
51 S -385.530561434 0
51 T -380.57302284 0
51 V -384.654922671 0
51 W -384.51767959 0
51 Y -381.62283834 0
52 A -383.622429794 0
52 C -384.287445995 0
52 D -384.804849465 0
52 E -384.537852916 0
52 F -378.567819712 0
52 G -377.695475336 0
52 H -376.857744313 0
52 I -389.198772907 0
52 K -374.683399257 0
52 L -389.912947321 1
52 M -386.985102339 0
52 N -387.074375432 0
52 P -282.886156953 0
52 Q -383.240909849 0
52 R -381.101648128 0
52 S -384.278254235 0
52 T -385.207544791 0
52 V -388.248791437 0
52 W -343.725888526 0
52 Y -377.291091124 0
53 A -385.82422196 0
53 C -385.413482433 0
53 D -385.117325183 0
53 E -387.459480098 0
53 F -374.865957698 0
53 G -382.131989014 0
53 H -388.847911578 0
53 I -389.876740558 0
53 K -387.38367102 0
53 L -390.605897412 0
53 M -387.036798215 0
53 N -386.046178455 0
53 P -235.521775638 0
53 Q -387.1607022 0
53 R -389.046509861 0
53 S -385.594895729 0
53 T -384.348313148 0
53 V -390.21043889 0
53 W -392.443453694 1
53 Y -376.680003687 0
54 A -381.833976565 0
54 C -379.536820967 0
54 D -380.458457028 0
54 E -379.300374676 0
54 F -372.869157529 0
54 G -375.445975825 0
54 H -379.117614231 0
54 I -375.053103739 0
54 K -370.662201773 0
54 L -381.597127956 0
54 M -381.459245365 0
54 N -380.570322799 0
54 P -354.445164098 0
54 Q -378.677729629 0
54 R -379.258399548 0
54 S -380.98997215 0
54 T -381.025657851 0
54 V -383.873394049 1
54 W -364.031114759 0
54 Y -364.409235928 0
55 A -375.607882017 0
55 C -373.002465356 0
55 D -379.677317793 1
55 E -378.334270813 0
55 F -373.076530277 0
55 G -373.44131445 0
55 H -373.898615105 0
55 I -374.678782669 0
55 K -375.989303203 0
55 L -377.301737169 0
55 M -375.491241996 0
55 N -376.213655352 0
55 P -143.537792094 0
55 Q -374.012091063 0
55 R -375.673073295 0
55 S -376.240648481 0
55 T -376.535646092 0
55 V -374.768436411 0
55 W -373.882631444 0
55 Y -373.293603532 0
56 A -378.419712846 0
56 C -375.711632198 0
56 D -378.690806284 0
56 E -378.932951925 0
56 F -378.828623898 0
56 G -374.78911826 0
56 H -379.708782522 0
56 I -378.082323994 0
56 K -379.32939771 0
56 L -378.597194038 0
56 M -378.46574264 0
56 N -377.623751728 0
56 P -295.451708748 0
56 Q -377.895911184 0
56 R -380.813755274 0
56 S -378.374444157 1
56 T -377.940472365 0
56 V -378.487653885 0
56 W -378.347009398 0
56 Y -378.939077616 0
57 A -377.542190538 0
57 C -377.470139139 0
57 D -380.236682133 0
57 E -383.991390265 0
57 F -377.524397767 0
57 G -375.591759234 0
57 H -379.484398759 0
57 I -379.187892595 0
57 K -378.584553844 0
57 L -382.575221149 0
57 M -378.468087079 0
57 N -379.298103873 0
57 P -378.431363293 0
57 Q -383.141349153 0
57 R -379.503341957 0
57 S -379.537678591 0
57 T -379.091658991 1
57 V -378.513745708 0
57 W -378.515754975 0
57 Y -376.050858108 0
58 A -373.64563346 0
58 C -370.005243991 0
58 D -368.002670754 0
58 E -368.870457592 0
58 F -372.235870433 0
58 G -371.68292276 0
58 H -365.039389664 0
58 I -357.950842025 0
58 K -358.769205428 0
58 L -367.760200504 0
58 M -366.97013533 0
58 N -370.652060497 0
58 P -378.039039203 1
58 Q -367.850517738 0
58 R -293.144650967 0
58 S -371.549465259 0
58 T -373.781441744 0
58 V -372.720217335 0
58 W -365.49312116 0
58 Y -362.55758453 0
59 A -371.824876234 0
59 C -369.541105636 0
59 D -372.946107317 0
59 E -373.228815891 0
59 F -368.45255539 0
59 G -371.098434022 0
59 H -370.942517575 0
59 I -370.464763943 0
59 K -372.480582576 0
59 L -372.419958833 0
59 M -371.03075199 0
59 N -371.414655782 0
59 P -376.107561103 1
59 Q -371.063330131 0
59 R -372.318185379 0
59 S -373.469475802 0
59 T -372.66977763 0
59 V -371.557679084 0
59 W -369.515336134 0
59 Y -367.689978783 0
60 A -369.474433739 0
60 C -366.961103183 0
60 D -370.897812706 0
60 E -370.917907018 0
60 F -368.061765998 0
60 G -368.830899316 0
60 H -370.134463512 0
60 I -367.816975147 0
60 K -369.965841596 0
60 L -369.533207346 0
60 M -368.46371444 0
60 N -369.225750507 0
60 P -372.846719316 1
60 Q -368.437825458 0
60 R -369.341110873 0
60 S -370.7147698 0
60 T -368.535783533 0
60 V -367.793429611 0
60 W -368.798926995 0
60 Y -368.731241876 0
61 A -355.402138982 0
61 C -349.576205286 0
61 D -356.061520452 0
61 E -355.858536043 0
61 F -354.059814818 0
61 G -373.738988878 1
61 H -355.373070299 0
61 I -314.863258157 0
61 K -356.991716355 0
61 L -353.80443202 0
61 M -350.704439527 0
61 N -357.641667456 0
61 P -258.3780823 0
61 Q -355.611439304 0
61 R -354.794081173 0
61 S -353.072623393 0
61 T -349.458292591 0
61 V -320.843792949 0
61 W -352.224258133 0
61 Y -354.381289011 0
62 A -375.652257319 0
62 C -373.654638404 0
62 D -366.483343588 0
62 E -330.505426093 0
62 F -330.319797189 0
62 G -370.754556055 0
62 H -314.322132283 0
62 I -318.263692238 0
62 K -336.790241284 0
62 L -260.458891965 0
62 M -291.020342484 0
62 N -367.167987668 0
62 P -266.607865365 0
62 Q -282.06992889 0
62 R -162.238575541 0
62 S -373.4908944 0
62 T -376.621578364 1
62 V -363.285632329 0
62 W -310.83759021 0
62 Y -329.75246162 0
63 A -377.295230898 0
63 C -377.112782718 0
63 D -374.159900465 0
63 E -377.433324835 0
63 F -381.588131912 0
63 G -375.035382569 0
63 H -379.14071943 0
63 I -330.623797672 0
63 K -379.682591146 0
63 L -379.724653961 0
63 M -379.532606807 0
63 N -377.803053365 0
63 P -288.701613921 0
63 Q -379.431244345 0
63 R -379.827029775 1
63 S -376.482138789 0
63 T -375.243337959 0
63 V -376.231664254 0
63 W -375.879239288 0
63 Y -380.61748868 0
64 A -372.557114283 0
64 C -373.613524611 0
64 D -375.542527933 0
64 E -372.593002044 0
64 F -347.906744563 0
64 G -367.057036646 0
64 H -362.903597056 0
64 I -382.361776222 0
64 K -358.243555738 0
64 L -372.837967973 0
64 M -376.926353468 0
64 N -377.329604201 0
64 P -315.618777586 0
64 Q -367.390551261 0
64 R -357.748184548 0
64 S -371.602905895 0
64 T -379.355132379 0
64 V -384.421655089 1
64 W -349.49721686 0
64 Y -317.727018257 0
65 A -374.042730692 0
65 C -373.256330754 0
65 D -370.501104742 0
65 E -373.797565814 0
65 F -332.643997646 0
65 G -369.582158542 0
65 H -361.186838505 0
65 I -372.662285589 0
65 K -374.762596759 0
65 L -374.300363385 0
65 M -375.717303914 0
65 N -371.842475877 0
65 P -310.357433849 0
65 Q -373.151609913 0
65 R -379.646275637 1
65 S -374.642886128 0
65 T -375.134239214 0
65 V -372.712175105 0
65 W -361.75375283 0
65 Y -353.029826784 0
66 A -377.89788579 1
66 C -373.109970651 0
66 D -369.268649775 0
66 E -366.499552703 0
66 F -362.26738449 0
66 G -371.664072446 0
66 H -363.951340674 0
66 I -368.653801877 0
66 K -352.457684956 0
66 L -360.524964969 0
66 M -366.610887388 0
66 N -371.875514106 0
66 P -319.076805384 0
66 Q -366.018648749 0
66 R -347.218797452 0
66 S -376.96104544 0
66 T -373.687164579 0
66 V -373.456494393 0
66 W -357.93172605 0
66 Y -364.385317052 0
67 A -377.259746488 0
67 C -381.008599283 0
67 D -376.150083879 0
67 E -381.728962665 0
67 F -370.416806127 0
67 G -374.409281644 0
67 H -380.281927754 0
67 I -382.271422031 0
67 K -384.708537517 0
67 L -380.702585934 0
67 M -384.148575218 1
67 N -377.76325233 0
67 P -339.509597168 0
67 Q -381.821026252 0
67 R -387.520415058 0
67 S -377.184260459 0
67 T -381.358657415 0
67 V -383.062018061 0
67 W -344.601835852 0
67 Y -370.996149023 0
68 A -382.288880625 1
68 C -374.410669385 0
68 D -373.584177022 0
68 E -372.099682228 0
68 F -353.922368374 0
68 G -374.961133436 0
68 H -232.500696536 0
68 I -363.128157279 0
68 K -363.285749709 0
68 L -377.220448071 0
68 M -377.269998632 0
68 N -371.754925845 0
68 P -377.676962217 0
68 Q -370.947706881 0
68 R -315.53650697 0
68 S -380.144596424 0
68 T -371.127162105 0
68 V -378.909782692 0
68 W -353.625676255 0
68 Y 202.003435623 0
69 A -374.587441472 0
69 C -374.280273572 0
69 D -372.19791268 0
69 E -374.142126056 0
69 F -363.590137232 0
69 G -371.280105932 0
69 H -364.233906822 0
69 I -382.445609594 1
69 K -375.70406247 0
69 L -375.144523936 0
69 M -376.891850569 0
69 N -374.448890786 0
69 P -341.37860017 0
69 Q -375.95572866 0
69 R -366.851623461 0
69 S -375.956629754 0
69 T -379.570765591 0
69 V -381.773247396 0
69 W -336.914448192 0
69 Y -355.630309137 0
70 A -375.464850682 0
70 C -375.687388294 0
70 D -374.435058589 0
70 E -375.117215308 0
70 F -386.254467999 0
70 G -372.394001626 0
70 H -380.383584431 0
70 I -370.523885773 0
70 K -371.164338884 0
70 L -375.354973847 0
70 M -377.541606115 0
70 N -377.7955653 0
70 P -374.237994021 0
70 Q -374.423362663 0
70 R -366.98159373 0
70 S -374.910019629 0
70 T -372.613239658 0
70 V -374.536693582 0
70 W -254.285401654 0
70 Y -384.650645198 1
71 A -377.267540872 0
71 C -373.185828801 0
71 D -373.254594792 0
71 E -374.489625318 0
71 F -370.566582372 0
71 G -373.576935539 0
71 H -374.490637998 0
71 I -366.601011765 0
71 K -377.938263933 1
71 L -373.846857947 0
71 M -375.178215558 0
71 N -374.334906706 0
71 P -90.5748190956 0
71 Q -374.7200252 0
71 R -376.399166863 0
71 S -374.74422313 0
71 T -374.099142747 0
71 V -364.473750887 0
71 W -372.376712304 0
71 Y -373.726415447 0
72 A -376.118284174 0
72 C -374.213366446 0
72 D -376.640341356 0
72 E -376.0899139 0
72 F -373.346307536 0
72 G -373.817935952 0
72 H -374.543967467 0
72 I -368.588985397 0
72 K -374.711052321 0
72 L -378.005057389 0
72 M -375.231064188 0
72 N -376.131206876 0
72 P -361.930463713 0
72 Q -375.236995463 1
72 R -373.794858596 0
72 S -374.999734933 0
72 T -372.479156803 0
72 V -373.028817982 0
72 W -375.365779236 0
72 Y -372.756351352 0
73 A -373.387525599 0
73 C -370.866585044 0
73 D -374.791063655 0
73 E -376.14151808 0
73 F -372.30674522 0
73 G -372.831117767 0
73 H -373.850491262 0
73 I -372.858589108 0
73 K -374.98253414 0
73 L -375.234274906 0
73 M -374.677486342 0
73 N -374.076321936 0
73 P -374.095031169 0
73 Q -373.833660363 0
73 R -374.472362157 0
73 S -373.904130207 1
73 T -372.711099518 0
73 V -372.476158764 0
73 W -375.907608646 0
73 Y -372.304088937 0
74 A -371.837833742 0
74 C -370.991896339 0
74 D -372.472680646 0
74 E -373.607684737 0
74 F -369.680986034 0
74 G -371.140061605 0
74 H -371.105820678 0
74 I -371.338234843 0
74 K -372.401117216 0
74 L -372.142022116 0
74 M -371.207394247 0
74 N -372.069156108 0
74 P -355.383886077 0
74 Q -372.935479944 1
74 R -371.655166854 0
74 S -372.948532602 0
74 T -372.08257596 0
74 V -371.195974255 0
74 W -370.249964498 0
74 Y -369.663315044 0
75 A -374.648640868 0
75 C -373.246924181 0
75 D -374.891087726 0
75 E -372.038192862 0
75 F -377.451402689 0
75 G -373.175577214 0
75 H -378.563971148 1
75 I -360.994665986 0
75 K -373.44170952 0
75 L -370.734942837 0
75 M -372.746515191 0
75 N -377.035464143 0
75 P -280.943132554 0
75 Q -371.670255492 0
75 R -373.540374229 0
75 S -374.386865852 0
75 T -376.889286867 0
75 V -368.805448716 0
75 W -374.250338468 0
75 Y -378.777801941 0
76 A -379.731924966 0
76 C -376.004882694 0
76 D -375.079560068 0
76 E -371.043573857 0
76 F -59.1781152635 0
76 G -377.472987015 0
76 H -278.200572044 0
76 I -378.920885388 0
76 K -376.312327953 0
76 L -380.162389952 0
76 M -382.800158145 1
76 N -376.061180643 0
76 P -151.84610264 0
76 Q -376.442223802 0
76 R -382.884552626 0
76 S -379.353799158 0
76 T -375.632221021 0
76 V -377.369516387 0
76 W -259.627239898 0
76 Y -318.83973179 0
77 A -376.898726762 0
77 C -376.061840735 0
77 D -377.902749782 0
77 E -377.29710781 0
77 F -377.276543033 0
77 G -376.036250076 0
77 H -379.234749516 0
77 I -377.269758019 0
77 K -377.930733452 0
77 L -375.750613114 0
77 M -377.107041524 0
77 N -377.584338833 0
77 P -361.989574217 0
77 Q -377.816363853 0
77 R -377.195595856 0
77 S -378.814953104 0
77 T -379.786264907 1
77 V -377.329579762 0
77 W -378.461895979 0
77 Y -377.238066812 0
78 A -376.063258848 0
78 C -374.45145773 0
78 D -376.525332674 0
78 E -378.756467599 1
78 F -375.900405091 0
78 G -372.109104144 0
78 H -375.795701427 0
78 I -378.418855834 0
78 K -376.37509446 0
78 L -378.019479411 0
78 M -374.977542527 0
78 N -375.813450052 0
78 P -164.926658756 0
78 Q -376.236994157 0
78 R -375.064275409 0
78 S -375.682546479 0
78 T -377.221231678 0
78 V -377.932544118 0
78 W -375.195458251 0
78 Y -375.644123789 0
79 A -375.373097375 0
79 C -380.363522732 0
79 D -374.296113811 0
79 E -378.633576706 0
79 F -275.911580086 0
79 G -370.433635509 0
79 H -374.417252693 0
79 I -381.45700078 0
79 K -375.921239457 0
79 L -353.839536455 0
79 M -375.821951995 0
79 N -379.320754454 0
79 P -376.770366076 0
79 Q -379.912942441 0
79 R -382.460240805 0
79 S -380.547159264 0
79 T -382.43238686 0
79 V -384.118264522 1
79 W -365.133631306 0
79 Y -270.264041804 0
80 A -380.142280673 0
80 C -379.926368541 0
80 D -377.430281192 0
80 E -373.415046398 0
80 F -346.975742243 0
80 G -374.78202243 0
80 H -371.258472873 0
80 I -349.960633998 0
80 K -310.506140382 0
80 L -367.629762869 0
80 M -370.705263984 0
80 N -378.968904637 0
80 P -370.988122993 0
80 Q -372.086151496 0
80 R -353.791795831 0
80 S -379.848715116 0
80 T -381.473703839 0
80 V -387.149582809 1
80 W -326.469293408 0
80 Y -345.64042975 0
81 A -380.724669706 0
81 C -379.035610144 0
81 D -376.273366745 0
81 E -379.738536567 0
81 F -380.369270302 0
81 G -378.410207718 0
81 H -383.233440252 0
81 I -375.820093195 0
81 K -380.491977752 0
81 L -379.4475757 0
81 M -380.598033851 0
81 N -378.055907549 0
81 P -300.343215081 0
81 Q -378.862060161 0
81 R -382.832760396 1
81 S -381.303162757 0
81 T -379.461857716 0
81 V -374.789020034 0
81 W -378.079540115 0
81 Y -379.678632072 0
82 A -376.047924823 0
82 C -375.44725601 0
82 D -371.802472747 0
82 E -369.503911371 0
82 F -235.036443061 0
82 G -371.283107384 0
82 H -298.62240557 0
82 I -371.309755319 0
82 K -372.851472817 0
82 L -370.394923862 0
82 M -368.192312792 0
82 N -378.196837744 0
82 P -244.805540478 0
82 Q -374.948192716 0
82 R -386.993208501 1
82 S -373.810442739 0
82 T -374.226336384 0
82 V -372.296841352 0
82 W -129.836490565 0
82 Y -207.986752368 0
83 A -380.528864595 0
83 C -378.262186655 1
83 D -382.998771169 0
83 E -368.081981926 0
83 F -290.151581588 0
83 G -381.333689203 0
83 H -353.602578335 0
83 I -221.258601116 0
83 K -355.803801883 0
83 L -370.962702271 0
83 M -371.599458354 0
83 N -378.131777471 0
83 P -368.348026212 0
83 Q -363.409049042 0
83 R -365.798242891 0
83 S -380.43801094 0
83 T -377.678560746 0
83 V -362.344725697 0
83 W -323.984820878 0
83 Y -202.326341196 0
84 A -375.802737064 0
84 C -372.172040449 0
84 D -376.652082011 0
84 E -377.250284959 0
84 F -372.279454427 0
84 G -374.520389365 0
84 H -374.753181373 0
84 I -371.057111645 0
84 K -376.038799333 0
84 L -373.343729294 0
84 M -373.796663165 0
84 N -374.480354987 0
84 P -377.268696308 1
84 Q -374.635576112 0
84 R -375.415890613 0
84 S -376.243568276 0
84 T -374.677107453 0
84 V -372.495345129 0
84 W -371.485681753 0
84 Y -372.194796246 0
85 A -375.577670163 0
85 C -372.193228445 0
85 D -378.038893172 0
85 E -377.037396665 0
85 F -374.788704054 0
85 G -374.028702245 0
85 H -375.621427532 1
85 I -375.832656468 0
85 K -376.002328218 0
85 L -375.734219713 0
85 M -374.563098544 0
85 N -375.796078215 0
85 P -357.179661834 0
85 Q -375.635519884 0
85 R -376.303636464 0
85 S -375.476435582 0
85 T -375.671472388 0
85 V -375.937438734 0
85 W -374.187221554 0
85 Y -374.922562998 0
86 A -377.636504487 0
86 C -378.180655824 0
86 D -381.837812834 0
86 E -378.473496527 0
86 F -357.030569892 0
86 G -374.745669194 0
86 H -381.027076254 1
86 I -348.406874879 0
86 K -378.241928085 0
86 L -379.261625692 0
86 M -381.030915201 0
86 N -380.684748108 0
86 P -339.308458791 0
86 Q -380.550550541 0
86 R -381.8630913 0
86 S -375.216449426 0
86 T -375.167910319 0
86 V -364.258299608 0
86 W -384.259592477 0
86 Y -379.898038712 0
87 A -381.002592818 0
87 C -378.939864945 0
87 D -376.499391584 0
87 E -381.616708391 1
87 F -346.964925284 0
87 G -378.26470609 0
87 H -356.295462757 0
87 I -376.531403962 0
87 K -380.433318152 0
87 L -379.404528993 0
87 M -381.098102539 0
87 N -375.225835339 0
87 P -245.576637685 0
87 Q -379.945877904 0
87 R -378.882008237 0
87 S -381.388958574 0
87 T -378.485244774 0
87 V -378.162463793 0
87 W -303.676872475 0
87 Y -351.908073024 0
88 A -376.302560541 0
88 C -372.830537251 0
88 D -375.338404656 0
88 E -375.911515327 0
88 F -372.65942209 0
88 G -375.484410757 0
88 H -374.805721688 0
88 I -368.110633662 0
88 K -376.831749447 0
88 L -377.134673998 0
88 M -375.906262957 0
88 N -376.889248917 0
88 P -183.108660481 0
88 Q -375.443384897 0
88 R -377.215995788 1
88 S -376.082798768 0
88 T -374.50713759 0
88 V -367.914676487 0
88 W -375.44167492 0
88 Y -372.836585901 0
89 A -378.192564373 0
89 C -377.177496618 1
89 D -375.352605615 0
89 E -375.809126133 0
89 F -362.918141627 0
89 G -375.774368544 0
89 H -373.920450518 0
89 I -366.400439405 0
89 K -381.081082828 0
89 L -376.916152843 0
89 M -377.491530727 0
89 N -376.307714323 0
89 P -12.9927976378 0
89 Q -374.764969554 0
89 R -379.662118015 0
89 S -377.058194772 0
89 T -376.106386358 0
89 V -370.631894584 0
89 W -339.378801808 0
89 Y -362.359286438 0
90 A -373.087871345 0
90 C -370.042744952 0
90 D -375.487709685 0
90 E -373.775876099 0
90 F -371.576095096 0
90 G -371.925342038 0
90 H -372.891382289 0
90 I -370.038200127 0
90 K -373.992793589 0
90 L -373.621811598 0
90 M -371.982572094 0
90 N -374.66939837 0
90 P -375.274930436 0
90 Q -372.719608419 0
90 R -373.339721183 0
90 S -373.430564217 1
90 T -372.150338162 0
90 V -370.644744482 0
90 W -371.232469701 0
90 Y -370.999624338 0
91 A -365.752358031 0
91 C -364.735275614 0
91 D -374.08042115 1
91 E -371.228028462 0
91 F -366.04678303 0
91 G -364.647939198 0
91 H -368.012968173 0
91 I -364.196338615 0
91 K -370.430560229 0
91 L -371.499642038 0
91 M -371.357044531 0
91 N -367.725231209 0
91 P -99.1598287036 0
91 Q -371.005051123 0
91 R -371.767865839 0
91 S -366.211688332 0
91 T -367.485768055 0
91 V -369.395065645 0
91 W -374.653860672 0
91 Y -349.137873071 0
92 A -370.343652846 0
92 C -368.009230417 0
92 D -371.154063021 0
92 E -370.978234711 0
92 F -339.272890593 0
92 G -369.074774854 0
92 H -341.089326493 0
92 I -368.406533633 0
92 K -369.541728605 0
92 L -373.279932818 0
92 M -370.68191321 0
92 N -370.810696819 0
92 P -343.758957907 0
92 Q -369.25591708 0
92 R -370.512775147 0
92 S -372.739556368 1
92 T -370.600505501 0
92 V -368.593779893 0
92 W -306.738915802 0
92 Y -79.4475806864 0
93 A -361.143977025 0
93 C -362.364980146 0
93 D -372.753927589 1
93 E -365.624933346 0
93 F -363.894120199 0
93 G -361.183808535 0
93 H -364.711676718 0
93 I -363.402500283 0
93 K -364.447622113 0
93 L -365.932320207 0
93 M -364.711705038 0
93 N -369.824139966 0
93 P -356.191721734 0
93 Q -364.193302911 0
93 R -363.322111212 0
93 S -363.608274827 0
93 T -363.590621002 0
93 V -362.347413954 0
93 W -361.134846633 0
93 Y -363.467301873 0
94 A -364.521320612 0
94 C -361.392418846 0
94 D -365.802080619 0
94 E -364.889097867 0
94 F -365.182818818 0
94 G -372.238426253 1
94 H -366.436691627 0
94 I -349.188249633 0
94 K -366.601041514 0
94 L -365.331722462 0
94 M -363.901585688 0
94 N -366.679475049 0
94 P -291.968515857 0
94 Q -364.602337997 0
94 R -366.403569885 0
94 S -366.615631922 0
94 T -359.764766247 0
94 V -349.478741159 0
94 W -363.690603837 0
94 Y -364.642895442 0
95 A -368.027268204 0
95 C -369.404288066 0
95 D -368.813613557 0
95 E -369.828840698 0
95 F -371.862399904 0
95 G -363.874154574 0
95 H -371.902520582 0
95 I -369.511725534 0
95 K -372.552492782 0
95 L -373.858862671 1
95 M -371.199134057 0
95 N -370.215923388 0
95 P -213.063570154 0
95 Q -370.186745786 0
95 R -373.52125348 0
95 S -368.001033857 0
95 T -368.743249186 0
95 V -368.318732291 0
95 W -369.848365797 0
95 Y -371.549877332 0
96 A -373.735495757 1
96 C -369.651186584 0
96 D -366.095954617 0
96 E -355.201323647 0
96 F -207.451397087 0
96 G -369.338444018 0
96 H -329.8494477 0
96 I -317.397781361 0
96 K -301.498153324 0
96 L -372.482698204 0
96 M -362.169836582 0
96 N -374.139812027 0
96 P -339.514416033 0
96 Q -352.293224091 0
96 R -274.976436119 0
96 S -370.029995476 0
96 T -366.761821093 0
96 V -363.221726626 0
96 W 112.627402908 0
96 Y -292.202339867 0
97 A -375.043124536 0
97 C -373.071928201 0
97 D -373.764354632 0
97 E -375.036574318 0
97 F -373.856409106 0
97 G -372.660828176 0
97 H -375.28364596 0
97 I -373.384274979 0
97 K -374.673879699 0
97 L -375.062188407 0
97 M -373.631231763 0
97 N -374.046888018 0
97 P -378.759179327 1
97 Q -373.486676437 0
97 R -374.701632169 0
97 S -375.943399993 0
97 T -370.133553286 0
97 V -372.981373776 0
97 W -374.293119875 0
97 Y -373.908728648 0
98 A -380.296554729 0
98 C -378.002142599 0
98 D -379.429808131 0
98 E -381.799457821 0
98 F -378.197511507 0
98 G -378.342161798 0
98 H -380.155929358 0
98 I -379.193911938 0
98 K -381.437986014 0
98 L -381.067059433 0
98 M -378.836827639 0
98 N -380.567782018 0
98 P -381.886794636 1
98 Q -380.40478925 0
98 R -380.636446483 0
98 S -381.602252289 0
98 T -379.939160106 0
98 V -379.278978917 0
98 W -376.533865924 0
98 Y -376.846498125 0
99 A -382.222324394 0
99 C -380.525560246 0
99 D -379.719595651 0
99 E -381.535014036 0
99 F -377.014585895 0
99 G -379.842946115 0
99 H -380.212851807 0
99 I -379.248796095 0
99 K -380.475624236 0
99 L -379.898230018 0
99 M -380.294342735 0
99 N -380.279102239 0
99 P -358.183156915 0
99 Q -381.895306874 1
99 R -382.25373399 0
99 S -383.043540979 0
99 T -383.484069159 0
99 V -380.837134247 0
99 W -379.944484138 0
99 Y -376.303111608 0
100 A -380.060266537 0
100 C -380.363145332 0
100 D -379.191054308 0
100 E -376.625442155 0
100 F -381.684597359 0
100 G -377.042471871 0
100 H -382.881048201 1
100 I -382.291326845 0
100 K -366.58693211 0
100 L -378.958740468 0
100 M -378.016001585 0
100 N -380.025806877 0
100 P -308.984128721 0
100 Q -373.311992748 0
100 R -371.8205445 0
100 S -379.8775877 0
100 T -379.311224033 0
100 V -382.851684294 0
100 W -102.144577107 0
100 Y -369.330016146 0
101 A -376.956442804 0
101 C -375.44605424 0
101 D -378.534894389 0
101 E -376.415711888 0
101 F -378.77099847 0
101 G -374.179573474 0
101 H -379.586365273 0
101 I -377.209487276 0
101 K -369.226609831 0
101 L -384.24142622 1
101 M -376.628695705 0
101 N -377.89876862 0
101 P -373.281460653 0
101 Q -376.832378087 0
101 R -383.813354041 0
101 S -376.374986106 0
101 T -378.333538229 0
101 V -380.4486388 0
101 W -387.157370958 0
101 Y -378.754764461 0
102 A -367.495514535 0
102 C -368.508383083 0
102 D -364.052481108 0
102 E -367.474369783 0
102 F -364.591774683 0
102 G -363.619566578 0
102 H -359.650270442 0
102 I -377.983191082 1
102 K -347.003921781 0
102 L -371.992518083 0
102 M -372.323663419 0
102 N -367.72410579 0
102 P -358.205997272 0
102 Q -369.262114459 0
102 R -365.998205204 0
102 S -367.748110576 0
102 T -370.750212247 0
102 V -375.150146095 0
102 W -234.621563265 0
102 Y -361.570075124 0
103 A -373.074071618 0
103 C -372.743744486 0
103 D -370.306211169 0
103 E -374.830858805 0
103 F -370.086704376 0
103 G -369.754186761 0
103 H -378.767366181 0
103 I -371.004327546 0
103 K -371.003938952 0
103 L -372.091910278 0
103 M -375.846827956 0
103 N -373.559401873 0
103 P -303.446485426 0
103 Q -375.068734157 0
103 R -380.220077578 1
103 S -372.329477371 0
103 T -372.17917741 0
103 V -371.27175333 0
103 W -383.093519105 0
103 Y -367.643648553 0
104 A -369.343562822 0
104 C -370.90977732 0
104 D -366.542966169 0
104 E -361.328285331 0
104 F -319.874376782 0
104 G -363.979937587 0
104 H -356.2065738 0
104 I -373.154501814 0
104 K -348.552508718 0
104 L -326.523460798 0
104 M -364.353621958 0
104 N -368.188328182 0
104 P -342.86331616 0
104 Q -360.344782112 0
104 R -361.765437535 0
104 S -369.034247951 0
104 T -369.604678094 0
104 V -375.836031189 1
104 W -333.062935197 0
104 Y -342.63529436 0
105 A -373.076208371 0
105 C -371.36931049 0
105 D -373.705129096 0
105 E -376.890198578 1
105 F -373.71397517 0
105 G -369.346877472 0
105 H -374.096855437 0
105 I -351.569121283 0
105 K -372.246265249 0
105 L -375.354203239 0
105 M -372.023700031 0
105 N -372.334642677 0
105 P -279.509206568 0
105 Q -376.116075368 0
105 R -377.17830838 0
105 S -373.450127535 0
105 T -371.643977988 0
105 V -373.281055867 0
105 W -374.192073588 0
105 Y -373.599850335 0
106 A -369.829036824 0
106 C -366.484268524 0
106 D -370.866369355 0
106 E -370.538618816 0
106 F -361.003437643 0
106 G -374.162022744 1
106 H -368.631278122 0
106 I -322.030786023 0
106 K -361.529239435 0
106 L -355.234885248 0
106 M -359.873918142 0
106 N -372.778814305 0
106 P -260.024957968 0
106 Q -352.632261402 0
106 R -361.309842226 0
106 S -368.598060235 0
106 T -349.738388749 0
106 V -332.7712702 0
106 W -364.898347516 0
106 Y -363.365579368 0
107 A -368.913297998 0
107 C -370.814809346 0
107 D -376.032601683 0
107 E -370.043780438 0
107 F -368.58815726 0
107 G -363.375845212 0
107 H -370.663302409 0
107 I -373.519472693 0
107 K -371.663791184 0
107 L -369.708418078 0
107 M -371.606397831 0
107 N -375.709038576 1
107 P -227.893345618 0
107 Q -371.49847251 0
107 R -373.031111666 0
107 S -371.356386627 0
107 T -370.720529166 0
107 V -373.468976018 0
107 W -365.083371122 0
107 Y -367.532779996 0
108 A -371.021020705 0
108 C -369.002986091 0
108 D -371.10585645 0
108 E -373.469844761 0
108 F -370.652336457 0
108 G -371.046362946 0
108 H -373.436717561 0
108 I -369.860069711 0
108 K -372.313883711 0
108 L -372.911786711 1
108 M -372.716971585 0
108 N -372.357858074 0
108 P -371.887415709 0
108 Q -371.647926374 0
108 R -371.506166687 0
108 S -372.882449033 0
108 T -372.074352125 0
108 V -369.789424025 0
108 W -372.259904665 0
108 Y -370.560790693 0
109 A -371.68320194 0
109 C -369.828651155 0
109 D -373.644088425 0
109 E -372.635096398 0
109 F -372.355837513 0
109 G -370.975650633 0
109 H -373.929365728 0
109 I -362.040701261 0
109 K -373.52046448 0
109 L -373.893669694 0
109 M -372.284903891 0
109 N -373.905254489 0
109 P -343.91358275 0
109 Q -371.969369558 0
109 R -374.957849228 1
109 S -372.069612934 0
109 T -371.347830609 0
109 V -360.811502153 0
109 W -371.672988761 0
109 Y -372.116155427 0
110 A -373.262345091 0
110 C -370.045759438 0
110 D -364.447696814 0
110 E -365.547980368 0
110 F -323.017727012 0
110 G -368.656610237 0
110 H -329.906494763 0
110 I -362.667251201 0
110 K -351.082882653 0
110 L -316.316510027 0
110 M -367.40453324 0
110 N -366.059939396 0
110 P -177.860352414 0
110 Q -361.661273371 0
110 R -350.954414089 0
110 S -371.488720835 0
110 T -373.173765117 0
110 V -374.939681044 1
110 W 136.680091103 0
110 Y -317.900635687 0
111 A -373.829312619 0
111 C -373.110886931 0
111 D -377.787879842 0
111 E -380.259689953 1
111 F -381.600697849 0
111 G -367.18218118 0
111 H -381.005212454 0
111 I -375.241316146 0
111 K -375.67439202 0
111 L -380.034062959 0
111 M -373.803984042 0
111 N -373.935648444 0
111 P -225.515096106 0
111 Q -378.881020633 0
111 R -377.447244198 0
111 S -374.982716976 0
111 T -375.171051265 0
111 V -376.08239084 0
111 W -373.555402746 0
111 Y -381.485713991 0
112 A -360.258341558 0
112 C -360.719305972 0
112 D -358.725244651 0
112 E -357.704162511 0
112 F -371.525151038 0
112 G -356.692065958 0
112 H -367.136006716 0
112 I -355.54869906 0
112 K -350.406641414 0
112 L -358.686471958 0
112 M -361.724539709 0
112 N -362.365468524 0
112 P -350.741728194 0
112 Q -359.69953322 0
112 R -329.912510375 0
112 S -359.610858954 0
112 T -361.431415367 0
112 V -358.860594618 0
112 W -357.252114273 0
112 Y -374.108208898 1
113 A -379.121622957 0
113 C -381.926876095 0
113 D -381.664217653 0
113 E -379.974231139 0
113 F -320.904702557 0
113 G -376.111878029 0
113 H -356.320404912 0
113 I -384.150967096 0
113 K -383.796015171 0
113 L -385.954037834 1
113 M -378.926863284 0
113 N -381.52026621 0
113 P -312.226365477 0
113 Q -385.996017684 0
113 R -385.828700898 0
113 S -379.743429109 0
113 T -380.426550725 0
113 V -382.735184884 0
113 W -340.268738262 0
113 Y -309.627319568 0
114 A -379.68643212 0
114 C -378.529337463 0
114 D -389.281410954 1
114 E -387.210951934 0
114 F -386.346246937 0
114 G -373.665961729 0
114 H -382.89902522 0
114 I -389.530981032 0
114 K -386.828133151 0
114 L -388.170320885 0
114 M -384.020394588 0
114 N -388.370153717 0
114 P -372.969415043 0
114 Q -384.300755023 0
114 R -385.450193467 0
114 S -380.062967757 0
114 T -385.35888154 0
114 V -387.788525505 0
114 W -380.763125951 0
114 Y -384.770378728 0
115 A -382.547580208 0
115 C -381.367470418 0
115 D -387.820197753 1
115 E -381.771914655 0
115 F -362.779855866 0
115 G -380.071030074 0
115 H -378.630976652 0
115 I -382.945205479 0
115 K -379.281216548 0
115 L -382.273425181 0
115 M -382.289203101 0
115 N -386.522502874 0
115 P -143.24460791 0
115 Q -379.824567454 0
115 R -385.264945835 0
115 S -382.31367279 0
115 T -381.521866991 0
115 V -382.32088037 0
115 W -361.971658047 0
115 Y -361.739643904 0
116 A -383.653433358 0
116 C -382.394195681 0
116 D -383.901688983 0
116 E -385.106610328 0
116 F -381.310612736 0
116 G -383.028161989 0
116 H -385.370423191 0
116 I -382.717514369 0
116 K -385.18453759 0
116 L -383.835895237 0
116 M -383.235427534 0
116 N -383.554720308 0
116 P -386.15935981 0
116 Q -383.432161702 0
116 R -384.319469641 1
116 S -385.152371362 0
116 T -383.823847945 0
116 V -382.769417495 0
116 W -382.12301926 0
116 Y -381.534856585 0
117 A -382.90047174 0
117 C -381.53416587 0
117 D -386.890764124 0
117 E -383.895176208 0
117 F -381.858959906 0
117 G -381.690085433 0
117 H -383.650837357 0
117 I -378.944012156 0
117 K -384.461086433 0
117 L -383.91758125 0
117 M -381.305826065 0
117 N -384.728440456 1
117 P -359.270539754 0
117 Q -382.273248992 0
117 R -384.185490473 0
117 S -383.397539215 0
117 T -383.334617503 0
117 V -382.97735535 0
117 W -379.917767605 0
117 Y -381.945364466 0
118 A -387.309106281 0
118 C -385.996456511 0
118 D -387.090024504 0
118 E -389.422820684 0
118 F -389.212680383 0
118 G -386.072538757 0
118 H -390.42712469 0
118 I -384.28051169 0
118 K -390.039733381 0
118 L -389.588387764 0
118 M -389.371223776 0
118 N -388.714707154 0
118 P -357.085408818 0
118 Q -388.135473174 0
118 R -392.084443388 0
118 S -387.831534386 0
118 T -388.751589193 1
118 V -385.888882923 0
118 W -387.015317916 0
118 Y -388.967494705 0
119 A -389.30703066 0
119 C -387.804499689 0
119 D -390.627897543 0
119 E -390.538094883 0
119 F -390.16889061 1
119 G -392.163701145 0
119 H -391.464953812 0
119 I -357.979552956 0
119 K -391.624223404 0
119 L -390.406596207 0
119 M -388.79269437 0
119 N -392.313608847 0
119 P -341.652286422 0
119 Q -389.813078348 0
119 R -390.856124553 0
119 S -389.436928351 0
119 T -384.073334519 0
119 V -364.337945856 0
119 W -388.639272024 0
119 Y -389.850292158 0
120 A -382.723606754 0
120 C -382.865729816 0
120 D -382.067441497 0
120 E -380.980981681 0
120 F -362.054442649 0
120 G -378.951914596 0
120 H -378.618080685 0
120 I -380.442621574 0
120 K -376.087344827 0
120 L -367.679096766 0
120 M -383.653310706 0
120 N -382.712187487 0
120 P -288.355752048 0
120 Q -380.604277506 0
120 R -384.324806007 1
120 S -382.53269287 0
120 T -383.582527436 0
120 V -381.027421679 0
120 W -326.092275863 0
120 Y -361.462763441 0
121 A -378.889962045 0
121 C -384.975091149 0
121 D -385.339854965 0
121 E -388.192395518 0
121 F -390.756677894 0
121 G -377.021794922 0
121 H -388.884325309 1
121 I -389.986047572 0
121 K -381.501205093 0
121 L -380.744043291 0
121 M -384.761990349 0
121 N -387.740519163 0
121 P -382.618655057 0
121 Q -380.469439485 0
121 R -383.40210273 0
121 S -387.390331816 0
121 T -388.799052265 0
121 V -388.758266391 0
121 W -361.589551135 0
121 Y -388.18215758 0
122 A -382.671473248 0
122 C -378.19747121 0
122 D -376.69822352 0
122 E -366.10548131 0
122 F -299.183835862 0
122 G -378.662605998 0
122 H -359.961534346 0
122 I -348.42208223 0
122 K -359.279239238 0
122 L -321.662975837 0
122 M -376.203397272 0
122 N -379.033772052 0
122 P -345.83909306 0
122 Q -370.054385309 0
122 R -378.44892871 0
122 S -382.558531187 1
122 T -379.374587972 0
122 V -373.609198194 0
122 W -318.850547753 0
122 Y -357.840872097 0
123 A -371.920695116 0
123 C -370.838845606 0
123 D -363.095847061 0
123 E -349.343240437 0
123 F -336.626228755 0
123 G -366.694983204 0
123 H -344.344889284 0
123 I -360.825313816 0
123 K -306.675708437 0
123 L -359.312634035 0
123 M -241.289716653 0
123 N -368.393356153 0
123 P -344.012047705 0
123 Q -360.843857902 0
123 R -314.592715736 0
123 S -370.919262768 0
123 T -373.874809809 0
123 V -379.018199051 1
123 W -257.666348882 0
123 Y -331.366280046 0
124 A -380.160756352 0
124 C -375.760227352 0
124 D -373.357120068 0
124 E -371.477864682 0
124 F -153.616041628 0
124 G -375.512983206 0
124 H -318.238878129 0
124 I -373.232222188 0
124 K -336.744934883 0
124 L -375.918961201 0
124 M -375.941768693 0
124 N -374.883322182 0
124 P -313.169811607 0
124 Q -372.789348129 0
124 R -250.188970314 0
124 S -378.452009426 0
124 T -379.58191941 0
124 V -381.80070789 1
124 W -307.082150997 0
124 Y -253.626020524 0
125 A -375.723818423 0
125 C -374.490213327 0
125 D -370.604752756 0
125 E -371.954852222 0
125 F -363.558039566 0
125 G -370.199664351 0
125 H -365.608832427 0
125 I -381.421828007 0
125 K -340.160752586 0
125 L -375.781341277 0
125 M -378.082734438 0
125 N -374.728072767 0
125 P -348.044321928 0
125 Q -377.917668397 0
125 R -375.885287884 0
125 S -374.706526908 0
125 T -378.519071912 0
125 V -382.910592199 1
125 W -353.379309363 0
125 Y -363.063530997 0
126 A -372.523109308 0
126 C -371.008957052 0
126 D -373.493524615 0
126 E -369.967274073 0
126 F -373.396681405 0
126 G -370.239524721 0
126 H -372.294104478 0
126 I -371.689627968 0
126 K -368.594862798 0
126 L -370.295348738 0
126 M -372.142054357 0
126 N -370.315367977 0
126 P -375.70558138 1
126 Q -368.566668919 0
126 R -371.12020295 0
126 S -370.831551538 0
126 T -370.956068576 0
126 V -372.979076802 0
126 W -371.58003182 0
126 Y -373.048986135 0
127 A -372.240719526 0
127 C -373.289610342 0
127 D -373.241240759 0
127 E -373.512351018 0
127 F -381.692122249 0
127 G -365.859437632 0
127 H -379.325613012 0
127 I -339.836605747 0
127 K -373.006021997 0
127 L -370.56436639 0
127 M -376.313487389 0
127 N -374.20721164 0
127 P 16.1740528165 0
127 Q -373.780678144 0
127 R -375.325677466 0
127 S -372.44976761 0
127 T -373.382284651 0
127 V -357.673072401 0
127 W -382.554386526 0
127 Y -380.453307456 1
128 A -369.778119798 0
128 C -367.764210261 0
128 D -373.171911446 0
128 E -374.925564803 1
128 F -371.31032917 0
128 G -366.175765581 0
128 H -370.793071237 0
128 I -373.142820771 0
128 K -373.845998902 0
128 L -370.178295119 0
128 M -372.005720421 0
128 N -372.683353173 0
128 P -347.557330663 0
128 Q -371.946233639 0
128 R -373.32890836 0
128 S -371.752061471 0
128 T -373.686332099 0
128 V -373.372405435 0
128 W -367.092768922 0
128 Y -371.139912469 0
129 A -370.79875821 0
129 C -367.185568604 0
129 D -373.614687652 0
129 E -374.3727785 0
129 F -368.596703084 0
129 G -370.199279385 0
129 H -372.708861272 0
129 I -370.513186848 0
129 K -372.07949978 0
129 L -372.595564916 0
129 M -372.084329632 0
129 N -372.891545706 0
129 P -374.386919641 1
129 Q -372.309638764 0
129 R -373.075951488 0
129 S -371.869314135 0
129 T -372.222722796 0
129 V -369.646255583 0
129 W -371.054461763 0
129 Y -369.016596638 0
130 A -375.295216795 0
130 C -366.052160536 0
130 D -279.710086156 0
130 E -353.989276606 0
130 F 752.760398053 0
130 G -370.450373419 0
130 H 279.617426091 0
130 I -158.876500801 0
130 K -228.527867136 0
130 L 439.22910708 0
130 M -285.074774141 0
130 N -200.499475437 0
130 P -379.904988863 1
130 Q -347.547010167 0
130 R -259.19362485 0
130 S -372.180100596 0
130 T -363.400905485 0
130 V -317.240747824 0
130 W -187.090841104 0
130 Y -342.293832692 0
131 A -375.54642625 0
131 C -372.749379764 0
131 D -375.994236136 0
131 E -376.073237152 1
131 F -374.997104324 0
131 G -373.826207055 0
131 H -377.298789472 0
131 I -373.903476558 0
131 K -376.067634202 0
131 L -375.294553857 0
131 M -374.063610037 0
131 N -374.684143479 0
131 P -374.575408623 0
131 Q -373.91641971 0
131 R -375.246394419 0
131 S -376.244362227 0
131 T -375.101258838 0
131 V -374.823881316 0
131 W -374.153907862 0
131 Y -374.841906762 0
132 A -375.688689152 0
132 C -372.945389065 0
132 D -376.532448993 0
132 E -377.094757281 0
132 F -375.03162557 0
132 G -374.52674073 0
132 H -376.485422849 0
132 I -374.410712413 0
132 K -376.568684528 0
132 L -375.505992393 0
132 M -374.363544566 0
132 N -375.308324829 0
132 P -378.018321313 0
132 Q -374.3725743 0
132 R -375.618250605 0
132 S -376.833767584 0
132 T -375.369951847 0
132 V -374.499453257 1
132 W -375.120530619 0
132 Y -374.826373906 0
133 A -365.355541313 0
133 C -358.786029113 0
133 D -366.219854565 0
133 E -362.953717685 0
133 F -366.057546288 0
133 G -375.617281606 1
133 H -367.935246307 0
133 I -353.249732804 0
133 K -367.157282484 0
133 L -365.101673914 0
133 M -362.192037854 0
133 N -367.360137179 0
133 P -245.926687955 0
133 Q -363.486817626 0
133 R -366.514846446 0
133 S -368.535105157 0
133 T -362.883102281 0
133 V -353.563347198 0
133 W -364.855115078 0
133 Y -365.922733823 0
134 A -374.452885399 0
134 C -368.054175209 0
134 D -365.289416554 0
134 E -363.05559243 0
134 F -371.937202066 0
134 G -373.543374248 0
134 H -372.173853305 0
134 I -364.353790207 0
134 K -368.271280762 0
134 L -367.057553727 0
134 M -364.538074077 0
134 N -369.68562314 0
134 P 62.6269877385 0
134 Q -369.684517053 0
134 R -369.393205033 0
134 S -375.490945111 1
134 T -364.9465898 0
134 V -365.238415798 0
134 W -370.546379714 0
134 Y -371.467738772 0
135 A -376.348363325 0
135 C -373.713929335 0
135 D -377.567044953 1
135 E -377.994786906 0
135 F -374.683742696 0
135 G -375.322116131 0
135 H -376.55824935 0
135 I -374.195464667 0
135 K -377.449207066 0
135 L -377.54292924 0
135 M -376.67691304 0
135 N -376.588862844 0
135 P -372.660794867 0
135 Q -376.176692154 0
135 R -377.013615403 0
135 S -377.83312965 0
135 T -376.820571348 0
135 V -376.405242107 0
135 W -375.309226553 0
135 Y -374.679620601 0
136 A -385.911141048 0
136 C -384.451911601 1
136 D -377.812923639 0
136 E -373.337789022 0
136 F -374.535760187 0
136 G -379.459073548 0
136 H -374.239435267 0
136 I -374.092586855 0
136 K -376.733660518 0
136 L -340.393608209 0
136 M -380.147393977 0
136 N -378.956724491 0
136 P -349.784992621 0
136 Q -377.789533865 0
136 R -381.657978567 0
136 S -383.812677618 0
136 T -381.58097943 0
136 V -290.116451139 0
136 W -375.274005838 0
136 Y -373.032663172 0
137 A -385.38575213 0
137 C -384.12479077 0
137 D -381.284300842 0
137 E -379.08141403 0
137 F -385.919429885 0
137 G -381.583483634 0
137 H -384.339656087 0
137 I -345.023492476 0
137 K -383.708598267 0
137 L -379.869384045 0
137 M -384.72755794 0
137 N -383.924784529 0
137 P -329.384230505 0
137 Q -382.554502267 0
137 R -377.206743802 0
137 S -385.60662179 0
137 T -387.103770975 1
137 V -368.472087379 0
137 W -384.824405519 0
137 Y -385.756683362 0
138 A -380.101298125 0
138 C -381.075479477 0
138 D -379.931434598 0
138 E -386.225236547 0
138 F -386.094523263 0
138 G -376.892257155 0
138 H -382.303502926 0
138 I -389.022382584 0
138 K -381.302942468 0
138 L -386.832858013 0
138 M -385.257269241 0
138 N -378.249056534 0
138 P -368.756972202 0
138 Q -381.248284294 0
138 R -386.742805661 0
138 S -380.84847766 0
138 T -384.12465418 1
138 V -383.802577956 0
138 W -383.492686427 0
138 Y -378.56136278 0
139 A -374.050980053 0
139 C -374.877492027 0
139 D -374.019930124 0
139 E -376.630683135 0
139 F -373.374669401 0
139 G -369.692482065 0
139 H -376.130972951 0
139 I -383.2749566 1
139 K -375.111579886 0
139 L -380.585515298 0
139 M -378.977137172 0
139 N -375.125780859 0
139 P -331.619566437 0
139 Q -376.952753649 0
139 R -374.250499554 0
139 S -374.075678253 0
139 T -378.396947381 0
139 V -380.802859927 0
139 W -374.201293973 0
139 Y -368.307301284 0
140 A -373.067569971 0
140 C -372.386357972 0
140 D -374.623951069 0
140 E -373.598550167 0
140 F -374.909415181 0
140 G -369.557793624 0
140 H -375.292084596 1
140 I -372.243624545 0
140 K -374.892183935 0
140 L -376.150958507 0
140 M -374.998563703 0
140 N -375.855288996 0
140 P -365.436074792 0
140 Q -371.991751203 0
140 R -374.758798475 0
140 S -373.410387515 0
140 T -369.964731584 0
140 V -374.925397609 0
140 W -373.613792711 0
140 Y -374.265158119 0
141 A -368.83655835 0
141 C -368.666503916 0
141 D -367.435982445 0
141 E -370.696283851 0
141 F -377.928278526 0
141 G -364.673292952 0
141 H -373.176537418 0
141 I -370.230119591 0
141 K -369.559226998 0
141 L -373.817650142 0
141 M -373.039027597 0
141 N -370.076328555 0
141 P -285.95666415 0
141 Q -370.838708722 0
141 R -377.271770075 0
141 S -367.075717084 0
141 T -369.13925929 0
141 V -367.149752829 0
141 W -378.109278183 0
141 Y -383.056627032 1
142 A -380.740106763 0
142 C -380.034276403 0
142 D -374.580432131 0
142 E -380.05560478 0
142 F -317.81669274 0
142 G -376.971937723 0
142 H -372.527081638 0
142 I -379.875088787 0
142 K -382.629218327 0
142 L -385.333063243 0
142 M -384.23321322 0
142 N -379.326707041 1
142 P -314.637145879 0
142 Q -383.061851796 0
142 R -384.751809477 0
142 S -379.830504989 0
142 T -379.612506786 0
142 V -380.98177075 0
142 W -376.234573234 0
142 Y -299.769172814 0
143 A -371.372521635 0
143 C -372.1066304 0
143 D -372.411709525 0
143 E -371.668887472 0
143 F -379.611704545 0
143 G -366.793025285 0
143 H -376.383172105 0
143 I -370.950523542 0
143 K -372.272979361 0
143 L -376.363970995 0
143 M -376.880211761 0
143 N -374.300871048 0
143 P -361.736226464 0
143 Q -373.933260288 0
143 R -375.625369533 0
143 S -371.955357724 0
143 T -372.680835467 0
143 V -372.801970601 0
143 W -375.843894752 0
143 Y -383.966681287 1
144 A -378.77077567 0
144 C -377.361840274 0
144 D -375.453718791 0
144 E -377.528127004 0
144 F -357.951580349 0
144 G -377.832759081 0
144 H -364.902009128 0
144 I -356.462235242 0
144 K -372.354543169 0
144 L -380.868278844 0
144 M -383.105129877 1
144 N -377.175375975 0
144 P -242.184345753 0
144 Q -377.680998753 0
144 R -375.611072882 0
144 S -377.351448251 0
144 T -378.541305334 0
144 V -362.031181103 0
144 W -371.138610453 0
144 Y -358.203736454 0
145 A -380.626749229 0
145 C -380.513895813 1
145 D -379.897790155 0
145 E -353.49951453 0
145 F -337.744756974 0
145 G -375.297332379 0
145 H -356.862278445 0
145 I -366.069639926 0
145 K -329.463219085 0
145 L -349.006161423 0
145 M -364.42940097 0
145 N -375.551588945 0
145 P -315.72896534 0
145 Q -342.676431155 0
145 R -276.440866785 0
145 S -377.551330442 0
145 T -377.19257247 0
145 V -368.166696397 0
145 W -187.197277154 0
145 Y -292.549854852 0
146 A -378.301272564 0
146 C -374.937915112 0
146 D -376.896667137 0
146 E -377.367426554 0
146 F -380.170757629 0
146 G -375.408960736 0
146 H -378.268939191 0
146 I -359.579902122 0
146 K -375.81573675 0
146 L -380.414713495 0
146 M -376.500113477 0
146 N -377.500795918 1
146 P -368.412310812 0
146 Q -375.45915173 0
146 R -376.804090883 0
146 S -376.50241163 0
146 T -375.820343473 0
146 V -362.425933451 0
146 W -377.222149988 0
146 Y -379.426343409 0
147 A -377.75392892 0
147 C -375.518531302 0
147 D -374.401336564 0
147 E -377.913360111 0
147 F -353.244352306 0
147 G -374.765334619 0
147 H -374.371834581 0
147 I -380.404349517 0
147 K -371.486281362 0
147 L -377.183569538 0
147 M -378.096352536 0
147 N -376.782026961 0
147 P -186.558042743 0
147 Q -374.29215021 0
147 R -370.653102595 0
147 S -378.179268917 1
147 T -375.709658797 0
147 V -378.911780961 0
147 W -274.818219594 0
147 Y -372.408807822 0
148 A -373.143664397 0
148 C -371.056066022 0
148 D -378.914066208 0
148 E -378.736528699 0
148 F -369.631088591 0
148 G -372.236915939 0
148 H -376.488587175 0
148 I -376.141230365 0
148 K -372.871653453 0
148 L -376.622835787 0
148 M -376.788676838 0
148 N -377.036750591 0
148 P -351.432653876 0
148 Q -376.159381731 0
148 R -372.252606377 0
148 S -374.122268127 1
148 T -378.144692619 0
148 V -376.171761138 0
148 W -376.704494893 0
148 Y -370.583256962 0
149 A -378.095662688 0
149 C -376.204621136 1
149 D -378.943852615 0
149 E -378.03626627 0
149 F -349.176162576 0
149 G -371.491219095 0
149 H -351.508447684 0
149 I -361.489849284 0
149 K -373.549060497 0
149 L -361.847826439 0
149 M -378.165578017 0
149 N -378.347086065 0
149 P -199.250754448 0
149 Q -376.672667054 0
149 R -374.802332854 0
149 S -375.626555607 0
149 T -371.88937329 0
149 V -368.101154581 0
149 W -357.201824137 0
149 Y -293.04642649 0
150 A -372.790967465 0
150 C -371.527543823 0
150 D -373.962532211 0
150 E -373.96551497 0
150 F -372.566441228 0
150 G -372.017068568 0
150 H -374.968417058 0
150 I -372.615360539 0
150 K -374.084219085 0
150 L -371.778825133 0
150 M -372.945083196 1
150 N -372.672677461 0
150 P -375.05875096 0
150 Q -372.193181361 0
150 R -373.708968359 0
150 S -373.559033366 0
150 T -372.881527675 0
150 V -373.019771759 0
150 W -373.48117287 0
150 Y -371.903092703 0
151 A -363.239745072 0
151 C -359.28613432 0
151 D -363.370429234 0
151 E -363.190330348 0
151 F -364.674323756 0
151 G -373.331711248 1
151 H -363.941132816 0
151 I -332.250495629 0
151 K -365.237087613 0
151 L -366.063550367 0
151 M -360.107799312 0
151 N -366.567966897 0
151 P -250.880781584 0
151 Q -359.91325809 0
151 R -363.076564181 0
151 S -362.811663636 0
151 T -355.54845443 0
151 V -330.496252288 0
151 W -364.207248923 0
151 Y -362.548977558 0
152 A -355.611701602 0
152 C -349.423505604 0
152 D -339.94589803 0
152 E -214.901751569 0
152 F -199.442457829 0
152 G -375.138716728 1
152 H -308.218918878 0
152 I -28.9891805295 0
152 K -287.846096252 0
152 L -171.961889074 0
152 M -281.232616057 0
152 N -328.233909646 0
152 P -13.9164319731 0
152 Q -208.359344211 0
152 R -307.105153454 0
152 S -358.621938388 0
152 T -261.51523362 0
152 V -165.647127389 0
152 W 110.30511558 0
152 Y -210.438790012 0
153 A -371.170964561 0
153 C -371.776074268 0
153 D -372.790922104 0
153 E -373.630585068 0
153 F -348.147394359 0
153 G -368.410347404 0
153 H -369.709846786 0
153 I -377.477615896 0
153 K -365.364165949 0
153 L -373.707193682 0
153 M -376.819520861 1
153 N -374.29688037 0
153 P -369.853407052 0
153 Q -373.726726937 0
153 R -370.456077441 0
153 S -370.592033865 0
153 T -371.041763492 0
153 V -376.00315896 0
153 W -365.448895412 0
153 Y -348.323338763 0
154 A -373.439369069 0
154 C -370.901113587 0
154 D -374.336186851 0
154 E -371.575687809 0
154 F -327.930232829 0
154 G -370.72913922 0
154 H -367.049329258 0
154 I -310.73819948 0
154 K -369.303811284 0
154 L -363.94203014 0
154 M -365.949071071 0
154 N -373.828992966 1
154 P -90.8294029532 0
154 Q -366.138729328 0
154 R -370.683588766 0
154 S -370.686710525 0
154 T -367.660760794 0
154 V -357.313048307 0
154 W -358.356364396 0
154 Y -365.677210767 0
155 A -371.917088052 0
155 C -371.34177894 0
155 D -374.808988485 0
155 E -373.458615652 0
155 F -379.665954282 0
155 G -374.990804177 0
155 H -375.406274344 0
155 I -345.245211567 0
155 K -374.798427203 0
155 L -373.188225508 0
155 M -375.480988507 0
155 N -376.313548799 0
155 P -308.044689542 0
155 Q -372.218130157 0
155 R -373.805017151 1
155 S -372.950516126 0
155 T -369.426951107 0
155 V -345.978832763 0
155 W -376.925687368 0
155 Y -374.512441361 0
156 A -369.281933333 0
156 C -368.717839952 0
156 D -367.237051903 0
156 E -367.031793731 0
156 F -370.993640805 0
156 G -363.571484446 0
156 H -368.887579575 0
156 I -376.201104309 0
156 K -369.699431571 0
156 L -373.860258801 0
156 M -371.716501044 0
156 N -369.794563277 0
156 P 1.17928423272 0
156 Q -369.43541699 0
156 R -377.595868428 1
156 S -370.310526031 0
156 T -372.993229135 0
156 V -375.463713644 0
156 W -369.747744943 0
156 Y -369.229501483 0
157 A -377.975261323 0
157 C -372.927701729 0
157 D -378.349528789 0
157 E -379.241558166 0
157 F -368.144719711 0
157 G -375.609952739 0
157 H -372.551779913 0
157 I -374.587009775 0
157 K -374.838970638 0
157 L -374.482175914 0
157 M -376.213351898 0
157 N -377.121133756 0
157 P -380.942285301 1
157 Q -377.520368952 0
157 R -371.725245832 0
157 S -379.101986082 0
157 T -373.33643955 0
157 V -374.720047095 0
157 W -373.995016791 0
157 Y -368.185039014 0
158 A -372.549105286 0
158 C -372.876585416 0
158 D -367.484824774 0
158 E -372.075312313 0
158 F -355.967930789 0
158 G -368.995810221 0
158 H -365.211588922 0
158 I -382.501177736 1
158 K -365.309921632 0
158 L -378.361831096 0
158 M -381.792111875 0
158 N -377.054266015 0
158 P -355.491001038 0
158 Q -373.036000976 0
158 R -364.882512433 0
158 S -372.451218728 0
158 T -378.155742286 0
158 V -381.084998616 0
158 W -278.596352281 0
158 Y -321.709660204 0
159 A -372.278592155 0
159 C -373.436656113 0
159 D -371.372434887 0
159 E -373.255355573 0
159 F -367.546288078 0
159 G -368.058667395 0
159 H -375.088689007 0
159 I -377.897724462 0
159 K -376.425717965 0
159 L -380.219350568 1
159 M -382.784628136 0
159 N -374.228488864 0
159 P -326.007828481 0
159 Q -371.976042353 0
159 R -381.72602194 0
159 S -372.940309053 0
159 T -371.737876907 0
159 V -376.683145643 0
159 W -371.070297407 0
159 Y -364.776409292 0
160 A -371.932349717 0
160 C -372.868061846 0
160 D -373.558963953 0
160 E -370.881248203 0
160 F -323.794596967 0
160 G -363.990488325 0
160 H -355.0521226 0
160 I -378.009586594 0
160 K -350.738959248 0
160 L -361.535792414 0
160 M -368.14812938 0
160 N -372.292637743 0
160 P -299.001875364 0
160 Q -372.997283935 0
160 R -355.555381496 0
160 S -371.363212252 0
160 T -376.621995498 1
160 V -379.720062821 0
160 W -293.010894803 0
160 Y -306.539519204 0
161 A -373.631052143 0
161 C -374.62164129 0
161 D -373.565951943 0
161 E -373.48043447 0
161 F -357.85183945 0
161 G -368.827206833 0
161 H -363.379922157 0
161 I -382.436592414 1
161 K -370.126190191 0
161 L -380.836095791 0
161 M -371.749786494 0
161 N -376.494756467 0
161 P -281.667257802 0
161 Q -371.942652804 0
161 R -370.477227853 0
161 S -374.315397375 0
161 T -375.99296462 0
161 V -380.116157238 0
161 W -362.438531733 0
161 Y -349.044451837 0
162 A -367.638302295 0
162 C -368.566187192 0
162 D -370.333624581 0
162 E -372.669888968 0
162 F -363.610537171 0
162 G -361.476018861 0
162 H -370.899077275 0
162 I -380.862951187 1
162 K -361.903613534 0
162 L -375.697834389 0
162 M -370.891370799 0
162 N -372.973522783 0
162 P -309.341061317 0
162 Q -369.69923762 0
162 R -367.395183163 0
162 S -370.491917953 0
162 T -373.1757438 0
162 V -378.235639277 0
162 W -366.814603422 0
162 Y -361.853820031 0
163 A -377.266200526 0
163 C -377.287422864 0
163 D -376.526182413 0
163 E -378.986681843 0
163 F -297.225266201 0
163 G -373.430501941 0
163 H -363.566831255 0
163 I -383.098552651 0
163 K -379.55610632 0
163 L -381.41641498 0
163 M -380.055451288 0
163 N -377.450493077 0
163 P -280.179847917 0
163 Q -379.739370878 0
163 R -380.511358846 0
163 S -377.166502539 0
163 T -379.59109921 1
163 V -382.078776638 0
163 W -353.364971079 0
163 Y -232.211134584 0
164 A -371.706442366 0
164 C -372.321961291 0
164 D -375.129919379 0
164 E -378.08220051 0
164 F -343.077818654 0
164 G -365.515363418 0
164 H -365.051264324 0
164 I -380.877273622 0
164 K -373.462203258 0
164 L -385.347060284 1
164 M -384.111820305 0
164 N -375.923157642 0
164 P -301.089614278 0
164 Q -381.418466583 0
164 R -374.87881671 0
164 S -372.249017722 0
164 T -373.579290223 0
164 V -375.401113983 0
164 W -374.797668308 0
164 Y -310.2229008 0
165 A -374.408129074 0
165 C -373.660500799 0
165 D -369.538029468 0
165 E -380.348216198 1
165 F -356.39358463 0
165 G -369.657750841 0
165 H -371.397049315 0
165 I -372.728895123 0
165 K -367.839310024 0
165 L -369.976792236 0
165 M -376.605327271 0
165 N -372.804576873 0
165 P -320.51705289 0
165 Q -375.491394663 0
165 R -370.226826802 0
165 S -373.403223427 0
165 T -371.383720357 0
165 V -375.5123886 0
165 W -340.653142346 0
165 Y -349.707521826 0
166 A -364.519422715 0
166 C -362.986445676 0
166 D -373.573249517 1
166 E -363.250850522 0
166 F -359.144851215 0
166 G -366.622962262 0
166 H -361.42863511 0
166 I -355.280984259 0
166 K -356.169880304 0
166 L -362.486918177 0
166 M -359.753087798 0
166 N -366.524956733 0
166 P -251.027167391 0
166 Q -358.856918235 0
166 R -357.753525733 0
166 S -366.798771674 0
166 T -362.46700238 0
166 V -358.641219909 0
166 W -315.721021956 0
166 Y -359.805835853 0
167 A -372.746435971 0
167 C -369.261201273 0
167 D -370.578101542 0
167 E -373.388353795 0
167 F -370.099610161 0
167 G -370.659489768 0
167 H -372.391083664 0
167 I -370.502148517 0
167 K -373.425644876 0
167 L -370.692302945 0
167 M -369.972893147 0
167 N -370.454546569 0
167 P -349.369807348 0
167 Q -371.693717823 0
167 R -372.696624729 0
167 S -373.180293923 1
167 T -368.79305374 0
167 V -369.94693169 0
167 W -371.242270034 0
167 Y -370.070262079 0
168 A -371.459271889 0
168 C -369.873988952 0
168 D -371.912241945 0
168 E -372.22725541 0
168 F -371.48245594 0
168 G -371.179614639 0
168 H -372.966010529 0
168 I -365.870839175 0
168 K -372.832481489 0
168 L -373.039603172 0
168 M -371.27195346 0
168 N -372.898000416 0
168 P -343.575093649 0
168 Q -371.603034604 0
168 R -372.550609807 0
168 S -371.907845061 1
168 T -369.931338142 0
168 V -366.825167114 0
168 W -371.140856114 0
168 Y -371.387761356 0
169 A -371.023599952 0
169 C -369.676006233 0
169 D -367.300406996 0
169 E -371.924486696 0
169 F -372.067785579 0
169 G -378.154460653 1
169 H -372.488956642 0
169 I -336.317476073 0
169 K -373.534807774 0
169 L -371.252758738 0
169 M -365.373050922 0
169 N -372.204719321 0
169 P -309.069935381 0
169 Q -371.239758904 0
169 R -372.550016122 0
169 S -369.93729117 0
169 T -365.690239601 0
169 V -336.515149746 0
169 W -371.094935211 0
169 Y -371.175519875 0
170 A -371.2650762 0
170 C -369.187809919 0
170 D -371.79514649 0
170 E -371.058961288 0
170 F -369.246757573 0
170 G -370.423022214 0
170 H -370.7047752 0
170 I -368.489392217 0
170 K -371.278430653 0
170 L -371.778674031 0
170 M -370.326282191 0
170 N -373.128236991 1
170 P -310.920446659 0
170 Q -370.6158584 0
170 R -372.531740377 0
170 S -371.11668351 0
170 T -369.211450044 0
170 V -369.266707871 0
170 W -369.157031627 0
170 Y -369.06235799 0
171 A -367.600500547 0
171 C -368.699623124 0
171 D -370.111095372 0
171 E -371.231808826 0
171 F -368.693129613 0
171 G -365.420570606 0
171 H -368.270682425 0
171 I -371.717454788 0
171 K -368.252539694 0
171 L -374.887437934 1
171 M -370.146230185 0
171 N -368.705427071 0
171 P -368.866911764 0
171 Q -369.723503715 0
171 R -368.104974023 0
171 S -368.822890095 0
171 T -370.998159671 0
171 V -371.574832547 0
171 W -367.627274876 0
171 Y -368.87863071 0
172 A -369.663887473 0
172 C -370.439044609 0
172 D -369.409494393 0
172 E -370.81742096 0
172 F -349.376176791 0
172 G -365.993273126 0
172 H -363.673130579 0
172 I -376.00023821 0
172 K -371.064364747 0
172 L -378.485595902 1
172 M -369.086758353 0
172 N -370.437212219 0
172 P -204.718066544 0
172 Q -370.692976971 0
172 R -369.641784089 0
172 S -369.149294923 0
172 T -368.930018486 0
172 V -374.810430069 0
172 W -355.960647523 0
172 Y -341.847837095 0
173 A -378.173185249 0
173 C -367.683477194 0
173 D -311.267434141 0
173 E -188.072684599 0
173 F -222.835569801 0
173 G -377.133543879 1
173 H -107.219608193 0
173 I -257.829702445 0
173 K -148.118844699 0
173 L 114.756324726 0
173 M -169.691643808 0
173 N -283.499151632 0
173 P -285.871486254 0
173 Q -126.447512776 0
173 R -177.236434397 0
173 S -368.306236624 0
173 T -352.535802353 0
173 V -327.141893278 0
173 W -233.052636029 0
173 Y 194.031278298 0
174 A -373.343495291 0
174 C -373.909517221 0
174 D -368.694680849 0
174 E -369.84963789 0
174 F -316.715799531 0
174 G -369.158596246 0
174 H -355.230636884 0
174 I -371.743276241 0
174 K -373.920401607 0
174 L -377.12453716 0
174 M -377.221914574 0
174 N -373.073116565 0
174 P -326.74455964 0
174 Q -374.956085083 0
174 R -378.192787258 1
174 S -374.381167664 0
174 T -371.645739386 0
174 V -371.748269978 0
174 W -273.51084788 0
174 Y -309.639112341 0
175 A -374.98666293 0
175 C -377.135754268 0
175 D -374.487922574 0
175 E -376.338043111 0
175 F -373.702044849 0
175 G -369.681084763 0
175 H -339.426818184 0
175 I -346.65473171 0
175 K -372.404671111 0
175 L -360.675520245 0
175 M -373.615384784 0
175 N -378.712911274 1
175 P -341.377492926 0
175 Q -376.650061584 0
175 R -380.542726027 0
175 S -373.011039924 0
175 T -369.056176188 0
175 V -375.154510843 0
175 W -376.599974524 0
175 Y -370.779924635 0
176 A -382.592130111 0
176 C -380.581224909 0
176 D -378.652715018 0
176 E -378.286424087 0
176 F -385.512148624 0
176 G -379.690509045 0
176 H -383.990897512 0
176 I -370.190120013 0
176 K -379.749927847 0
176 L -380.066073384 0
176 M -381.718857511 0
176 N -382.526492797 0
176 P -363.958677724 0
176 Q -380.060788235 0
176 R -383.403569747 0
176 S -382.991330696 1
176 T -380.719622958 0
176 V -361.472182118 0
176 W -385.901851097 0
176 Y -384.784062019 0
177 A -376.62934956 0
177 C -375.289647729 0
177 D -373.144969575 0
177 E -371.961387149 0
177 F -384.084754766 1
177 G -368.727674013 0
177 H -379.537970286 0
177 I -368.232031854 0
177 K -369.278427846 0
177 L -378.88594143 0
177 M -379.169448523 0
177 N -372.902878392 0
177 P -344.546881104 0
177 Q -373.881034322 0
177 R -371.354233491 0
177 S -375.78090597 0
177 T -375.959198081 0
177 V -374.884283573 0
177 W -371.894193134 0
177 Y -385.237368922 0
178 A -388.353001885 0
178 C -386.103798791 0
178 D -385.92378529 0
178 E -390.713829288 1
178 F -379.520823315 0
178 G -383.485724791 0
178 H -380.733289143 0
178 I -387.287314198 0
178 K -381.480975588 0
178 L -384.464505603 0
178 M -382.884619451 0
178 N -385.317894047 0
178 P -272.661593723 0
178 Q -385.952244189 0
178 R -383.000328966 0
178 S -386.878703423 0
178 T -387.86630419 0
178 V -387.136088065 0
178 W -380.539525892 0
178 Y -377.90333189 0
179 A -376.487495307 0
179 C -375.338356363 0
179 D -372.738380455 0
179 E -372.544673675 0
179 F -345.945189098 0
179 G -368.767049163 0
179 H -360.135202685 0
179 I -379.789180714 0
179 K -367.165146208 0
179 L -378.791715514 0
179 M -367.488427764 0
179 N -378.101497519 0
179 P -287.071378843 0
179 Q -373.753728481 0
179 R -355.072972846 0
179 S -376.151413191 0
179 T -378.216147934 0
179 V -383.304770398 1
179 W -336.051736993 0
179 Y -350.046587772 0
180 A -374.941502067 0
180 C -375.036866486 0
180 D -375.920632003 0
180 E -376.535136475 0
180 F -376.650579848 0
180 G -369.730599074 0
180 H -377.434723935 0
180 I -373.53610532 0
180 K -376.16165413 0
180 L -377.337925205 0
180 M -376.912560141 0
180 N -377.138656889 0
180 P -295.144654342 0
180 Q -374.587092536 0
180 R -379.557154287 1
180 S -375.681734476 0
180 T -374.179493633 0
180 V -372.126684892 0
180 W -378.522558784 0
180 Y -376.151864818 0
181 A -373.75092037 0
181 C -375.634353336 0
181 D -372.20382257 0
181 E -370.595579752 0
181 F -347.581518288 0
181 G -365.921897457 0
181 H -357.247057359 0
181 I -379.723001995 0
181 K -360.09903679 0
181 L -353.058929668 0
181 M -373.420377024 0
181 N -376.498023122 0
181 P -360.457478632 0
181 Q -370.637002401 0
181 R -70.3140662509 0
181 S -373.244972727 0
181 T -379.213297236 0
181 V -383.811775951 1
181 W -326.808404314 0
181 Y -343.612557394 0
182 A -379.806366821 0
182 C -381.175904241 1
182 D -379.932387036 0
182 E -373.67995477 0
182 F -372.293432396 0
182 G -377.340590594 0
182 H -377.501852883 0
182 I -373.79202662 0
182 K -369.032330165 0
182 L -324.032398442 0
182 M -372.898825553 0
182 N -380.095211539 0
182 P -304.786756006 0
182 Q -369.012486871 0
182 R -370.593183986 0
182 S -380.717979315 0
182 T -386.864684183 0
182 V -375.626694552 0
182 W -370.168257794 0
182 Y -372.311197572 0
183 A -375.438956313 1
183 C -372.537639574 0
183 D -379.483334063 0
183 E -379.257245197 0
183 F -373.613452779 0
183 G -374.54027874 0
183 H -377.846387705 0
183 I -374.484510409 0
183 K -376.589627884 0
183 L -376.029122375 0
183 M -376.960614163 0
183 N -377.971970615 0
183 P -372.553699544 0
183 Q -375.874267822 0
183 R -376.101895368 0
183 S -376.759953418 0
183 T -375.676328946 0
183 V -374.653304142 0
183 W -373.98217319 0
183 Y -373.51857663 0
184 A -382.642137669 0
184 C -381.562282141 1
184 D -385.953825203 0
184 E -383.644583802 0
184 F -384.994637222 0
184 G -366.109826118 0
184 H -384.624267897 0
184 I -383.115314261 0
184 K -382.551248522 0
184 L -385.021047464 0
184 M -383.179789402 0
184 N -386.154804023 0
184 P -351.691835683 0
184 Q -383.643437227 0
184 R -383.243944588 0
184 S -384.526587041 0
184 T -382.049721788 0
184 V -383.831384848 0
184 W -382.922666073 0
184 Y -385.023274696 0
185 A -385.332155317 0
185 C -372.126011251 0
185 D -370.647405778 0
185 E -329.737879476 0
185 F 781.792880331 0
185 G -377.197285167 0
185 H 163.421596858 0
185 I -341.308925282 0
185 K 312.289072513 0
185 L -250.586164612 0
185 M -303.047538457 0
185 N -360.764026279 0
185 P -388.057371924 1
185 Q -315.706540422 0
185 R 915.417718898 0
185 S -382.255346627 0
185 T -363.885968942 0
185 V -363.333910767 0
185 W 1104.18273158 0
185 Y 693.480051349 0
186 A -346.481457279 0
186 C -281.072876818 0
186 D -196.949858037 0
186 E -12.457273984 0
186 F 483.795603609 0
186 G -386.106216472 1
186 H 516.492797957 0
186 I 395.509861183 0
186 K 134.189181464 0
186 L 633.290273381 0
186 M -57.8968767735 0
186 N -214.846361766 0
186 P -357.858886097 0
186 Q 24.6935580472 0
186 R 488.463824155 0
186 S -347.024531928 0
186 T -158.896296655 0
186 V 208.618073248 0
186 W 977.337040855 0
186 Y 519.804844062 0
187 A -385.173316496 0
187 C -381.76473791 0
187 D -387.970387617 0
187 E -385.19196583 0
187 F -384.937472194 0
187 G -383.858167166 0
187 H -386.063998737 0
187 I -384.162165343 0
187 K -385.634472065 0
187 L -385.087746147 0
187 M -383.768995659 0
187 N -384.63465762 0
187 P -350.46361929 0
187 Q -383.45800293 0
187 R -385.628384849 1
187 S -385.109850451 0
187 T -384.757713158 0
187 V -383.637187005 0
187 W -383.752367 0
187 Y -384.418072137 0
188 A -383.722692335 0
188 C -381.829329681 0
188 D -385.121910486 1
188 E -356.674956884 0
188 F -369.862086809 0
188 G -379.60506408 0
188 H -379.234878792 0
188 I -373.794902683 0
188 K -375.14319734 0
188 L -375.35556367 0
188 M -373.844739831 0
188 N -381.519992651 0
188 P -197.318892245 0
188 Q -379.797065745 0
188 R -379.895097446 0
188 S -381.113310847 0
188 T -380.58232149 0
188 V -374.510295128 0
188 W -373.80256848 0
188 Y -366.029327527 0
189 A -391.683248064 0
189 C -390.656714822 0
189 D -385.328123313 0
189 E -385.744088213 0
189 F -361.749983391 0
189 G -387.278884083 0
189 H -382.835450767 0
189 I -368.404799505 0
189 K -385.642452762 0
189 L -393.842608107 0
189 M -386.073223222 0
189 N -388.336052464 0
189 P -112.952737109 0
189 Q -390.963549608 0
189 R -396.549527306 1
189 S -389.998195002 0
189 T -390.501151352 0
189 V -381.229972904 0
189 W -370.451258421 0
189 Y -335.221056447 0
190 A -393.492340818 0
190 C -388.502449686 0
190 D -391.48164092 0
190 E -393.429930704 0
190 F -391.049113893 0
190 G -391.196679283 0
190 H -391.95605045 0
190 I -386.419868323 0
190 K -392.874598443 0
190 L -392.825725418 0
190 M -394.601451905 0
190 N -390.860171132 0
190 P -173.145985248 0
190 Q -393.424868114 0
190 R -393.703023522 1
190 S -391.781489407 0
190 T -391.303640662 0
190 V -381.592137918 0
190 W -391.944261383 0
190 Y -390.764846893 0
191 A -392.356708964 0
191 C -391.430410015 0
191 D -391.968280593 0
191 E -396.216466114 0
191 F -392.108616644 0
191 G -391.864077828 0
191 H -393.596468823 0
191 I -386.459434407 0
191 K -395.574668532 0
191 L -386.722544683 0
191 M -394.641517223 0
191 N -390.532773249 0
191 P -104.917764622 0
191 Q -392.435778775 0
191 R -391.18881258 0
191 S -391.907708111 0
191 T -392.417811192 1
191 V -389.153249971 0
191 W -394.358585079 0
191 Y -391.738741858 0
192 A -391.340330189 0
192 C -392.576700046 0
192 D -395.260982902 0
192 E -401.233762011 1
192 F -391.675124772 0
192 G -390.600108868 0
192 H -394.098753337 0
192 I -394.589854787 0
192 K -396.493213799 0
192 L -395.13046345 0
192 M -396.494426516 0
192 N -393.185938751 0
192 P -143.173627727 0
192 Q -393.34908502 0
192 R -395.370881755 0
192 S -392.88781935 0
192 T -391.46679736 0
192 V -390.66691101 0
192 W -394.153059088 0
192 Y -391.601879927 0
193 A -388.431327168 0
193 C -387.559667456 0
193 D -391.233372277 0
193 E -395.988038217 1
193 F -385.746589692 0
193 G -384.670017498 0
193 H -387.099873914 0
193 I -389.237048017 0
193 K -387.502298951 0
193 L -388.895241718 0
193 M -387.691427095 0
193 N -387.423610658 0
193 P -130.162281279 0
193 Q -392.429533701 0
193 R -387.17553085 0
193 S -387.666224396 0
193 T -387.540910224 0
193 V -388.457276399 0
193 W -386.540106696 0
193 Y -385.777846055 0
194 A -391.728430029 0
194 C -385.859953829 0
194 D -389.703863482 0
194 E -390.055629805 1
194 F -387.954392569 0
194 G -390.053614072 0
194 H -389.583976745 0
194 I -340.794844421 0
194 K -390.220006026 0
194 L -390.134025802 0
194 M -389.432732997 0
194 N -389.399718722 0
194 P 68.7650066173 0
194 Q -389.938913236 0
194 R -395.14874339 0
194 S -389.192777918 0
194 T -388.903996703 0
194 V -336.39463027 0
194 W -388.652016672 0
194 Y -388.170086621 0
195 A -392.846202157 0
195 C -391.377213449 0
195 D -390.181078617 0
195 E -393.901796528 0
195 F -390.506322962 0
195 G -392.208760438 0
195 H -393.134467273 0
195 I -389.171649234 0
195 K -394.127927081 0
195 L -394.016816742 0
195 M -392.550172311 0
195 N -393.432509446 1
195 P -203.893778203 0
195 Q -392.696280233 0
195 R -393.736791542 0
195 S -393.037203466 0
195 T -391.544356967 0
195 V -389.624761063 0
195 W -393.599789325 0
195 Y -389.992371456 0
196 A -385.698287753 0
196 C -384.632682951 0
196 D -384.663191832 0
196 E -385.90337653 0
196 F -383.489492302 0
196 G -386.328547128 0
196 H -386.092798817 0
196 I -386.423533098 0
196 K -386.994615354 0
196 L -386.629081132 1
196 M -385.814447583 0
196 N -386.193494699 0
196 P -354.113193631 0
196 Q -386.37573339 0
196 R -387.575162456 0
196 S -385.617699911 0
196 T -385.638529666 0
196 V -386.792907265 0
196 W -384.930797137 0
196 Y -384.057693523 0
