1 A -150.756896373 0
1 C -149.083241321 0
1 D -153.872546565 0
1 E -151.656437018 0
1 F -149.871239801 0
1 G -151.286962845 0
1 H -152.26532402 0
1 I -149.518414276 0
1 K -151.760972105 1
1 L -152.431090377 0
1 M -150.431132449 0
1 N -151.949763659 0
1 P -154.576191547 0
1 Q -149.9851686 0
1 R -151.632235648 0
1 S -152.089194202 0
1 T -148.064505984 0
1 V -148.502695442 0
1 W -149.722280235 0
1 Y -149.517705985 0
2 A -152.465223 0
2 C -154.104221323 0
2 D -155.972470392 0
2 E -155.447304865 1
2 F -154.268656025 0
2 G -148.132235211 0
2 H -153.654210156 0
2 I -156.147038768 0
2 K -154.058688529 0
2 L -156.165266597 0
2 M -154.407672592 0
2 N -153.979557793 0
2 P -152.590528379 0
2 Q -153.138514713 0
2 R -154.193853843 0
2 S -152.126150719 0
2 T -156.249436197 0
2 V -156.287001115 0
2 W -151.935840535 0
2 Y -153.792091546 0
3 A -154.800297923 0
3 C -153.569359877 0
3 D -152.317355755 0
3 E -156.389388081 0
3 F -155.781511735 0
3 G -152.397608953 0
3 H -155.264685067 0
3 I -151.394657351 0
3 K -156.238441725 0
3 L -158.903227464 1
3 M -155.293459939 0
3 N -154.835853408 0
3 P -148.663126316 0
3 Q -157.808144108 0
3 R -155.976306741 0
3 S -154.760272905 0
3 T -154.700937074 0
3 V -151.542327289 0
3 W -153.788442468 0
3 Y -155.977644016 0
4 A -149.068240206 0
4 C -149.068638964 0
4 D -142.17508505 0
4 E -145.035794211 0
4 F -94.4184736231 0
4 G -144.099958002 0
4 H -133.064750482 0
4 I -147.971966212 0
4 K -130.723932973 0
4 L -133.799276956 0
4 M -147.027888795 0
4 N -146.786160716 0
4 P -83.6814998883 0
4 Q -142.654481424 0
4 R -88.2928738663 0
4 S -147.907777871 0
4 T -150.903806589 0
4 V -155.025070738 1
4 W -76.9058629032 0
4 Y -139.399800786 0
5 A -146.967087744 0
5 C -146.229075757 0
5 D -143.949728386 0
5 E -149.409604196 0
5 F -144.958163472 0
5 G -143.26917091 0
5 H -147.339605855 0
5 I -145.795379221 0
5 K -149.226016774 0
5 L -152.154110324 1
5 M -149.047365722 0
5 N -146.556705484 0
5 P 13.0552699329 0
5 Q -147.624541796 0
5 R -148.72942981 0
5 S -146.397269068 0
5 T -147.289709352 0
5 V -145.171343796 0
5 W -143.568609901 0
5 Y -144.256036383 0
6 A -153.361512792 1
6 C -146.790817557 0
6 D -135.870479612 0
6 E -92.5885917127 0
6 F 159.279840523 0
6 G -147.387689975 0
6 H 115.208831418 0
6 I -80.1691707581 0
6 K -79.8611626881 0
6 L 123.301437678 0
6 M 140.694682627 0
6 N -137.912961049 0
6 P 51.3273671648 0
6 Q -73.7498963674 0
6 R 6.47666665533 0
6 S -150.255611032 0
6 T -151.568901381 0
6 V -154.0919279 0
6 W -32.3169617643 0
6 Y 176.402943076 0
7 A -146.179626239 0
7 C -144.730389078 0
7 D -143.703864912 0
7 E -146.220680988 0
7 F -142.485375348 0
7 G -142.871840869 0
7 H -141.703780907 0
7 I -147.967921159 0
7 K -147.407186114 0
7 L -151.247499552 1
7 M -148.02525412 0
7 N -146.860164498 0
7 P 136.711385983 0
7 Q -145.613508418 0
7 R -147.395598329 0
7 S -145.172345806 0
7 T -145.257113057 0
7 V -147.647739223 0
7 W -142.562348184 0
7 Y -142.439876464 0
8 A -148.497903862 0
8 C -146.107204379 0
8 D -147.145613133 0
8 E -149.082922795 0
8 F -149.983184994 0
8 G -145.570234127 0
8 H -150.039067602 0
8 I -145.833130071 0
8 K -149.345493129 0
8 L -149.631974524 0
8 M -148.591485018 0
8 N -147.655683315 0
8 P -102.195122243 0
8 Q -148.667237747 0
8 R -149.344161184 0
8 S -148.495019932 0
8 T -149.086165516 0
8 V -150.510642974 0
8 W -148.159185714 0
8 Y -150.86876433 1
9 A -147.989043524 0
9 C -146.666914689 0
9 D -153.055501883 1
9 E -149.106894728 0
9 F -145.423799425 0
9 G -146.136955149 0
9 H -147.030847235 0
9 I -145.604456686 0
9 K -146.49134735 0
9 L -139.80368775 0
9 M -145.981896687 0
9 N -147.815123916 0
9 P -148.556448337 0
9 Q -146.209055865 0
9 R -145.560185625 0
9 S -148.543454934 0
9 T -147.287947565 0
9 V -145.963400317 0
9 W -141.600493221 0
9 Y -143.950681698 0
10 A -146.117083943 0
10 C -146.075799337 0
10 D -148.493101042 0
10 E -147.994228592 0
10 F -155.57368182 0
10 G -140.80382937 0
10 H -151.500620254 0
10 I -133.747941408 0
10 K -147.615818539 0
10 L -147.477054572 0
10 M -149.367111574 0
10 N -148.703507837 0
10 P -45.3796955519 0
10 Q -146.552341051 0
10 R -146.749815765 0
10 S -146.667964056 0
10 T -145.726630705 0
10 V -148.406353085 0
10 W -151.426043134 0
10 Y -155.020624659 1
11 A -150.087506032 0
11 C -149.089173758 0
11 D -150.884866851 0
11 E -152.095469299 0
11 F -151.325033057 0
11 G -147.882861567 0
11 H -151.436300695 0
11 I -152.951461709 0
11 K -151.331368987 0
11 L -152.129822748 0
11 M -150.655153267 0
11 N -151.142070909 0
11 P -146.747986821 0
11 Q -154.177054911 1
11 R -151.133154678 0
11 S -150.648288801 0
11 T -150.935868777 0
11 V -152.879554065 0
11 W -151.446573395 0
11 Y -151.641835645 0
12 A -149.669747523 0
12 C -144.574317048 0
12 D -113.90029926 0
12 E -150.623011198 1
12 F 762.949596754 0
12 G -145.962728048 0
12 H 417.130777719 0
12 I -23.9660565417 0
12 K -146.324572076 0
12 L 451.087081301 0
12 M -149.942270511 0
12 N -145.170886491 0
12 P -133.828104009 0
12 Q -142.141798628 0
12 R -147.541677698 0
12 S -146.852321346 0
12 T -146.783091343 0
12 V -124.328740821 0
12 W -140.124725772 0
12 Y 878.226826818 0
13 A -147.586672367 0
13 C -147.193154877 0
13 D -147.022104329 0
13 E -148.92780911 0
13 F -149.259475368 0
13 G -147.699164113 0
13 H -150.2910628 0
13 I -148.604724242 0
13 K -150.145281828 1
13 L -149.512702483 0
13 M -148.604583753 0
13 N -149.613858827 0
13 P -135.826783871 0
13 Q -148.637457693 0
13 R -150.389592015 0
13 S -148.709416023 0
13 T -149.220980396 0
13 V -149.125294937 0
13 W -147.986914535 0
13 Y -149.90059087 0
14 A -152.187326158 0
14 C -148.489644135 0
14 D -142.867390414 0
14 E -150.406081831 0
14 F -148.404854168 0
14 G -150.443276045 0
14 H -150.543151641 0
14 I -147.14600646 0
14 K -151.445798271 0
14 L -149.987168009 0
14 M -149.237049461 0
14 N -148.501803411 0
14 P -110.537170821 0
14 Q -149.715857129 0
14 R -151.941024641 0
14 S -151.063642872 1
14 T -149.305954195 0
14 V -148.940387951 0
14 W -137.202622455 0
14 Y -149.123552735 0
15 A -151.242529297 0
15 C -148.395159615 0
15 D -153.160188874 0
15 E -154.859624636 0
15 F -150.462913493 0
15 G -150.772202149 0
15 H -152.904204278 0
15 I -149.424345584 0
15 K -152.358202347 0
15 L -150.685247967 0
15 M -150.327597648 0
15 N -151.25306916 0
15 P -151.527484649 1
15 Q -151.103521696 0
15 R -151.655608784 0
15 S -152.730220112 0
15 T -150.656763793 0
15 V -149.53094014 0
15 W -152.662792222 0
15 Y -150.738918227 0
16 A -149.018581285 0
16 C -148.070449097 0
16 D -150.882547623 0
16 E -150.853454668 0
16 F -150.484893327 0
16 G -148.212950285 0
16 H -149.697856169 0
16 I -149.597462518 0
16 K -151.266240464 0
16 L -150.790831609 0
16 M -149.875968635 0
16 N -150.264665229 0
16 P -133.759492902 0
16 Q -149.275035599 0
16 R -150.300275542 1
16 S -150.713893076 0
16 T -150.499700876 0
16 V -149.575383524 0
16 W -151.772727292 0
16 Y -150.583364126 0
17 A -148.414755921 0
17 C -148.117218395 0
17 D -148.281458528 0
17 E -154.199353552 1
17 F -148.497728142 0
17 G -146.175352355 0
17 H -147.855761058 0
17 I -139.887604423 0
17 K -142.402761516 0
17 L -152.32917234 0
17 M -148.441900091 0
17 N -147.310204166 0
17 P -70.8864230967 0
17 Q -153.352763906 0
17 R -144.494029578 0
17 S -146.262602364 0
17 T -147.82686754 0
17 V -139.782936867 0
17 W -141.028514457 0
17 Y -147.854343993 0
18 A -146.104381438 0
18 C -145.656903567 0
18 D -143.148233578 0
18 E -139.575480573 0
18 F -101.290951802 0
18 G -141.888425324 0
18 H -123.261566878 0
18 I -141.78190168 0
18 K -133.79170775 0
18 L -82.4166387232 0
18 M -140.634696263 0
18 N -144.282626552 0
18 P -76.2797123935 0
18 Q -139.650241073 0
18 R -140.14166769 0
18 S -145.528356908 0
18 T -148.120068768 0
18 V -153.222988071 1
18 W -36.0149777725 0
18 Y -105.940582007 0
19 A -148.737535384 0
19 C -146.879259543 0
19 D -144.913798487 0
19 E -148.485007733 0
19 F -82.9310810664 0
19 G -146.289072103 0
19 H -144.455516254 0
19 I -147.348192421 0
19 K -147.363678115 0
19 L -146.575117928 0
19 M -147.203475289 0
19 N -146.071691203 0
19 P -147.012775938 0
19 Q -146.77891467 0
19 R -146.570904497 0
19 S -150.616744931 0
19 T -152.846644003 1
19 V -148.022462627 0
19 W -91.9964195399 0
19 Y -81.4984733566 0
20 A -147.709299983 0
20 C -146.282095973 0
20 D -141.394887756 0
20 E -146.165802242 0
20 F -110.549094696 0
20 G -142.97168232 0
20 H -142.749671446 0
20 I -152.589858768 0
20 K -144.247815358 0
20 L -133.759760978 0
20 M -153.986100359 1
20 N -144.699391074 0
20 P -119.706438048 0
20 Q -148.052523912 0
20 R -129.993995895 0
20 S -147.112787299 0
20 T -148.346544498 0
20 V -151.487376853 0
20 W -43.5625921222 0
20 Y -122.895799008 0
21 A -149.411995093 0
21 C -148.447442519 0
21 D -150.039382923 0
21 E -149.893437315 0
21 F -151.409315372 0
21 G -147.587012064 0
21 H -150.619685399 0
21 I -149.85732545 0
21 K -150.639071852 1
21 L -152.15824265 0
21 M -151.635743053 0
21 N -151.063158914 0
21 P -139.582373357 0
21 Q -148.64777916 0
21 R -153.473831891 0
21 S -150.126733035 0
21 T -148.646379156 0
21 V -147.947702922 0
21 W -151.307121553 0
21 Y -150.862799502 0
22 A -149.976333858 0
22 C -147.996586466 0
22 D -145.004359074 0
22 E -148.309587412 0
22 F -83.3503394181 0
22 G -147.078710403 0
22 H -124.664204426 0
22 I -146.800448511 0
22 K -149.90002978 1
22 L -145.81275662 0
22 M -146.919701116 0
22 N -147.699745169 0
22 P -135.036269938 0
22 Q -148.65158033 0
22 R -148.726905476 0
22 S -148.988085827 0
22 T -148.814571668 0
22 V -146.870475795 0
22 W -137.449173022 0
22 Y -105.492509783 0
23 A -139.484849138 0
23 C -131.793344209 0
23 D -139.006872312 0
23 E -136.737980647 0
23 F -138.497943437 0
23 G -150.105969088 1
23 H -141.542684131 0
23 I -128.055130763 0
23 K -140.047325591 0
23 L -138.082511947 0
23 M -136.172973694 0
23 N -142.365306021 0
23 P -39.2704523451 0
23 Q -137.223257377 0
23 R -140.355936865 0
23 S -142.680160765 0
23 T -134.347821897 0
23 V -128.162634121 0
23 W -137.021791579 0
23 Y -139.170944549 0
24 A -147.16580287 0
24 C -144.568044038 0
24 D -149.979547593 1
24 E -149.680634187 0
24 F -144.413802653 0
24 G -143.508695773 0
24 H -147.038990595 0
24 I -140.586510004 0
24 K -143.745440779 0
24 L -138.326488144 0
24 M -150.247788156 0
24 N -146.420761852 0
24 P 138.211840423 0
24 Q -148.033135381 0
24 R -144.537801836 0
24 S -145.102345681 0
24 T -145.102480809 0
24 V -136.802592674 0
24 W -133.550936185 0
24 Y -145.209041044 0
25 A -144.986548973 0
25 C -145.318551928 0
25 D -145.621606632 0
25 E -147.074484812 0
25 F -148.078374446 0
25 G -141.27492456 0
25 H -147.138531591 0
25 I -152.697533245 1
25 K -147.030281351 0
25 L -149.845871414 0
25 M -146.483252373 0
25 N -146.996270558 0
25 P -140.37672687 0
25 Q -145.974279165 0
25 R -147.409778846 0
25 S -146.499940588 0
25 T -148.693378548 0
25 V -150.317126262 0
25 W -145.359315642 0
25 Y -148.023398923 0
26 A -147.572366281 0
26 C -148.377322421 0
26 D -147.306303808 0
26 E -149.210338336 0
26 F -131.002619667 0
26 G -144.455506606 0
26 H -147.011408455 0
26 I -136.509511042 0
26 K -107.56284704 0
26 L -155.833910109 1
26 M -151.821929615 0
26 N -150.308447642 0
26 P -52.591107599 0
26 Q -148.159859366 0
26 R -131.78753361 0
26 S -142.57229109 0
26 T -144.817490131 0
26 V -137.506443054 0
26 W -96.2402483684 0
26 Y -109.12608742 0
27 A -154.738248977 0
27 C -154.516904798 0
27 D -153.081217256 0
27 E -154.189728967 0
27 F -155.435792576 0
27 G -150.965961436 0
27 H -155.303078983 0
27 I -159.465317101 0
27 K -156.191027684 0
27 L -155.564969714 0
27 M -153.664529645 0
27 N -154.466290833 0
27 P -71.9778682337 0
27 Q -153.449494072 0
27 R -155.946942481 0
27 S -154.560462001 0
27 T -157.487883747 1
27 V -158.922845197 0
27 W -154.207718216 0
27 Y -155.290931137 0
28 A -144.728088354 0
28 C -145.29052499 0
28 D -146.241844028 0
28 E -147.364700154 0
28 F -48.5676621047 0
28 G -141.50269095 0
28 H -134.817060998 0
28 I -140.053591139 0
28 K -143.464720633 0
28 L -155.434453032 1
28 M -149.158221577 0
28 N -147.317583405 0
28 P -5.6053972412 0
28 Q -146.804313907 0
28 R -141.472783462 0
28 S -145.559869255 0
28 T -143.835489396 0
28 V -134.740334023 0
28 W -74.6683856371 0
28 Y 139.34213722 0
29 A -140.61058957 0
29 C -143.562402927 0
29 D -144.096230544 0
29 E -146.951517687 0
29 F -139.672992099 0
29 G -137.859267328 0
29 H -141.311349879 0
29 I -147.9048618 0
29 K -142.610731884 0
29 L -150.157200251 1
29 M -144.570274024 0
29 N -144.461158266 0
29 P 40.0516237236 0
29 Q -145.97307661 0
29 R -142.722112151 0
29 S -143.206926624 0
29 T -141.516434127 0
29 V -146.178022445 0
29 W -139.81534334 0
29 Y -140.244518511 0
30 A -145.641405864 0
30 C -144.822484044 0
30 D -150.125505393 0
30 E -146.268723621 0
30 F -138.355951387 0
30 G -142.53569274 0
30 H -143.75934814 0
30 I -143.882107948 0
30 K -146.119540916 0
30 L -146.406753555 0
30 M -145.932679306 0
30 N -148.53093807 1
30 P -57.8957401665 0
30 Q -145.657188172 0
30 R -146.568507258 0
30 S -147.290675274 0
30 T -143.347807777 0
30 V -144.4134113 0
30 W -139.187434366 0
30 Y -134.720259205 0
31 A -151.319656915 0
31 C -149.778440218 0
31 D -157.138889056 0
31 E -154.236571783 0
31 F -154.579508656 0
31 G -147.566084714 0
31 H -154.785176738 0
31 I -144.420828865 0
31 K -153.50146734 0
31 L -144.349078586 0
31 M -151.90355065 0
31 N -155.459139686 0
31 P -151.165813828 0
31 Q -153.775639439 0
31 R -152.081220379 0
31 S -154.712117501 1
31 T -141.568454243 0
31 V -148.078142702 0
31 W -152.190045787 0
31 Y -154.686052947 0
32 A -149.473139189 0
32 C -147.028958808 0
32 D -150.948040954 0
32 E -150.875915183 0
32 F -147.949675778 0
32 G -148.513782319 0
32 H -149.680242729 0
32 I -147.498370082 0
32 K -150.60433432 0
32 L -150.344950745 0
32 M -149.499308023 0
32 N -150.451988971 0
32 P -119.768463077 0
32 Q -149.035195407 0
32 R -150.056668652 0
32 S -150.92226628 0
32 T -149.295157839 1
32 V -147.946954439 0
32 W -148.334539712 0
32 Y -148.035586695 0
33 A -145.767184341 0
33 C -145.172952132 0
33 D -150.5277408 0
33 E -147.214472125 0
33 F -147.06913099 0
33 G -144.455394623 0
33 H -146.297839995 0
33 I -148.102201308 0
33 K -146.571707351 0
33 L -147.793021258 0
33 M -145.952535664 0
33 N -150.233669162 1
33 P -132.454535845 0
33 Q -145.58295184 0
33 R -149.221227651 0
33 S -146.783013003 0
33 T -146.727619183 0
33 V -147.435301936 0
33 W -147.323077455 0
33 Y -146.967888707 0
34 A -146.003782947 0
34 C -144.334160668 0
34 D -147.268454241 0
34 E -147.668319639 0
34 F -143.991876103 0
34 G -145.192912235 0
34 H -145.807283348 0
34 I -144.731847443 0
34 K -148.705252241 1
34 L -146.685495913 0
34 M -146.00409792 0
34 N -146.396360984 0
34 P -146.83131191 0
34 Q -146.057705718 0
34 R -147.159875192 0
34 S -146.797103048 0
34 T -146.280667336 0
34 V -144.888649172 0
34 W -144.679481591 0
34 Y -143.854342372 0
35 A -144.647365192 0
35 C -142.439303568 0
35 D -150.006567839 1
35 E -146.025219619 0
35 F -142.015754689 0
35 G -142.888633804 0
35 H -141.094168224 0
35 I -144.941324249 0
35 K -146.074129263 0
35 L -145.824749709 0
35 M -143.462553567 0
35 N -144.879962555 0
35 P -120.260032492 0
35 Q -144.52875329 0
35 R -145.542880911 0
35 S -145.15297252 0
35 T -144.87760789 0
35 V -145.295209793 0
35 W -140.089571976 0
35 Y -142.14768406 0
36 A -144.005465625 0
36 C -142.588239454 0
36 D -146.49915572 0
36 E -149.953460836 0
36 F -149.743972359 0
36 G -139.921204065 0
36 H -149.287460959 0
36 I -149.106404094 0
36 K -147.457785188 0
36 L -150.476997805 0
36 M -150.697372556 0
36 N -144.792742533 0
36 P -101.644390108 0
36 Q -145.110985485 0
36 R -149.752805174 0
36 S -145.989550028 0
36 T -143.983104566 0
36 V -146.305093488 0
36 W -153.286079762 1
36 Y -151.004451481 0
37 A -141.048387354 0
37 C -140.92693542 0
37 D -140.953048575 0
37 E -146.589253628 0
37 F -142.621251436 0
37 G -136.505516822 0
37 H -146.113618072 0
37 I -142.717694946 0
37 K -142.40291211 0
37 L -143.664218468 0
37 M -146.877532181 0
37 N -142.84180107 0
37 P -101.289795933 0
37 Q -144.981947286 0
37 R -147.25503622 0
37 S -140.25863932 0
37 T -141.450007037 0
37 V -145.676264476 0
37 W -151.993143065 1
37 Y -140.820210889 0
38 A -147.020698488 0
38 C -146.8808416 0
38 D -145.026504079 0
38 E -148.38291681 0
38 F -107.05768451 0
38 G -142.406892985 0
38 H -143.025475135 0
38 I -127.661733426 0
38 K -149.464266317 1
38 L -145.098744748 0
38 M -148.561100159 0
38 N -147.732917769 0
38 P -60.4099694012 0
38 Q -147.393845463 0
38 R -152.41943169 0
38 S -146.114008252 0
38 T -145.861338833 0
38 V -148.967975381 0
38 W -135.454471826 0
38 Y -123.493734506 0
39 A -141.559506519 0
39 C -143.33794292 0
39 D -137.921009516 0
39 E -140.514493038 0
39 F -133.555804568 0
39 G -137.767743683 0
39 H -133.677901493 0
39 I -128.931878182 0
39 K -124.322856427 0
39 L -140.65761322 0
39 M -135.275495114 0
39 N -142.369652244 0
39 P -84.3263467423 0
39 Q -137.974385697 0
39 R -119.182554135 0
39 S -141.790051805 0
39 T -145.788320735 0
39 V -150.299215111 1
39 W -87.3044953741 0
39 Y -125.88441052 0
40 A -151.399162611 0
40 C -152.254144939 0
40 D -148.027259312 0
40 E -155.896460684 1
40 F -28.2856753003 0
40 G -145.955414952 0
40 H -135.69135758 0
40 I -146.845646616 0
40 K -155.031962223 0
40 L -151.495992157 0
40 M -154.604704181 0
40 N -152.393323057 0
40 P 9.74266161488 0
40 Q -156.776382219 0
40 R -156.100405578 0
40 S -152.30822165 0
40 T -153.709866659 0
40 V -150.43526899 0
40 W -112.405554416 0
40 Y 14.4298501602 0
41 A -149.592224559 0
41 C -150.781798059 0
41 D -148.218104778 0
41 E -147.134953144 0
41 F -142.875606079 0
41 G -144.166162383 0
41 H -150.519593557 0
41 I -150.588958876 0
41 K -151.303559713 0
41 L -140.203869781 0
41 M -148.053913168 0
41 N -151.986614537 0
41 P -95.1317950607 0
41 Q -150.141333512 0
41 R -154.001617055 0
41 S -149.884572935 0
41 T -149.352918164 0
41 V -154.92188257 1
41 W -150.22645104 0
41 Y -138.289957002 0
42 A -151.105559607 0
42 C -143.553195547 0
42 D -154.011831848 0
42 E -148.602327399 0
42 F -145.030826605 0
42 G -154.559929751 0
42 H -146.372101561 0
42 I -141.598291549 0
42 K -154.169494827 0
42 L -145.612498701 0
42 M -144.908953833 0
42 N -154.178246448 1
42 P -106.728636094 0
42 Q -150.581436468 0
42 R -146.469097579 0
42 S -153.884528147 0
42 T -145.837916675 0
42 V -141.680163698 0
42 W -144.752344333 0
42 Y -144.620649974 0
43 A -152.025687188 0
43 C -151.152818197 0
43 D -153.909218491 1
43 E -152.459123306 0
43 F -149.418531308 0
43 G -152.088681595 0
43 H -153.904688672 0
43 I -150.121411907 0
43 K -153.323821271 0
43 L -151.063905021 0
43 M -150.753370839 0
43 N -153.331310595 0
43 P -127.885539033 0
43 Q -149.926430783 0
43 R -152.881199963 0
43 S -154.574289879 0
43 T -149.421764801 0
43 V -149.759409454 0
43 W -151.127161347 0
43 Y -149.499884485 0
44 A -149.783739914 0
44 C -149.462512157 0
44 D -149.27101237 0
44 E -152.205442844 0
44 F -149.36849781 0
44 G -147.971643743 0
44 H -150.621384097 0
44 I -151.891405995 0
44 K -152.277409456 0
44 L -151.67819327 0
44 M -150.54606543 0
44 N -149.999909341 0
44 P -2.4334581736 0
44 Q -151.671344986 0
44 R -155.373215697 1
44 S -149.821512745 0
44 T -151.015513367 0
44 V -151.790240811 0
44 W -149.902477083 0
44 Y -149.299951493 0
45 A -148.950997289 0
45 C -149.018578818 0
45 D -146.955965149 0
45 E -150.01953609 0
45 F -147.100650957 0
45 G -145.858375222 0
45 H -151.687479816 0
45 I -150.616056721 0
45 K -151.673119088 0
45 L -141.872851363 0
45 M -149.799244996 0
45 N -145.856605094 0
45 P -139.354727085 0
45 Q -152.223636697 1
45 R -152.855753375 0
45 S -149.189892185 0
45 T -151.68936089 0
45 V -151.297284758 0
45 W -145.904367557 0
45 Y -147.565587104 0
46 A -100.243698326 0
46 C 151.179361272 0
46 D 22.1514997897 0
46 E -81.2341617161 0
46 F 736.937330178 0
46 G -152.627375211 1
46 H 957.711016287 0
46 I 730.526678481 0
46 K -95.5997508248 0
46 L -89.1199720706 0
46 M -97.4457266246 0
46 N -97.5916053849 0
46 P -62.5442920778 0
46 Q -82.8993526654 0
46 R -100.833902431 0
46 S -20.4673634238 0
46 T -68.0204339249 0
46 V -41.484838526 0
46 W 522.366855343 0
46 Y 727.605332531 0
47 A -146.927637574 0
47 C -146.200429517 0
47 D -145.732698657 0
47 E -148.922655027 0
47 F -151.749191398 1
47 G -142.556229347 0
47 H -147.953665886 0
47 I -146.857789932 0
47 K -146.75086886 0
47 L -148.811922008 0
47 M -147.283415236 0
47 N -146.554273804 0
47 P -16.8843892605 0
47 Q -147.861976145 0
47 R -146.761657122 0
47 S -145.25407077 0
47 T -146.514039093 0
47 V -145.895801585 0
47 W -146.554358701 0
47 Y -151.421375224 0
48 A -140.817131436 0
48 C -142.069049122 0
48 D -133.070011768 0
48 E -133.759904156 0
48 F -120.329282149 0
48 G -135.986924889 0
48 H -130.879154236 0
48 I -143.755052598 0
48 K -123.033255058 0
48 L -135.418334765 0
48 M -137.442775764 0
48 N -138.483987031 0
48 P -107.02215614 0
48 Q -135.492675133 0
48 R -107.609498565 0
48 S -139.989746364 0
48 T -145.478136846 0
48 V -150.196085075 1
48 W 55.6913997049 0
48 Y -117.26939075 0
49 A -144.086305668 0
49 C -142.77569848 0
49 D -143.02958273 0
49 E -144.348289733 0
49 F -146.827518672 0
49 G -140.968858801 0
49 H -143.019834577 0
49 I -143.83761702 0
49 K -144.523894646 0
49 L -146.530240435 0
49 M -144.485325865 0
49 N -144.605860209 0
49 P -149.176076278 1
49 Q -143.197512115 0
49 R -144.161821084 0
49 S -143.019365412 0
49 T -142.227300286 0
49 V -144.418623697 0
49 W -145.268911929 0
49 Y -146.830127953 0
50 A -150.676686372 1
50 C -122.63504274 0
50 D -130.339178305 0
50 E -135.497638555 0
50 F -103.1204578 0
50 G -146.46531092 0
50 H -49.3611389912 0
50 I -76.1480171419 0
50 K -129.039378289 0
50 L -130.823826331 0
50 M -141.627214325 0
50 N -130.387819199 0
50 P 248.766908667 0
50 Q -140.982068182 0
50 R -148.284998172 0
50 S -150.266195082 0
50 T -136.885593305 0
50 V -134.051943563 0
50 W 74.5357274095 0
50 Y 54.1359061055 0
51 A -150.411860333 1
51 C -147.71800248 0
51 D -151.490394415 0
51 E -151.466629292 0
51 F -148.908930516 0
51 G -149.362499675 0
51 H -150.23373867 0
51 I -144.776554107 0
51 K -151.166836369 0
51 L -150.734897571 0
51 M -149.979182896 0
51 N -150.79455946 0
51 P -144.170777816 0
51 Q -151.032060407 0
51 R -151.776476327 0
51 S -151.98141437 0
51 T -150.749503766 0
51 V -145.449387722 0
51 W -149.038999282 0
51 Y -148.885096173 0
52 A -148.803823819 0
52 C -147.653234275 0
52 D -148.890043795 0
52 E -147.860259517 0
52 F -149.482569653 0
52 G -145.836813867 0
52 H -150.189316139 0
52 I -140.246284653 0
52 K -149.237983715 0
52 L -151.70002105 0
52 M -149.911274193 0
52 N -149.745401143 0
52 P -1.38137092676 0
52 Q -149.539604602 0
52 R -150.245129828 0
52 S -148.386373454 0
52 T -147.651648954 0
52 V -141.523206397 0
52 W -136.230151137 0
52 Y -150.721661255 1
53 A -148.383778064 0
53 C -148.956220203 0
53 D -143.999850822 0
53 E -145.060487007 0
53 F -127.707648658 0
53 G -144.065283993 0
53 H -132.645365094 0
53 I -127.26212666 0
53 K -120.76271075 0
53 L -148.825513805 0
53 M -145.159596294 0
53 N -148.176870149 0
53 P -89.330125967 0
53 Q -145.224325495 0
53 R -109.389940477 0
53 S -146.445365533 0
53 T -150.616402205 0
53 V -153.095813367 1
53 W 91.338053137 0
53 Y -114.622562682 0
54 A -150.541570561 0
54 C -148.808546021 0
54 D -148.161136405 0
54 E -152.034439057 0
54 F -149.915817988 0
54 G -146.753899917 0
54 H -150.769548483 0
54 I -149.078854819 0
54 K -152.323921719 1
54 L -152.773427233 0
54 M -151.737025941 0
54 N -149.812046775 0
54 P 56.4458176032 0
54 Q -151.129336417 0
54 R -152.584295787 0
54 S -150.665002129 0
54 T -150.029471842 0
54 V -148.867189495 0
54 W -148.503617009 0
54 Y -150.244358249 0
55 A -156.114202677 0
55 C -155.287519442 0
55 D -155.746491822 0
55 E -157.486669937 0
55 F -145.181873245 0
55 G -153.917195545 0
55 H -153.560027146 0
55 I -158.888889725 0
55 K -156.758608082 1
55 L -152.63011468 0
55 M -156.790096995 0
55 N -154.13637713 0
55 P -156.847015246 0
55 Q -155.239055847 0
55 R -157.474998969 0
55 S -157.025197543 0
55 T -157.232678492 0
55 V -158.95943296 0
55 W -152.946065982 0
55 Y -148.299126949 0
56 A -152.36744183 0
56 C -152.96497432 0
56 D -153.157641734 0
56 E -154.546367129 0
56 F -151.998110803 0
56 G -146.501107965 0
56 H -153.248045544 0
56 I -157.871461334 0
56 K -153.895055797 0
56 L -158.143220352 1
56 M -153.834281104 0
56 N -154.150520541 0
56 P 38.3787061158 0
56 Q -154.188671888 0
56 R -154.424632579 0
56 S -153.064611477 0
56 T -153.00895662 0
56 V -156.24247328 0
56 W -152.614313236 0
56 Y -151.818976429 0
57 A -156.07251851 0
57 C -154.191126591 0
57 D -153.918358326 1
57 E -157.902343732 0
57 F -153.784603674 0
57 G -156.434885137 0
57 H -155.654287817 0
57 I -156.889177038 0
57 K -157.515629884 0
57 L -156.853746304 0
57 M -155.720056146 0
57 N -154.666507722 0
57 P -157.704680101 0
57 Q -155.947038603 0
57 R -156.960137109 0
57 S -156.557785554 0
57 T -156.390220816 0
57 V -157.12608666 0
57 W -153.599164603 0
57 Y -154.072330095 0
