1 A -344.683028641 0
1 C -343.370872179 0
1 D -347.546952548 0
1 E -346.197841262 0
1 F -344.195736694 0
1 G -345.504657088 0
1 H -345.878148806 0
1 I -344.791661882 0
1 K -346.245884005 0
1 L -345.354799036 0
1 M -345.590234731 1
1 N -345.510293018 0
1 P -348.219470199 0
1 Q -344.569643201 0
1 R -345.599759849 0
1 S -346.415439616 0
1 T -345.151674747 0
1 V -344.321013118 0
1 W -341.975713993 0
1 Y -343.972835162 0
2 A -348.46643042 0
2 C -347.212886651 0
2 D -349.360277651 0
2 E -350.413683222 0
2 F -348.207800891 0
2 G -347.784924777 0
2 H -349.484567122 0
2 I -345.560308976 0
2 K -349.659793996 0
2 L -351.359115915 1
2 M -349.001497936 0
2 N -349.302268838 0
2 P -349.083650444 0
2 Q -348.248233822 0
2 R -348.471838189 0
2 S -350.284425394 0
2 T -349.859505644 0
2 V -348.009689626 0
2 W -348.566083827 0
2 Y -348.410571046 0
3 A -347.090986379 0
3 C -345.997918572 0
3 D -349.902966829 0
3 E -349.406111332 0
3 F -347.67975203 0
3 G -347.349972953 0
3 H -350.04849928 0
3 I -346.791154611 0
3 K -349.420114512 1
3 L -346.649832902 0
3 M -348.230596175 0
3 N -349.108751958 0
3 P -347.071067611 0
3 Q -348.696437133 0
3 R -348.197743807 0
3 S -350.018954623 0
3 T -346.50457991 0
3 V -346.407038872 0
3 W -347.834219359 0
3 Y -347.406680405 0
4 A -346.652432538 0
4 C -349.137110562 0
4 D -343.695173552 0
4 E -347.213845849 0
4 F -347.423460505 0
4 G -342.595562487 0
4 H -346.407054052 0
4 I -350.383879484 0
4 K -350.446556598 0
4 L -348.079022376 0
4 M -347.828161963 0
4 N -347.338379457 0
4 P -318.553004279 0
4 Q -348.400407984 1
4 R -348.466806934 0
4 S -348.623731131 0
4 T -345.947167777 0
4 V -352.019043244 0
4 W -347.685601875 0
4 Y -347.950178502 0
5 A -338.512928154 0
5 C -339.400116163 0
5 D -342.493486645 0
5 E -336.296166995 0
5 F -328.723157159 0
5 G -334.892966767 0
5 H -334.565659826 0
5 I -350.241469082 0
5 K -336.502503181 0
5 L -334.977310565 0
5 M -340.146066331 0
5 N -343.010265568 0
5 P -230.124167369 0
5 Q -332.718172933 0
5 R -343.266331277 0
5 S -338.113950028 0
5 T -341.868844757 0
5 V -345.46084583 1
5 W -320.913445702 0
5 Y -325.205683999 0
6 A -339.476630242 0
6 C -340.682656575 0
6 D -336.791384627 0
6 E -343.542348295 1
6 F -343.289110416 0
6 G -332.989338641 0
6 H -343.445579779 0
6 I -343.262929345 0
6 K -340.422829467 0
6 L -342.632547255 0
6 M -342.151405011 0
6 N -339.321897116 0
6 P -309.982683593 0
6 Q -343.517749168 0
6 R -341.119273109 0
6 S -338.33145889 0
6 T -336.909393332 0
6 V -343.84766873 0
6 W -345.659473594 0
6 Y -342.398194554 0
7 A -328.18752571 0
7 C -328.50178138 0
7 D -324.683574017 0
7 E -328.076779287 0
7 F -276.695978482 0
7 G -323.511786822 0
7 H -294.490155603 0
7 I -338.957311936 1
7 K -318.783707455 0
7 L -329.882952021 0
7 M -331.211971632 0
7 N -327.302351151 0
7 P -280.686458366 0
7 Q -329.694907008 0
7 R -304.281211743 0
7 S -327.925859275 0
7 T -330.720171529 0
7 V -334.686249105 0
7 W -237.822411169 0
7 Y -235.261431855 0
8 A -331.547936653 0
8 C -330.71826227 0
8 D -328.331051719 0
8 E -327.139081217 0
8 F -340.703486188 1
8 G -326.271946736 0
8 H -334.538942909 0
8 I -334.821437924 0
8 K -332.939156636 0
8 L -325.680603078 0
8 M -332.582618156 0
8 N -331.651453401 0
8 P -274.179366337 0
8 Q -330.634881288 0
8 R -333.247342169 0
8 S -330.421030754 0
8 T -327.847406063 0
8 V -334.065711473 0
8 W -331.19014115 0
8 Y -340.335020319 0
9 A -336.252689499 0
9 C -337.639714961 0
9 D -331.486902303 0
9 E -329.284144539 0
9 F -272.432685269 0
9 G -331.443490076 0
9 H -294.522240811 0
9 I -340.749963662 0
9 K -327.590761187 0
9 L -294.17797671 0
9 M -333.210408548 0
9 N -332.734099674 0
9 P -291.49446546 0
9 Q -329.880020885 0
9 R -286.407195838 0
9 S -335.7189777 0
9 T -339.28861076 1
9 V -340.625388405 0
9 W -228.281008503 0
9 Y -295.180186184 0
10 A -340.669734411 0
10 C -338.380609096 0
10 D -339.471403852 1
10 E -331.150280978 0
10 F -339.324445707 0
10 G -338.697744562 0
10 H -340.051819076 0
10 I -289.280534899 0
10 K -338.179921343 0
10 L -300.592027124 0
10 M -332.890372651 0
10 N -341.607896104 0
10 P -272.041052169 0
10 Q -333.299311815 0
10 R -337.616233602 0
10 S -340.045928661 0
10 T -337.319690489 0
10 V -280.100242591 0
10 W -329.052562125 0
10 Y -337.242506615 0
11 A -330.00324837 0
11 C 33.7843932728 0
11 D 11.3330760803 0
11 E -199.317492771 0
11 F 786.145237091 0
11 G -340.302116655 1
11 H 404.233884412 0
11 I -60.1371137033 0
11 K 31.2440101312 0
11 L -139.26360464 0
11 M -92.9005223265 0
11 N 2.34089530407 0
11 P -179.243172645 0
11 Q -156.811360049 0
11 R 54.1804885368 0
11 S -318.050706505 0
11 T -205.629118671 0
11 V 26.9487499461 0
11 W -63.1587719598 0
11 Y 101.856169899 0
12 A -342.27216724 0
12 C -339.142871141 0
12 D -339.637843295 0
12 E -337.299867335 0
12 F -341.249408511 0
12 G -337.625738489 0
12 H -343.576490109 0
12 I -336.872440416 0
12 K -338.392887044 0
12 L -332.532345298 0
12 M -337.51462186 0
12 N -340.173292541 0
12 P -264.466080529 0
12 Q -339.009486408 0
12 R -342.426033573 0
12 S -341.182085634 1
12 T -338.072317577 0
12 V -340.003604832 0
12 W -341.25202816 0
12 Y -341.73752092 0
13 A -340.339452646 0
13 C -340.624571479 1
13 D -331.440745148 0
13 E -291.62821998 0
13 F -259.072917908 0
13 G -335.259947444 0
13 H -185.639738812 0
13 I -262.726833752 0
13 K -228.766026684 0
13 L -241.479659134 0
13 M -285.971189678 0
13 N -334.720956306 0
13 P -181.893277208 0
13 Q -139.774787659 0
13 R -245.157636352 0
13 S -338.112163863 0
13 T -339.421415029 0
13 V -333.881699334 0
13 W 6.73578442336 0
13 Y -251.5671406 0
14 A -333.471553466 0
14 C -333.652183909 0
14 D -336.064951381 0
14 E -336.648916942 0
14 F -336.885848128 0
14 G -333.113787373 0
14 H -336.573457542 0
14 I -327.506708439 0
14 K -336.048210565 0
14 L -339.063178968 1
14 M -335.780372694 0
14 N -337.458822735 0
14 P -147.159704779 0
14 Q -335.644463969 0
14 R -336.109920708 0
14 S -335.643512864 0
14 T -335.705664689 0
14 V -326.874404051 0
14 W -335.046731257 0
14 Y -329.338217753 0
15 A -320.67919726 0
15 C -315.152224792 0
15 D -327.746201981 0
15 E -313.11706913 0
15 F -100.956478604 0
15 G -340.083276122 1
15 H -297.617212661 0
15 I 93.3167317897 0
15 K -315.515137768 0
15 L -312.815660662 0
15 M -314.494677876 0
15 N -333.543929354 0
15 P -81.2746247642 0
15 Q -311.436474497 0
15 R -315.521754545 0
15 S -322.550071328 0
15 T -215.671417333 0
15 V 74.5959548129 0
15 W -216.036418833 0
15 Y -182.540397244 0
16 A -336.086571524 0
16 C -334.037206197 0
16 D -338.198910732 0
16 E -339.49404847 0
16 F -337.461561234 0
16 G -324.378180096 0
16 H -337.936845709 0
16 I -335.93512548 0
16 K -337.148256718 0
16 L -337.56294368 0
16 M -341.018079744 0
16 N -338.597506609 1
16 P -310.577198047 0
16 Q -336.419420471 0
16 R -338.041998223 0
16 S -336.564232185 0
16 T -336.194658049 0
16 V -336.505042921 0
16 W -348.356963949 0
16 Y -345.603916129 0
17 A -334.92084123 0
17 C -330.892825139 0
17 D -333.597742431 0
17 E -334.60124955 0
17 F -331.480673097 0
17 G -332.885782995 0
17 H -331.845828701 0
17 I -296.417756594 0
17 K -301.611830143 0
17 L -327.298601487 0
17 M -322.043750315 0
17 N -333.702064541 0
17 P -339.450224865 1
17 Q -331.775984229 0
17 R -326.223032102 0
17 S -334.505090659 0
17 T -331.183935507 0
17 V -260.552275035 0
17 W -331.562915715 0
17 Y -331.257634082 0
18 A -314.298185008 0
18 C -296.039143306 0
18 D -291.660962438 0
18 E -262.429398616 0
18 F -289.494886529 0
18 G -340.136287738 1
18 H -292.438533643 0
18 I 2.70989352266 0
18 K -238.310239457 0
18 L -79.1874921053 0
18 M -246.267012574 0
18 N -296.359884026 0
18 P 131.042785518 0
18 Q -209.303863656 0
18 R -234.052852187 0
18 S -305.639655725 0
18 T -9.42737477363 0
18 V 135.253844459 0
18 W -282.369758128 0
18 Y -281.06179316 0
19 A -336.508720613 0
19 C -334.098691338 0
19 D -332.043782998 0
19 E -335.099476419 0
19 F -319.892706189 0
19 G -333.487531558 0
19 H -330.210330675 0
19 I -308.867532956 0
19 K -333.964659314 0
19 L -326.086473847 0
19 M -333.904985095 0
19 N -331.828949892 0
19 P -339.923924832 1
19 Q -332.274998527 0
19 R -334.665323721 0
19 S -335.108810959 0
19 T -334.005715819 0
19 V -333.882897561 0
19 W -330.995557648 0
19 Y -317.555599903 0
20 A -316.163106416 0
20 C -50.0273860191 0
20 D -266.355583157 0
20 E 50.8306637169 0
20 F -127.861561002 0
20 G -339.992414798 1
20 H 121.945194934 0
20 I 48.2968763755 0
20 K 248.330540451 0
20 L -243.904822255 0
20 M 144.622280988 0
20 N -271.149387626 0
20 P -225.942800486 0
20 Q 97.2286896826 0
20 R 208.351267602 0
20 S -291.254422451 0
20 T -196.576507597 0
20 V 76.7448181133 0
20 W 1147.16482417 0
20 Y -158.627302227 0
21 A -318.211103966 0
21 C -15.7476697042 0
21 D -111.090825079 0
21 E 100.4619735 0
21 F 1279.9439188 0
21 G -338.471109095 1
21 H 412.636115369 0
21 I 532.70353364 0
21 K 671.005090103 0
21 L 336.66485281 0
21 M 530.546039125 0
21 N -77.8448047484 0
21 P -44.2691709886 0
21 Q 145.405034742 0
21 R 154.833753546 0
21 S -309.93112582 0
21 T -146.720275963 0
21 V 41.6464923719 0
21 W 971.317957777 0
21 Y 1617.92590175 0
22 A -330.119792858 0
22 C -328.817048282 0
22 D -327.694619463 0
22 E -327.314051365 0
22 F -339.843620302 0
22 G -326.772463887 0
22 H -334.242916274 0
22 I -327.671125511 0
22 K -323.906322231 0
22 L -332.053810424 0
22 M -332.856534055 0
22 N -328.369267631 0
22 P -270.004602341 0
22 Q -325.961801369 0
22 R -317.411036049 0
22 S -328.433119816 0
22 T -327.63890161 0
22 V -329.700630957 0
22 W -333.176332246 0
22 Y -340.248796857 1
23 A -329.582434673 0
23 C -254.138945444 0
23 D -246.685355326 0
23 E -219.20871065 0
23 F 41.7204002322 0
23 G -339.675120575 1
23 H -139.58625694 0
23 I 134.191463168 0
23 K -160.243486968 0
23 L -117.051735197 0
23 M -164.682969225 0
23 N -212.470034886 0
23 P -158.001627486 0
23 Q -101.030735024 0
23 R -161.221285149 0
23 S -306.845577649 0
23 T -284.650631493 0
23 V 52.5678488831 0
23 W 29.9429303044 0
23 Y 53.4817085019 0
24 A -341.532755227 1
24 C -331.852343823 0
24 D -325.049165902 0
24 E -317.950773112 0
24 F -258.434340657 0
24 G -335.156641107 0
24 H -285.749969048 0
24 I -318.221471553 0
24 K -207.46445195 0
24 L -325.264648726 0
24 M -291.149586835 0
24 N -328.336619612 0
24 P -277.348627557 0
24 Q -306.490204304 0
24 R -286.233359989 0
24 S -337.985428871 0
24 T -333.965278103 0
24 V -327.25438899 0
24 W -197.849449589 0
24 Y -247.193952956 0
25 A -333.699019107 0
25 C -336.725580404 0
25 D -334.002237072 0
25 E -334.07450741 0
25 F -333.626352213 0
25 G -326.11676838 0
25 H -335.556028624 0
25 I -344.735851489 1
25 K -329.228233994 0
25 L -341.390782958 0
25 M -335.716615181 0
25 N -333.973843239 0
25 P -296.946458103 0
25 Q -334.201531375 0
25 R -323.230974621 0
25 S -334.367930672 0
25 T -339.512694969 0
25 V -340.078476231 0
25 W -306.183028349 0
25 Y -332.720364001 0
26 A -332.977205684 0
26 C -333.788832204 0
26 D -332.510033863 0
26 E -332.973404371 0
26 F -311.748400894 0
26 G -327.192792432 0
26 H -325.911061025 0
26 I -333.140403697 0
26 K -327.054196131 0
26 L -342.489350926 1
26 M -337.488265131 0
26 N -335.574584481 0
26 P -282.926225385 0
26 Q -336.01850579 0
26 R -330.020457796 0
26 S -334.221845774 0
26 T -335.798224839 0
26 V -340.108758699 0
26 W -317.321177151 0
26 Y -311.561841251 0
27 A -346.359036639 0
27 C -345.059627703 0
27 D -347.725333606 0
27 E -344.942567406 0
27 F -348.867495165 0
27 G -341.338232087 0
27 H -348.271841124 0
27 I -350.520052592 0
27 K -349.703486945 0
27 L -349.803486868 0
27 M -349.215079346 0
27 N -348.178590003 0
27 P -256.196643828 0
27 Q -348.087033941 0
27 R -355.438513456 1
27 S -347.259454534 0
27 T -347.802877892 0
27 V -349.618317251 0
27 W -347.523008378 0
27 Y -348.882758977 0
28 A -338.634725147 0
28 C -338.152917527 0
28 D -342.252768024 0
28 E -342.384660291 0
28 F -344.718097353 0
28 G -333.56564876 0
28 H -343.769859206 0
28 I -342.209958211 0
28 K -339.466557622 0
28 L -344.201264894 0
28 M -341.514577796 0
28 N -341.936816572 0
28 P -264.21459199 0
28 Q -339.925259897 0
28 R -339.287987058 0
28 S -339.885760904 0
28 T -339.291048397 0
28 V -341.888109532 0
28 W -346.341572031 0
28 Y -347.489873118 1
29 A -351.481190131 0
29 C -342.222775998 0
29 D -353.344373211 0
29 E -345.819919894 0
29 F -346.956124187 0
29 G -356.765244439 0
29 H -346.678409164 0
29 I -339.597008844 0
29 K -356.669652465 0
29 L -344.059802387 0
29 M -346.174142232 0
29 N -354.939607532 0
29 P -282.118846425 0
29 Q -352.186698448 0
29 R -345.438939561 1
29 S -354.160670411 0
29 T -344.713831716 0
29 V -338.846597841 0
29 W -348.734982611 0
29 Y -343.974380574 0
30 A -344.609552934 0
30 C -343.881281582 0
30 D -346.598692772 0
30 E -344.32794738 0
30 F -342.47000771 0
30 G -345.114320351 1
30 H -344.868352716 0
30 I -344.352100404 0
30 K -342.292408452 0
30 L -343.360598736 0
30 M -343.960444135 0
30 N -345.747664764 0
30 P -339.540385519 0
30 Q -340.298472574 0
30 R -343.47671567 0
30 S -342.998285229 0
30 T -341.642611339 0
30 V -343.067835214 0
30 W -345.676585565 0
30 Y -342.321550921 0
31 A -345.153986396 0
31 C -344.125580434 0
31 D -346.119712276 0
31 E -347.318184507 0
31 F -345.524339318 0
31 G -343.951003783 0
31 H -346.155772415 0
31 I -344.965808666 0
31 K -346.806728728 0
31 L -347.184622472 0
31 M -345.253832143 0
31 N -345.484770971 0
31 P -261.494223723 0
31 Q -346.084871801 0
31 R -345.952906498 1
31 S -346.31566573 0
31 T -345.947157043 0
31 V -345.81807094 0
31 W -344.834601733 0
31 Y -345.628814506 0
32 A -337.145360849 0
32 C -340.183519123 0
32 D -340.362714903 0
32 E -343.614181317 1
32 F -336.396289304 0
32 G -332.323934814 0
32 H -339.141716077 0
32 I -339.9922581 0
32 K -338.766467236 0
32 L -341.718987039 0
32 M -341.447255233 0
32 N -340.5869446 0
32 P -331.102882954 0
32 Q -341.340409421 0
32 R -340.702334296 0
32 S -341.283729896 0
32 T -342.205455034 0
32 V -340.373104204 0
32 W -337.206638753 0
32 Y -328.644378609 0
33 A -340.517294545 0
33 C -339.461453133 0
33 D -342.507951897 0
33 E -342.473259013 0
33 F -343.103145754 0
33 G -337.881084394 0
33 H -343.355490153 0
33 I -343.719557983 0
33 K -341.435340441 1
33 L -344.929147586 0
33 M -342.489320229 0
33 N -340.932167907 0
33 P -214.009859587 0
33 Q -340.948888291 0
33 R -341.936013562 0
33 S -340.541272635 0
33 T -341.405721614 0
33 V -343.087328627 0
33 W -340.803505996 0
33 Y -342.708118335 0
34 A -339.997731417 0
34 C -342.295240276 0
34 D -338.264396108 0
34 E -340.117062852 0
34 F -338.142784609 0
34 G -335.07651719 0
34 H -339.113339049 0
34 I -346.581738019 0
34 K -342.881928013 0
34 L -340.094051897 0
34 M -343.283633003 0
34 N -342.506770703 0
34 P -332.435642523 0
34 Q -339.204933907 0
34 R -341.955321167 0
34 S -342.894214205 0
34 T -343.432868628 1
34 V -347.597330803 0
34 W -338.794745631 0
34 Y -339.338940312 0
35 A -334.679978131 0
35 C -333.785656125 0
35 D -335.456076617 0
35 E -335.821219025 0
35 F -341.488860466 1
35 G -330.448139603 0
35 H -338.579099317 0
35 I -335.342299768 0
35 K -336.669899185 0
35 L -334.10422656 0
35 M -337.387386489 0
35 N -335.260957104 0
35 P -287.633190386 0
35 Q -335.728104596 0
35 R -336.044308367 0
35 S -334.58969185 0
35 T -333.676919037 0
35 V -334.644863769 0
35 W -337.922118231 0
35 Y -340.151715576 0
36 A -340.204880452 0
36 C -337.345631247 0
36 D -335.356797912 0
36 E -337.783700551 0
36 F -339.801131704 0
36 G -336.255339385 0
36 H -339.419702579 0
36 I -329.863078397 0
36 K -337.954548064 0
36 L -339.781889444 0
36 M -340.228831097 0
36 N -337.640668677 0
36 P -313.577140125 0
36 Q -338.095862575 0
36 R -338.612712084 0
36 S -339.694210652 1
36 T -339.225104421 0
36 V -334.297439506 0
36 W -342.303310808 0
36 Y -339.634664071 0
37 A -340.146842701 1
37 C -334.557026451 0
37 D -334.687026925 0
37 E -336.40695789 0
37 F -332.447930383 0
37 G -336.811816645 0
37 H -334.358715692 0
37 I -330.42793703 0
37 K -334.284384184 0
37 L -332.670956445 0
37 M -334.778840697 0
37 N -336.4297405 0
37 P -300.08711483 0
37 Q -336.467160624 0
37 R -335.314438514 0
37 S -337.005246591 0
37 T -329.758807107 0
37 V -329.960208963 0
37 W -331.38682987 0
37 Y -332.39040445 0
38 A -247.921775868 0
38 C -185.293278563 0
38 D -184.478809696 0
38 E 55.9881607683 0
38 F 420.667305248 0
38 G -342.126236822 1
38 H 174.597448125 0
38 I 365.93800676 0
38 K 8.53620289686 0
38 L 500.655979364 0
38 M 208.022327936 0
38 N -185.072251319 0
38 P -205.318268994 0
38 Q 169.294289464 0
38 R 49.7196246173 0
38 S -247.357878658 0
38 T -67.7722934007 0
38 V 47.8940679937 0
38 W 856.502230582 0
38 Y 513.81616182 0
39 A -330.335446988 0
39 C -330.139973339 0
39 D -326.193568471 0
39 E -328.904483964 0
39 F -341.949133814 0
39 G -325.179832105 0
39 H -334.817249551 0
39 I -322.106940867 0
39 K -328.0709267 0
39 L -321.721890998 0
39 M -333.04215713 0
39 N -330.283509174 0
39 P -286.11448333 0
39 Q -329.875580062 0
39 R -330.860737236 0
39 S -329.02861634 0
39 T -329.420486877 0
39 V -327.940935185 0
39 W -305.708705938 0
39 Y -340.082106597 1
40 A -338.910337688 0
40 C -337.123208889 0
40 D -337.397152836 0
40 E -341.327272724 0
40 F -340.377343065 0
40 G -337.691638878 0
40 H -340.775115636 0
40 I -339.155308694 0
40 K -341.007686122 0
40 L -339.483640041 0
40 M -339.225653019 0
40 N -339.139563219 0
40 P -192.826891944 0
40 Q -339.093529793 0
40 R -341.490617986 0
40 S -340.09141786 0
40 T -340.908892004 1
40 V -339.632174162 0
40 W -337.419442739 0
40 Y -338.757379872 0
41 A -337.485550452 0
41 C -337.366472917 0
41 D -336.921735769 0
41 E -339.001618988 0
41 F -336.096420608 0
41 G -332.92766274 0
41 H -337.372672813 0
41 I -337.139566485 0
41 K -338.004651943 0
41 L -337.752590372 0
41 M -337.929469792 0
41 N -338.54562833 0
41 P -294.20569037 0
41 Q -337.445392785 0
41 R -339.541440858 1
41 S -339.545718989 0
41 T -336.76445111 0
41 V -337.905446682 0
41 W -306.218398022 0
41 Y -302.626870861 0
42 A -332.490010347 0
42 C -334.715153294 0
42 D -329.929133602 0
42 E -303.856723006 0
42 F 384.68010348 0
42 G -333.263485705 0
42 H -95.8208702277 0
42 I -303.42849179 0
42 K -186.21867903 0
42 L -266.953407298 0
42 M -175.187626502 0
42 N -331.172778571 0
42 P -298.469822485 0
42 Q -303.738674116 0
42 R -299.581270911 0
42 S -336.381088109 0
42 T -341.663360556 1
42 V -324.656758308 0
42 W 315.685504532 0
42 Y 527.743178165 0
43 A -340.97712364 0
43 C -339.802077095 0
43 D -339.974086802 0
43 E -355.764181946 0
43 F -334.739009689 0
43 G -338.91528372 0
43 H -333.061091988 0
43 I -344.236795409 0
43 K -348.379679495 0
43 L -343.54844741 0
43 M -354.579445536 0
43 N -339.968871508 0
43 P -309.811795803 0
43 Q -355.371961583 0
43 R -347.607620776 0
43 S -342.958343762 0
43 T -345.038870933 1
43 V -340.022429737 0
43 W -343.02416932 0
43 Y -333.672788728 0
44 A -344.409977793 0
44 C -340.987185904 0
44 D -345.343768434 0
44 E -344.672673613 0
44 F -316.63945382 0
44 G -342.406044744 0
44 H -345.803781441 0
44 I -343.203159035 0
44 K -345.459822928 0
44 L -345.433222705 0
44 M -342.934498118 0
44 N -342.912364933 1
44 P -339.60050489 0
44 Q -343.469999236 0
44 R -344.82041917 0
44 S -344.663480181 0
44 T -343.611428571 0
44 V -343.796094694 0
44 W -341.306821826 0
44 Y -318.859333448 0
45 A -344.081161077 0
45 C -342.147572 0
45 D -353.74976293 0
45 E -346.153005366 0
45 F -353.428832893 0
45 G -341.306808461 0
45 H -354.607353044 0
45 I -351.238596149 0
45 K -351.783769823 0
45 L -350.668157403 0
45 M -352.239948499 0
45 N -354.278696344 1
45 P -324.983799955 0
45 Q -353.769522687 0
45 R -352.770680545 0
45 S -352.224388781 0
45 T -353.61334079 0
45 V -353.019831587 0
45 W -356.790681976 0
45 Y -353.449050525 0
46 A -330.152168292 0
46 C -329.091716807 0
46 D -332.307446432 0
46 E -332.085329303 0
46 F -332.581493021 0
46 G -329.242214563 0
46 H -340.472481634 0
46 I -328.917791084 0
46 K -334.440326383 0
46 L -329.383261596 0
46 M -337.710308403 0
46 N -330.723877068 0
46 P -299.986650756 0
46 Q -334.562357933 0
46 R -352.125074508 1
46 S -330.173523013 0
46 T -328.730931561 0
46 V -327.887888952 0
46 W -315.212255995 0
46 Y -327.149612078 0
47 A -341.366139756 0
47 C -340.377809639 0
47 D -335.881905996 0
47 E -336.4938598 0
47 F -244.234088081 0
47 G -336.301877895 0
47 H -305.35091697 0
47 I -274.670145575 0
47 K -323.9012003 0
47 L -329.615070532 0
47 M -344.126583105 1
47 N -339.125152128 0
47 P -216.283229211 0
47 Q -340.996467614 0
47 R -331.657320256 0
47 S -338.400185988 0
47 T -339.630093517 0
47 V -334.79321235 0
47 W -224.316589008 0
47 Y -177.41275982 0
48 A -342.258781745 0
48 C -340.307579438 0
48 D -342.891878731 0
48 E -346.931233186 1
48 F -311.739077447 0
48 G -338.322405051 0
48 H -342.26710843 0
48 I -317.920572038 0
48 K -336.562471435 0
48 L -346.134757751 0
48 M -345.36213956 0
48 N -341.088039987 0
48 P -168.630217782 0
48 Q -345.869644667 0
48 R -339.501342966 0
48 S -340.209068716 0
48 T -339.27031471 0
48 V -328.40172208 0
48 W -342.476048568 0
48 Y -327.959682727 0
49 A -335.489071214 0
49 C -335.993680021 0
49 D -334.71616838 0
49 E -331.97533633 0
49 F -309.895349283 0
49 G -332.897961776 0
49 H -320.637404421 0
49 I -337.782018013 0
49 K -335.13820787 0
49 L -344.335589659 1
49 M -336.221603915 0
49 N -336.701358952 0
49 P -208.530077128 0
49 Q -333.457147042 0
49 R -310.210027237 0
49 S -334.282463647 0
49 T -333.849794531 0
49 V -337.649996708 0
49 W -243.664193543 0
49 Y -311.295312395 0
50 A -339.980880465 0
50 C -338.231254695 0
50 D -338.568835444 0
50 E -339.344550381 0
50 F -327.793137204 0
50 G -335.696004527 0
50 H -335.876175039 0
50 I -339.361811111 0
50 K -337.73860659 0
50 L -336.991621838 0
50 M -342.147621381 1
50 N -337.190855752 0
50 P -46.2164547728 0
50 Q -338.66873127 0
50 R -340.922207559 0
50 S -337.242589203 0
50 T -340.430191829 0
50 V -339.474324695 0
50 W -336.715160043 0
50 Y -335.429020956 0
51 A -339.48638645 1
51 C -308.163730109 0
51 D -291.09249579 0
51 E -143.754047211 0
51 F 563.589219104 0
51 G -336.140142135 0
51 H 127.225196975 0
51 I -143.756657778 0
51 K -179.070976554 0
51 L -100.636742073 0
51 M 146.581693229 0
51 N -277.848048721 0
51 P -141.630027236 0
51 Q -3.04909678151 0
51 R -185.570013736 0
51 S -333.681442315 0
51 T -316.296475664 0
51 V -291.245457297 0
51 W 61.3295111916 0
51 Y 775.121955184 0
52 A -339.357567291 1
52 C -338.482596907 0
52 D -339.357633489 0
52 E -327.598139356 0
52 F -322.476426226 0
52 G -335.028336484 0
52 H -337.467461037 0
52 I -340.491260485 0
52 K -325.909716441 0
52 L -339.406493593 0
52 M -332.315758544 0
52 N -338.626744101 0
52 P -309.821620532 0
52 Q -328.932570669 0
52 R -316.304262676 0
52 S -337.796233151 0
52 T -338.298534762 0
52 V -341.116865388 0
52 W -166.231056893 0
52 Y -298.357600255 0
53 A -332.303069887 0
53 C -331.944170265 0
53 D -329.008831871 0
53 E -328.632613576 0
53 F -192.448507304 0
53 G -328.665749775 0
53 H -303.711310758 0
53 I -339.654679724 1
53 K -321.582287443 0
53 L -327.42719265 0
53 M -328.761929371 0
53 N -330.892773464 0
53 P -131.710271541 0
53 Q -328.82071304 0
53 R -321.618564938 0
53 S -330.074455013 0
53 T -333.014308068 0
53 V -335.723674606 0
53 W -189.334878363 0
53 Y -180.411390874 0
54 A -335.85082322 0
54 C -333.936710241 0
54 D -332.766953733 0
54 E -335.88001911 0
54 F -333.181179062 0
54 G -333.093606668 0
54 H -336.098927295 0
54 I -337.868421802 0
54 K -336.166980791 0
54 L -318.385711808 0
54 M -335.207421627 0
54 N -333.150848675 0
54 P -143.404312384 0
54 Q -335.238826914 0
54 R -336.126577168 0
54 S -334.578907801 0
54 T -336.512765057 0
54 V -338.903061919 1
54 W -333.743969796 0
54 Y -333.41566068 0
55 A -339.366947026 1
55 C -331.245601901 0
55 D -326.313906763 0
55 E -324.983190737 0
55 F 428.305370962 0
55 G -334.270194597 0
55 H -56.5606590248 0
55 I -326.357151936 0
55 K -265.098935903 0
55 L -320.031237958 0
55 M -290.345893833 0
55 N -330.269058417 0
55 P -242.55745933 0
55 Q -306.882406022 0
55 R -279.212802421 0
55 S -335.873748265 0
55 T -328.439622262 0
55 V -329.264110819 0
55 W -160.200653014 0
55 Y -186.466248078 0
56 A -329.141975531 0
56 C -328.729589731 0
56 D -328.954840902 0
56 E -330.020491118 0
56 F -330.587880282 0
56 G -325.982078507 0
56 H -329.300569775 0
56 I -329.241012149 0
56 K -320.871043567 0
56 L -338.723350413 1
56 M -332.922607194 0
56 N -330.911327081 0
56 P -171.925060973 0
56 Q -330.62456 0
56 R -318.042496866 0
56 S -328.051067513 0
56 T -329.82082492 0
56 V -324.968619608 0
56 W -289.271557028 0
56 Y -320.416499645 0
57 A -333.813756716 0
57 C -333.450370794 0
57 D -336.309932265 0
57 E -339.298195767 1
57 F -329.636298719 0
57 G -332.724672603 0
57 H -331.333235845 0
57 I -330.277540174 0
57 K -332.65538414 0
57 L -336.477586577 0
57 M -333.814023167 0
57 N -334.856729063 0
57 P -95.9447210871 0
57 Q -332.978215834 0
57 R -333.49126283 0
57 S -333.634534258 0
57 T -330.395313376 0
57 V -329.28724048 0
57 W -329.288445917 0
57 Y -329.121809217 0
58 A -340.997434984 1
58 C -340.199832824 0
58 D -341.887305082 0
58 E -339.663435371 0
58 F -341.088689811 0
58 G -339.029043939 0
58 H -339.691534434 0
58 I -329.003003206 0
58 K -338.928000109 0
58 L -273.917824589 0
58 M -334.938439966 0
58 N -339.079586828 0
58 P -129.984284611 0
58 Q -338.239428622 0
58 R -337.771512351 0
58 S -340.142602956 0
58 T -339.607131576 0
58 V -332.821535339 0
58 W -316.20324544 0
58 Y -310.741319104 0
59 A -328.21271271 0
59 C -329.827591703 0
59 D -326.586848521 0
59 E -327.157638201 0
59 F -316.868209782 0
59 G -325.368836198 0
59 H -321.641603549 0
59 I -337.565180391 0
59 K -292.991109503 0
59 L -340.180854162 1
59 M -322.538249738 0
59 N -330.222621484 0
59 P -155.051396853 0
59 Q -328.806310948 0
59 R -304.723890431 0
59 S -328.03086929 0
59 T -327.229294253 0
59 V -334.406809196 0
59 W -290.875781887 0
59 Y -309.60332333 0
60 A -339.366838303 0
60 C -338.556348351 0
60 D -340.978205838 0
60 E -341.941483877 0
60 F -341.622916368 0
60 G -339.147629014 0
60 H -341.235744156 0
60 I -338.73249207 0
60 K -342.253389687 1
60 L -342.170137737 0
60 M -339.956075979 0
60 N -341.175410159 0
60 P -320.46350133 0
60 Q -341.187154211 0
60 R -341.346718468 0
60 S -340.759781782 0
60 T -341.876444281 0
60 V -339.079684479 0
60 W -341.22377986 0
60 Y -341.743171852 0
61 A -336.191750676 0
61 C -336.897091267 0
61 D -341.869725841 0
61 E -346.819534486 1
61 F -341.51754361 0
61 G -337.585974451 0
61 H -342.658586691 0
61 I -343.413123482 0
61 K -338.573180584 0
61 L -342.909333207 0
61 M -341.522477052 0
61 N -342.893887474 0
61 P -326.128033153 0
61 Q -343.69950358 0
61 R -343.592898924 0
61 S -338.019446767 0
61 T -341.039187143 0
61 V -339.487553432 0
61 W -339.815046186 0
61 Y -342.01725039 0
62 A -340.945472407 0
62 C -341.03497945 0
62 D -339.734613209 0
62 E -340.283071068 0
62 F -338.133226814 0
62 G -338.198713083 0
62 H -341.577744673 1
62 I -341.211539104 0
62 K -342.344921613 0
62 L -338.299103698 0
62 M -341.593877349 0
62 N -340.691042957 0
62 P -338.992485175 0
62 Q -340.415621204 0
62 R -342.04354262 0
62 S -341.30290614 0
62 T -340.718973436 0
62 V -340.973402835 0
62 W -340.951172493 0
62 Y -336.764178667 0
63 A -342.104703669 0
63 C -344.03486237 1
63 D -336.462391542 0
63 E -339.946995286 0
63 F -325.309902025 0
63 G -337.528261828 0
63 H -332.032930596 0
63 I -338.791578972 0
63 K -342.544240236 0
63 L -337.152975258 0
63 M -345.605789404 0
63 N -344.161052692 0
63 P -246.719655913 0
63 Q -345.388948346 0
63 R -340.600906024 0
63 S -340.782070828 0
63 T -343.831240873 0
63 V -341.403180152 0
63 W -352.873326506 0
63 Y -343.026330949 0
64 A -347.006552262 0
64 C -345.987845368 0
64 D -353.066246604 0
64 E -348.103883772 1
64 F -346.875729681 0
64 G -344.079284083 0
64 H -346.912876345 0
64 I -351.220856844 0
64 K -348.471110495 0
64 L -347.807013745 0
64 M -347.866518193 0
64 N -352.832778984 0
64 P -342.649483212 0
64 Q -345.998040884 0
64 R -347.828635179 0
64 S -349.216677584 0
64 T -348.831628511 0
64 V -350.608896959 0
64 W -347.823172577 0
64 Y -343.15374382 0
65 A -337.496515733 0
65 C -340.527453757 0
65 D -334.351007802 0
65 E -332.660425129 0
65 F -299.024670689 0
65 G -333.884869358 0
65 H -324.231435977 0
65 I -345.129899733 0
65 K -317.02560015 0
65 L -343.284676014 0
65 M -330.141297061 0
65 N -338.205227528 0
65 P -233.487564181 0
65 Q -327.728909096 0
65 R -311.092967497 0
65 S -338.337601772 0
65 T -341.988649149 0
65 V -347.888912896 1
65 W -305.08496897 0
65 Y -292.457630404 0
66 A -340.232311481 0
66 C -339.549338401 0
66 D -338.65201491 0
66 E -340.29231662 0
66 F -332.568885234 0
66 G -335.379129605 0
66 H -336.791642525 0
66 I -342.662740929 1
66 K -342.543611985 0
66 L -343.879174509 0
66 M -341.765057106 0
66 N -341.056428783 0
66 P -288.052673458 0
66 Q -341.044002536 0
66 R -342.036595969 0
66 S -340.924065977 0
66 T -342.95039366 0
66 V -344.783808506 0
66 W -332.227377602 0
66 Y -326.631016401 0
67 A -334.372751857 0
67 C -334.796147745 0
67 D -333.771688251 0
67 E -336.808131232 0
67 F -333.284893686 0
67 G -327.673168592 0
67 H -336.063308825 0
67 I -339.594732279 0
67 K -326.961401059 0
67 L -342.620713033 1
67 M -340.166465823 0
67 N -336.359282295 0
67 P -274.913407027 0
67 Q -336.448887961 0
67 R -309.728401975 0
67 S -334.782472908 0
67 T -336.487056626 0
67 V -341.122490732 0
67 W -315.55524203 0
67 Y -324.128363232 0
68 A -340.937879571 0
68 C -340.706905902 0
68 D -334.183578117 0
68 E -327.183061888 0
68 F -320.529074067 0
68 G -334.798080777 0
68 H -335.515586294 0
68 I -340.070532379 0
68 K -332.406860697 0
68 L -331.608527448 0
68 M -336.611909011 0
68 N -339.008208794 0
68 P -277.630459672 0
68 Q -331.07977325 0
68 R -335.64418572 0
68 S -341.401054889 1
68 T -337.965167799 0
68 V -342.050229709 0
68 W -324.607197533 0
68 Y -318.797716961 0
69 A -335.647238694 0
69 C -335.974077713 0
69 D -331.710268259 0
69 E -335.570175375 0
69 F -134.719820636 0
69 G -332.321661093 0
69 H -280.144633137 0
69 I -322.199151933 0
69 K -325.076404081 0
69 L -330.108509761 0
69 M -334.308642362 0
69 N -335.008532094 0
69 P -306.409079452 0
69 Q -325.165508736 0
69 R -323.223304641 0
69 S -335.649199917 0
69 T -339.917821073 1
69 V -327.193445238 0
69 W -224.773329288 0
69 Y -118.346444555 0
70 A -341.494687603 0
70 C -339.415930594 0
70 D -343.041702084 1
70 E -337.800770165 0
70 F -336.064316603 0
70 G -340.061663864 0
70 H -343.37775393 0
70 I -329.108671084 0
70 K -340.999540529 0
70 L -307.760393338 0
70 M -339.961086359 0
70 N -342.387577452 0
70 P -337.480652557 0
70 Q -340.918257941 0
70 R -343.779242558 0
70 S -342.511052296 0
70 T -339.791967604 0
70 V -325.842172816 0
70 W -342.002026548 0
70 Y -328.591705197 0
71 A -343.850042832 0
71 C -340.537699401 0
71 D -336.946380742 0
71 E -329.783592392 0
71 F -198.349876204 0
71 G -340.208689144 0
71 H -312.793616171 0
71 I -310.140883118 0
71 K -327.635702737 0
71 L -312.670518096 0
71 M -330.730278852 0
71 N -340.306001748 0
71 P -303.011781835 0
71 Q -330.375153441 0
71 R -321.239219136 0
71 S -345.298144207 1
71 T -335.752379351 0
71 V -328.277539556 0
71 W -48.3229458046 0
71 Y -20.9792262773 0
72 A -344.770222897 0
72 C -341.906180264 0
72 D -347.341463638 0
72 E -346.691649334 0
72 F -344.253152978 0
72 G -343.925337237 0
72 H -345.255452582 0
72 I -345.179027622 0
72 K -346.315372153 0
72 L -346.039178516 0
72 M -344.751532481 0
72 N -344.960670027 0
72 P -341.358865979 0
72 Q -347.544473011 1
72 R -345.691425822 0
72 S -346.272651613 0
72 T -345.44594363 0
72 V -345.114087743 0
72 W -349.237536346 0
72 Y -344.370486646 0
73 A -341.111074788 0
73 C -339.426590338 0
73 D -341.08188601 0
73 E -352.000674497 0
73 F -355.745362284 0
73 G -338.938032191 0
73 H -354.271952055 0
73 I -338.505975425 0
73 K -348.475357714 0
73 L -341.920790571 0
73 M -349.108151946 0
73 N -341.73399505 0
73 P -321.526448402 0
73 Q -349.607667984 0
73 R -345.266050757 0
73 S -340.442035929 0
73 T -341.59011169 0
73 V -337.747710528 0
73 W -355.693293297 0
73 Y -358.414165529 1
74 A -343.119543701 0
74 C -342.105168986 0
74 D -341.445272888 0
74 E -345.198286191 0
74 F -332.26607128 0
74 G -339.684292259 0
74 H -340.025666755 0
74 I -347.023131734 0
74 K -334.834023521 0
74 L -349.014204935 0
74 M -343.974881828 0
74 N -345.330218132 0
74 P -310.349039411 0
74 Q -342.860716072 0
74 R -324.692635109 0
74 S -342.062761173 0
74 T -345.638079286 0
74 V -347.970863544 1
74 W -329.578497003 0
74 Y -337.136112659 0
75 A -343.843434776 0
75 C -341.51039206 0
75 D -338.001720763 0
75 E -343.676568424 0
75 F -339.869821645 0
75 G -340.32129462 0
75 H -341.397491617 0
75 I -337.519411985 0
75 K -344.358287314 0
75 L -340.725730737 0
75 M -343.610754298 0
75 N -340.792177488 0
75 P -99.2539324943 0
75 Q -343.356311012 0
75 R -344.407545224 1
75 S -341.717694027 0
75 T -342.372123921 0
75 V -295.977146318 0
75 W -341.033559202 0
75 Y -316.316510446 0
76 A -347.473266329 0
76 C -341.221896029 0
76 D -346.245380118 0
76 E -343.883373632 0
76 F -342.334632006 0
76 G -341.157114412 0
76 H -340.895247187 0
76 I -347.123646551 0
76 K -347.88829758 0
76 L -346.323305851 0
76 M -342.205705479 0
76 N -343.326317789 0
76 P -81.0094105719 0
76 Q -347.154821579 1
76 R -347.138278424 0
76 S -345.376603816 0
76 T -342.850676812 0
76 V -341.42705465 0
76 W -341.411299837 0
76 Y -341.787176161 0
77 A -341.463967387 0
77 C -331.32478556 0
77 D -324.495152908 0
77 E -296.023819788 0
77 F -327.58318019 0
77 G -345.260212581 1
77 H -328.605065301 0
77 I -255.308522455 0
77 K -304.561229921 0
77 L -304.464098013 0
77 M -320.603169151 0
77 N -327.374948557 0
77 P -138.031837078 0
77 Q -279.791756911 0
77 R -303.63895589 0
77 S -334.210713189 0
77 T -334.210907925 0
77 V -318.018009386 0
77 W -337.388556338 0
77 Y -317.060662858 0
78 A -337.050828228 0
78 C -335.03418702 0
78 D -333.19256943 0
78 E -336.747112994 0
78 F -334.978400543 0
78 G -331.53027339 0
78 H -333.529603556 0
78 I -341.356470274 1
78 K -330.977458413 0
78 L -333.648439785 0
78 M -334.817012285 0
78 N -335.969362332 0
78 P -145.837395391 0
78 Q -337.201394096 0
78 R -335.217331233 0
78 S -334.147659054 0
78 T -335.972479262 0
78 V -340.922563698 0
78 W -335.146363565 0
78 Y -334.944241094 0
79 A -339.330614746 0
79 C -339.051924432 0
79 D -340.714042716 0
79 E -343.562623376 0
79 F -336.919454168 0
79 G -338.133167836 0
79 H -338.488990614 0
79 I -339.025225794 0
79 K -339.864270974 0
79 L -343.060069756 0
79 M -340.158981996 0
79 N -340.308782991 0
79 P -106.414508751 0
79 Q -340.090120123 0
79 R -339.565310761 0
79 S -339.756855575 0
79 T -340.755703921 1
79 V -340.014408767 0
79 W -336.038785975 0
79 Y -337.280769574 0
80 A -339.278030261 0
80 C -339.363853465 0
80 D -340.706965669 0
80 E -341.8902217 0
80 F -341.264469336 0
80 G -336.690659147 0
80 H -341.551001637 0
80 I -338.552949032 0
80 K -342.066186287 0
80 L -342.370287088 0
80 M -339.688812304 0
80 N -339.743628532 0
80 P -83.3454225871 0
80 Q -341.592870222 1
80 R -341.272663379 0
80 S -339.877875591 0
80 T -340.71393341 0
80 V -340.161246652 0
80 W -338.741925184 0
80 Y -341.438636551 0
81 A -333.752527871 0
81 C -333.25928766 0
81 D -334.894917772 0
81 E -336.12329107 0
81 F -335.791729653 0
81 G -330.375792747 0
81 H -335.845699467 0
81 I -325.173527488 0
81 K -335.997420303 0
81 L -337.531649209 0
81 M -337.027666365 0
81 N -334.442983271 0
81 P -194.474551745 0
81 Q -336.308996025 0
81 R -334.874597997 0
81 S -332.748401727 0
81 T -316.333674844 0
81 V -253.734927958 0
81 W -340.905172296 1
81 Y -336.158936968 0
82 A -338.321460749 0
82 C -338.069283782 0
82 D -338.089552317 0
82 E -338.671590264 0
82 F -299.795565702 0
82 G -335.261922185 0
82 H -334.428578759 0
82 I -342.070151725 1
82 K -340.038982241 0
82 L -341.122148626 0
82 M -342.433290166 0
82 N -339.12741888 0
82 P -165.769705658 0
82 Q -340.026153052 0
82 R -340.687020615 0
82 S -339.229924114 0
82 T -340.881493345 0
82 V -342.099962937 0
82 W -329.168131663 0
82 Y -313.749946909 0
83 A -343.421711147 0
83 C -340.1863749 0
83 D -344.546204342 0
83 E -344.993071149 0
83 F -343.19368267 0
83 G -342.664101594 0
83 H -344.562376818 1
83 I -344.349752542 0
83 K -344.916168044 0
83 L -344.186608337 0
83 M -342.802745064 0
83 N -343.426789347 0
83 P -331.03519973 0
83 Q -343.637159085 0
83 R -344.899677133 0
83 S -344.05023659 0
83 T -344.288699453 0
83 V -344.044609008 0
83 W -341.093579614 0
83 Y -342.977308964 0
84 A -343.563089384 0
84 C -340.457823606 0
84 D -344.58577256 0
84 E -347.325709594 0
84 F -343.243261742 0
84 G -341.68412612 0
84 H -344.795611157 0
84 I -343.851214164 0
84 K -344.243949565 0
84 L -345.263330769 0
84 M -344.208713371 0
84 N -344.319756244 1
84 P -312.223617831 0
84 Q -342.835689021 0
84 R -344.52647846 0
84 S -343.617501956 0
84 T -343.593013696 0
84 V -343.805633506 0
84 W -343.688355295 0
84 Y -343.53680451 0
85 A -336.337324071 0
85 C -337.761934683 0
85 D -339.929814315 0
85 E -339.784884447 0
85 F -340.91155557 0
85 G -334.917473923 0
85 H -340.038451057 0
85 I -309.413686125 0
85 K -347.651476236 0
85 L -337.968566627 0
85 M -339.524041534 0
85 N -339.421659737 0
85 P -62.1663551816 0
85 Q -346.939900501 0
85 R -351.579249225 0
85 S -336.946095945 0
85 T -333.851420414 0
85 V -295.720808976 0
85 W -354.349072195 1
85 Y -340.350756813 0
86 A -340.43803177 0
86 C -339.479277701 0
86 D -338.821162325 0
86 E -340.908336068 0
86 F -339.583604436 0
86 G -338.628813874 0
86 H -339.602236713 0
86 I -342.061891657 0
86 K -344.519620722 1
86 L -341.615220765 0
86 M -340.789446952 0
86 N -339.431383796 0
86 P -107.910899227 0
86 Q -340.803532028 0
86 R -341.127605636 0
86 S -340.627524501 0
86 T -339.887913612 0
86 V -341.282349896 0
86 W -340.659140854 0
86 Y -338.707957413 0
87 A -342.657465471 0
87 C -340.091009893 0
87 D -342.850102556 0
87 E -343.094123788 0
87 F -339.521053062 0
87 G -341.524378678 0
87 H -342.792140396 0
87 I -341.048808684 0
87 K -344.206463797 1
87 L -344.104943079 0
87 M -343.887643759 0
87 N -343.235538328 0
87 P -255.265548554 0
87 Q -342.374775433 0
87 R -344.831449591 0
87 S -342.537172813 0
87 T -341.198318575 0
87 V -340.790240425 0
87 W -342.621868356 0
87 Y -339.444417749 0
88 A -345.586027604 0
88 C -344.063082419 0
88 D -345.720343516 0
88 E -346.351998844 0
88 F -344.89067715 0
88 G -345.388066927 0
88 H -346.215691765 0
88 I -341.759839942 0
88 K -346.960739819 0
88 L -347.356223648 0
88 M -346.932959538 0
88 N -347.397000095 0
88 P -129.032072485 0
88 Q -346.432457596 0
88 R -347.167452704 1
88 S -345.62573701 0
88 T -345.474050394 0
88 V -342.213643832 0
88 W -345.308586572 0
88 Y -344.907941185 0
89 A -341.267955354 0
89 C -339.881373731 0
89 D -343.277384099 0
89 E -342.495533489 0
89 F -341.651486131 0
89 G -346.288009745 1
89 H -342.523213263 0
89 I -301.563761446 0
89 K -343.523617388 0
89 L -342.007384639 0
89 M -340.998249998 0
89 N -342.97967975 0
89 P -273.280506159 0
89 Q -341.646552862 0
89 R -342.600090585 0
89 S -339.337474896 0
89 T -333.339964686 0
89 V -306.072168545 0
89 W -340.130590103 0
89 Y -340.572171189 0
90 A -339.502805433 0
90 C -337.503655535 0
90 D -342.839488922 0
90 E -341.493944164 0
90 F -342.985155481 0
90 G -339.667426241 0
90 H -342.854400147 0
90 I -300.428236329 0
90 K -336.919724545 0
90 L -340.390178095 0
90 M -343.606224018 0
90 N -341.903681374 0
90 P -269.880706722 0
90 Q -340.648295895 0
90 R -338.759754292 0
90 S -338.504705777 0
90 T -332.410668414 0
90 V -319.980193085 0
90 W -349.060728304 1
90 Y -343.289960443 0
91 A -343.965494362 0
91 C -343.247565271 0
91 D -338.67555116 0
91 E -343.402195641 0
91 F -344.873662463 0
91 G -340.540941792 0
91 H -345.557852697 0
91 I -334.367615613 0
91 K -345.535193561 1
91 L -347.417751914 0
91 M -343.072731997 0
91 N -344.655347377 0
91 P -136.419590342 0
91 Q -343.692337166 0
91 R -345.216378024 0
91 S -343.371750092 0
91 T -344.383722301 0
91 V -318.868430732 0
91 W -341.048550035 0
91 Y -344.738794045 0
92 A -343.004716437 0
92 C -350.748692886 0
92 D -345.243917218 0
92 E -353.14636529 0
92 F -300.163406812 0
92 G -343.901298548 0
92 H -341.73242462 0
92 I -345.094235918 0
92 K -351.391739952 0
92 L -353.939449235 0
92 M -351.012082173 0
92 N -353.126561024 0
92 P -128.464481816 0
92 Q -352.149915689 0
92 R -351.604577163 0
92 S -344.74299768 0
92 T -355.373835408 1
92 V -345.754966357 0
92 W -334.758424406 0
92 Y -336.615828052 0
93 A -343.247298008 1
93 C -339.659050821 0
93 D -344.220832925 0
93 E -344.942860702 0
93 F -341.449308342 0
93 G -342.334862429 0
93 H -344.180984468 0
93 I -341.221774194 0
93 K -343.517669171 0
93 L -342.583509113 0
93 M -341.212506145 0
93 N -342.034203045 0
93 P -343.278111122 0
93 Q -342.177565601 0
93 R -342.569113464 0
93 S -343.959237747 0
93 T -341.395038598 0
93 V -341.496277614 0
93 W -343.179975595 0
93 Y -341.704292476 0
94 A -337.004667565 0
94 C -335.682792614 0
94 D -341.750648029 1
94 E -339.010683196 0
94 F -337.65839841 0
94 G -337.230800462 0
94 H -339.032564534 0
94 I -337.180200956 0
94 K -338.826736281 0
94 L -338.84221296 0
94 M -337.582216142 0
94 N -338.898949989 0
94 P -325.55559847 0
94 Q -338.084069464 0
94 R -338.257441702 0
94 S -338.578713999 0
94 T -338.843123893 0
94 V -337.133165645 0
94 W -336.88575422 0
94 Y -337.614729278 0
95 A -340.649325353 0
95 C -339.753289921 0
95 D -342.134918536 0
95 E -342.085438481 0
95 F -340.806211205 0
95 G -342.45548781 0
95 H -342.865920508 0
95 I -294.922756041 0
95 K -343.348979164 1
95 L -341.703911163 0
95 M -341.029509921 0
95 N -343.763844711 0
95 P -290.417034675 0
95 Q -344.508995813 0
95 R -342.657957431 0
95 S -341.057228474 0
95 T -334.962236568 0
95 V -323.618057886 0
95 W -343.865947118 0
95 Y -340.689606834 0
96 A -340.891899291 0
96 C -337.332007253 0
96 D -337.438109925 0
96 E -341.705637796 0
96 F -341.266720062 0
96 G -339.785886308 0
96 H -339.524707243 0
96 I -338.745935579 0
96 K -343.649467009 1
96 L -343.805114854 0
96 M -341.259300809 0
96 N -341.075007626 0
96 P -309.395049451 0
96 Q -343.167879027 0
96 R -343.6021115 0
96 S -340.388436264 0
96 T -342.268590935 0
96 V -340.293568922 0
96 W -337.117161106 0
96 Y -340.841594894 0
97 A -348.156175674 0
97 C -344.465856424 0
97 D -350.055126933 0
97 E -349.041117341 0
97 F -345.942155329 0
97 G -346.090801856 0
97 H -346.81733311 0
97 I -341.909363546 0
97 K -347.39507401 0
97 L -348.65091483 0
97 M -345.584125078 0
97 N -347.651132468 0
97 P -351.715902506 1
97 Q -346.213078708 0
97 R -346.78013319 0
97 S -348.362122102 0
97 T -344.310603048 0
97 V -343.073989384 0
97 W -351.380475491 0
97 Y -346.328842587 0
98 A -348.777278158 0
98 C -348.404743619 0
98 D -343.94152894 0
98 E -348.239394514 0
98 F -302.229407828 0
98 G -344.6108615 0
98 H -314.652346148 0
98 I -351.82631707 0
98 K -334.244743441 0
98 L -283.453118812 0
98 M -346.041251756 0
98 N -346.954400134 0
98 P -274.827589556 0
98 Q -342.656630695 0
98 R -341.81007811 0
98 S -347.551164596 0
98 T -349.14142427 0
98 V -352.822783002 1
98 W -322.092389128 0
98 Y -293.553854242 0
99 A -346.308512985 0
99 C -344.413736342 0
99 D -345.616960049 0
99 E -347.438312125 0
99 F -356.706187006 0
99 G -344.94267176 0
99 H -354.770427064 0
99 I -346.144876402 0
99 K -356.163013154 1
99 L -354.580688388 0
99 M -348.954730304 0
99 N -353.494538183 0
99 P -348.340424742 0
99 Q -345.192626345 0
99 R -355.195309854 0
99 S -346.726329432 0
99 T -345.294299676 0
99 V -345.806906883 0
99 W -352.748425269 0
99 Y -347.736731508 0
100 A -346.303722792 0
100 C -348.098100939 0
100 D -353.124018999 0
100 E -348.241572186 0
100 F -352.74358085 0
100 G -345.596303979 0
100 H -350.340980848 0
100 I -323.108556576 0
100 K -338.302873281 0
100 L -353.313249607 0
100 M -344.389439912 0
100 N -356.323298435 1
100 P -235.578283066 0
100 Q -348.630202611 0
100 R -343.197462605 0
100 S -348.044729451 0
100 T -340.912557782 0
100 V -335.027846134 0
100 W -348.728782905 0
100 Y -354.846371327 0
101 A -350.443978003 0
101 C -346.789988734 0
101 D -352.275282342 0
101 E -347.44334054 0
101 F -354.770148478 0
101 G -347.589736798 0
101 H -354.939135892 0
101 I -349.155393539 0
101 K -347.089153287 0
101 L -351.535126185 0
101 M -349.375184598 0
101 N -347.752241565 0
101 P -329.598132279 0
101 Q -348.95515228 0
101 R -349.562036953 0
101 S -349.217004287 0
101 T -346.114036669 0
101 V -350.289994177 1
101 W -356.156806346 0
101 Y -354.609871387 0
102 A -334.657817781 0
102 C -333.784793434 0
102 D -342.2064418 1
102 E -342.019866477 0
102 F -337.938366432 0
102 G -333.359315083 0
102 H -338.698706624 0
102 I -334.491226618 0
102 K -341.782496502 0
102 L -340.285768922 0
102 M -341.04085537 0
102 N -336.139189315 0
102 P -319.353733443 0
102 Q -339.282775052 0
102 R -339.620822477 0
102 S -335.567270123 0
102 T -334.971788436 0
102 V -334.998549204 0
102 W -338.316416725 0
102 Y -337.977885796 0
103 A -334.203616116 0
103 C -333.436010239 0
103 D -333.063035674 0
103 E -333.702467406 0
103 F -334.501043388 0
103 G -331.637504104 0
103 H -334.286276345 0
103 I -331.326322472 0
103 K -331.005400022 0
103 L -342.468819139 1
103 M -336.794350319 0
103 N -334.449778831 0
103 P -278.530897997 0
103 Q -336.916915512 0
103 R -330.406157066 0
103 S -332.765797538 0
103 T -333.389965499 0
103 V -329.846268119 0
103 W -322.911004 0
103 Y -335.69226617 0
104 A -340.400376384 0
104 C -339.913595517 0
104 D -339.551188432 0
104 E -341.839380253 0
104 F -346.933421638 0
104 G -327.913452949 0
104 H -346.636791068 0
104 I -338.02094564 0
104 K -336.513003432 0
104 L -340.92526218 0
104 M -342.811204159 0
104 N -342.046672148 0
104 P -171.251525419 0
104 Q -341.611451024 0
104 R -342.62142811 0
104 S -339.272785799 0
104 T -339.690591235 0
104 V -332.338257358 0
104 W -352.581453305 1
104 Y -341.49263596 0
105 A -341.31814873 0
105 C -340.345715487 0
105 D -338.844246477 0
105 E -341.79938092 0
105 F -339.660820685 0
105 G -338.942190791 0
105 H -340.074991475 0
105 I -342.084791789 0
105 K -341.93651138 0
105 L -341.933579121 0
105 M -341.892551456 0
105 N -338.854560205 0
105 P -73.4479712368 0
105 Q -342.133334758 1
105 R -342.474508297 0
105 S -339.848581695 0
105 T -340.391877758 0
105 V -342.231856277 0
105 W -340.343281907 0
105 Y -339.434106456 0
106 A -337.029531914 0
106 C -333.691431674 0
106 D -334.673065846 0
106 E -335.521605982 0
106 F -332.465655893 0
106 G -334.422748531 0
106 H -334.811983735 0
106 I -336.327698494 0
106 K -336.663813844 0
106 L -336.610248304 0
106 M -335.473867984 0
106 N -335.5830268 0
106 P -143.448203383 0
106 Q -338.399362643 0
106 R -342.35633529 1
106 S -335.920824202 0
106 T -337.577527383 0
106 V -333.695104211 0
106 W -334.555632316 0
106 Y -332.341886287 0
107 A -333.814464587 0
107 C -332.168786536 0
107 D -332.679134299 0
107 E -335.288524613 0
107 F -332.346778532 0
107 G -330.652218107 0
107 H -336.063215793 0
107 I -320.105826928 0
107 K -328.627390933 0
107 L -342.103832 1
107 M -337.181221077 0
107 N -333.117568574 0
107 P -33.7464171365 0
107 Q -335.214947659 0
107 R -326.546264754 0
107 S -332.854012679 0
107 T -333.8087528 0
107 V -315.259686036 0
107 W -313.463937389 0
107 Y -328.473712866 0
108 A -340.948004932 0
108 C -336.117451496 0
108 D -341.626966706 1
108 E -340.442404458 0
108 F -334.273401002 0
108 G -336.103858891 0
108 H -338.652517665 0
108 I -299.925733113 0
108 K -336.027217767 0
108 L -333.782257348 0
108 M -337.683999534 0
108 N -338.517290166 0
108 P -7.06329852971 0
108 Q -335.632811797 0
108 R -336.183651203 0
108 S -338.774242288 0
108 T -339.459246169 0
108 V -294.996736306 0
108 W -336.940151895 0
108 Y -332.352283152 0
109 A -341.525778728 1
109 C -338.817953652 0
109 D -340.027924395 0
109 E -341.865495744 0
109 F -339.696343681 0
109 G -340.075387297 0
109 H -340.896326126 0
109 I -340.597432274 0
109 K -341.975338854 0
109 L -341.506796245 0
109 M -340.467079888 0
109 N -340.394803309 0
109 P -78.1680397377 0
109 Q -340.292122663 0
109 R -341.423126471 0
109 S -340.789989739 0
109 T -340.927955199 0
109 V -339.702743545 0
109 W -340.968109308 0
109 Y -339.450975758 0
110 A -341.708867355 1
110 C -337.389714363 0
110 D -335.395887441 0
110 E -323.400725221 0
110 F -332.446939366 0
110 G -338.148458894 0
110 H -336.30294569 0
110 I -300.884439306 0
110 K -309.90613124 0
110 L -334.108417948 0
110 M -327.230055563 0
110 N -339.788777854 0
110 P -240.164066549 0
110 Q -337.509446195 0
110 R -329.099412429 0
110 S -339.48346536 0
110 T -337.204405177 0
110 V -314.868364481 0
110 W -328.449995416 0
110 Y -332.656551053 0
111 A -334.281654392 0
111 C -335.023535763 0
111 D -334.487243997 0
111 E -336.269380604 0
111 F -329.410859971 0
111 G -331.575208578 0
111 H -330.212134845 0
111 I -336.782240834 0
111 K -331.422610477 0
111 L -340.942799129 1
111 M -336.684589852 0
111 N -335.633632428 0
111 P -108.067973902 0
111 Q -333.878198763 0
111 R -334.862405633 0
111 S -333.213240028 0
111 T -333.876579663 0
111 V -335.147777675 0
111 W -328.437317609 0
111 Y -329.198519706 0
112 A -339.651439622 0
112 C -337.472753717 0
112 D -337.55410924 0
112 E -336.252960337 0
112 F -334.994578201 0
112 G -338.705498896 1
112 H -337.099672473 0
112 I -333.815577 0
112 K -337.920341042 0
112 L -336.722548828 0
112 M -336.785737141 0
112 N -339.590039189 0
112 P -59.1174427931 0
112 Q -335.70768765 0
112 R -337.652400816 0
112 S -339.795775257 0
112 T -335.531086644 0
112 V -325.096687568 0
112 W -334.363725142 0
112 Y -334.836878146 0
113 A -342.448840229 0
113 C -340.947557185 0
113 D -342.141724882 0
113 E -342.109470213 0
113 F -341.29006033 0
113 G -341.221522392 0
113 H -343.267580336 0
113 I -337.258443948 0
113 K -343.626684376 0
113 L -343.914556466 0
113 M -342.873076018 0
113 N -343.460566674 0
113 P -216.359697406 0
113 Q -342.602238815 1
113 R -343.855135653 0
113 S -342.379939661 0
113 T -340.531198662 0
113 V -338.24682718 0
113 W -341.021990055 0
113 Y -341.374703626 0
114 A -335.529116612 0
114 C -335.388276088 0
114 D -334.875032238 0
114 E -327.785535051 0
114 F -338.222574017 0
114 G -331.939451396 0
114 H -342.783158485 1
114 I -288.041187719 0
114 K -333.540036066 0
114 L -332.818259783 0
114 M -334.204822484 0
114 N -338.103736438 0
114 P -283.828160473 0
114 Q -332.47799684 0
114 R -331.738315697 0
114 S -334.121744691 0
114 T -334.220847843 0
114 V -291.041780466 0
114 W -282.671660202 0
114 Y -334.404018317 0
115 A -342.327452756 0
115 C -340.979968329 0
115 D -344.96161819 0
115 E -343.739459359 0
115 F -343.151307776 0
115 G -339.16608705 0
115 H -345.612749638 0
115 I -345.246199538 0
115 K -344.302343756 0
115 L -344.560747925 0
115 M -347.385601264 0
115 N -344.2694916 0
115 P -285.613011215 0
115 Q -342.313576309 1
115 R -343.797574357 0
115 S -344.061938741 0
115 T -342.787926746 0
115 V -344.336185215 0
115 W -343.831222767 0
115 Y -342.96311319 0
116 A -330.487097885 0
116 C -332.619182918 0
116 D -329.088652547 0
116 E -329.585023374 0
116 F -316.894255482 0
116 G -325.550423093 0
116 H -324.290645719 0
116 I -342.554089322 1
116 K -324.431334285 0
116 L -336.158627607 0
116 M -336.83205536 0
116 N -332.675333988 0
116 P -309.319758955 0
116 Q -330.137071057 0
116 R -326.50315707 0
116 S -330.789400979 0
116 T -337.253425478 0
116 V -341.141435284 0
116 W -277.234206912 0
116 Y -310.330766758 0
117 A -341.373358449 0
117 C -340.144327632 0
117 D -348.532433878 0
117 E -347.880685119 0
117 F -350.178382503 0
117 G -337.74226897 0
117 H -348.346690809 0
117 I -351.08188585 0
117 K -348.664750195 1
117 L -349.406982824 0
117 M -349.802598843 0
117 N -347.829759161 0
117 P -187.639255064 0
117 Q -341.541136791 0
117 R -348.537212271 0
117 S -342.3489801 0
117 T -348.530850239 0
117 V -350.064861161 0
117 W -345.23287392 0
117 Y -349.690986346 0
118 A -329.363560411 0
118 C -329.244705834 0
118 D -329.335691403 0
118 E -329.830041709 0
118 F -338.621747925 0
118 G -325.775363058 0
118 H -333.455399995 0
118 I -322.350567368 0
118 K -328.411971274 0
118 L -330.30536882 0
118 M -333.368164852 0
118 N -331.14984273 0
118 P -325.068052467 0
118 Q -329.204526268 0
118 R -329.745100046 0
118 S -329.12005024 0
118 T -330.956184009 0
118 V -331.148995264 0
118 W -342.580950607 1
118 Y -336.654320178 0
119 A -337.879133516 0
119 C -337.914678701 0
119 D -340.132884012 0
119 E -342.877996174 1
119 F -338.09895551 0
119 G -330.813323087 0
119 H -339.799705024 0
119 I -341.559992888 0
119 K -339.479796542 0
119 L -341.369838534 0
119 M -337.487289992 0
119 N -340.374553866 0
119 P -229.580608119 0
119 Q -340.160854333 0
119 R -339.202223621 0
119 S -339.637161677 0
119 T -338.921514654 0
119 V -342.049231414 0
119 W -334.201013478 0
119 Y -337.492536642 0
120 A -331.718091371 0
120 C -330.962484127 0
120 D -334.159659932 0
120 E -332.357470643 0
120 F -339.74401979 0
120 G -330.866100824 0
120 H -333.59227784 0
120 I -331.828231803 0
120 K -329.902378003 0
120 L -332.432698167 0
120 M -332.691326632 0
120 N -333.490670248 0
120 P -329.469355461 0
120 Q -333.476119681 0
120 R -327.950371833 0
120 S -331.809790209 0
120 T -332.343970624 0
120 V -333.636474413 0
120 W -342.609608734 1
120 Y -338.030265871 0
121 A -336.454191328 0
121 C -336.337719702 0
121 D -328.802439845 0
121 E -330.823649294 0
121 F -264.049581503 0
121 G -332.983303185 0
121 H -329.984123681 0
121 I -335.73746222 0
121 K -335.865809494 0
121 L -339.588041134 0
121 M -336.453917019 0
121 N -336.144335762 0
121 P -192.062455971 0
121 Q -332.319429831 0
121 R -334.400854 0
121 S -336.148881934 0
121 T -338.877201776 0
121 V -341.950275097 1
121 W -228.665784057 0
121 Y -272.72012538 0
122 A -340.160935798 0
122 C -337.454385644 0
122 D -340.341537221 0
122 E -341.123944233 0
122 F -338.81246029 0
122 G -339.055754382 0
122 H -339.976607388 0
122 I -335.232170165 0
122 K -341.376472778 1
122 L -341.068565463 0
122 M -340.229964618 0
122 N -339.898612983 0
122 P -340.752080531 0
122 Q -339.064664024 0
122 R -338.937118981 0
122 S -340.065897874 0
122 T -334.06142248 0
122 V -330.129845565 0
122 W -339.533058104 0
122 Y -338.745054004 0
123 A -341.081880177 0
123 C -337.121962229 0
123 D -342.523523301 0
123 E -340.76724155 0
123 F -337.448777956 0
123 G -340.214199203 1
123 H -342.651687499 0
123 I -337.921469456 0
123 K -341.622118576 0
123 L -335.795145043 0
123 M -339.294064064 0
123 N -339.005298703 0
123 P -340.164755955 0
123 Q -339.947730053 0
123 R -341.537256868 0
123 S -342.577087234 0
123 T -341.432304322 0
123 V -338.272733613 0
123 W -340.542113042 0
123 Y -338.764007538 0
124 A -336.27986032 0
124 C -335.012878323 0
124 D -338.246045049 0
124 E -339.713788025 0
124 F -337.376314046 0
124 G -336.179745195 0
124 H -339.433887056 1
124 I -335.409154501 0
124 K -337.83093167 0
124 L -337.626738005 0
124 M -336.432286962 0
124 N -337.672766094 0
124 P -323.619279272 0
124 Q -337.876781086 0
124 R -337.036855876 0
124 S -338.29604092 0
124 T -337.723376061 0
124 V -335.723597645 0
124 W -338.120838222 0
124 Y -336.949759079 0
125 A -339.522429901 1
125 C -334.589058065 0
125 D -339.275626228 0
125 E -334.761647083 0
125 F -335.172199756 0
125 G -336.283894146 0
125 H -337.775427752 0
125 I -321.188133293 0
125 K -336.423183153 0
125 L -336.043928188 0
125 M -333.640488654 0
125 N -340.256005023 0
125 P -294.134587604 0
125 Q -335.238824256 0
125 R -336.431220195 0
125 S -337.343858853 0
125 T -327.73530804 0
125 V -329.467483615 0
125 W -333.40614006 0
125 Y -334.688917692 0
126 A -335.5942361 0
126 C -333.200244154 0
126 D -332.032024388 0
126 E -328.310183377 0
126 F -316.089110457 0
126 G -342.747295605 1
126 H -317.286124324 0
126 I -306.422928546 0
126 K -330.583642312 0
126 L -276.47388795 0
126 M -334.937937588 0
126 N -334.950902773 0
126 P -330.885097799 0
126 Q -333.267583103 0
126 R -329.128394413 0
126 S -331.555154005 0
126 T -335.866769224 0
126 V -333.957691432 0
126 W -319.410015645 0
126 Y -312.98173412 0
127 A -341.386790985 0
127 C -338.174760006 0
127 D -340.642401607 0
127 E -343.420105555 0
127 F -341.764827226 0
127 G -341.987968266 0
127 H -342.928403973 1
127 I -333.656892067 0
127 K -343.743931231 0
127 L -343.113102118 0
127 M -341.942246283 0
127 N -341.648053721 0
127 P -334.810342478 0
127 Q -343.444637491 0
127 R -342.116111994 0
127 S -342.575990147 0
127 T -343.099794271 0
127 V -339.72069941 0
127 W -340.909476418 0
127 Y -343.836414291 0
128 A -342.679408473 0
128 C -339.266525734 0
128 D -343.497908198 0
128 E -344.995250308 0
128 F -341.912349767 0
128 G -341.964070838 0
128 H -342.862393251 0
128 I -341.15525727 0
128 K -343.426163706 0
128 L -342.803003313 0
128 M -341.171739334 0
128 N -341.814304983 0
128 P -343.028368067 1
128 Q -342.04387835 0
128 R -343.215894461 0
128 S -342.993472353 0
128 T -342.422695596 0
128 V -341.520022392 0
128 W -341.118951397 0
128 Y -341.785970359 0
129 A -341.950744268 0
129 C -341.607398458 0
129 D -340.21127464 0
129 E -344.621562879 1
129 F -341.425055633 0
129 G -337.810523647 0
129 H -339.291436821 0
129 I -335.344439221 0
129 K -331.174057366 0
129 L -334.544052135 0
129 M -340.766388786 0
129 N -338.452210823 0
129 P -324.970725754 0
129 Q -339.296719673 0
129 R -337.043712681 0
129 S -342.245446385 0
129 T -342.618632678 0
129 V -335.264043973 0
129 W -340.371073839 0
129 Y -339.542934898 0
130 A -339.039250978 0
130 C -339.196425344 0
130 D -345.116729115 0
130 E -335.865903539 0
130 F -290.029980889 0
130 G -336.225158067 0
130 H -336.720745232 0
130 I -342.722322181 0
130 K -340.952053721 0
130 L -340.200336515 0
130 M -338.870133739 0
130 N -344.284852492 1
130 P -230.973512898 0
130 Q -340.490021581 0
130 R -330.258362863 0
130 S -338.419732481 0
130 T -340.224440678 0
130 V -342.696693712 0
130 W -331.809009766 0
130 Y -113.990870419 0
131 A -342.409152962 0
131 C -339.868350037 0
131 D -343.453749703 0
131 E -344.394118449 1
131 F -343.2842594 0
131 G -341.060703044 0
131 H -343.612707498 0
131 I -342.839265722 0
131 K -344.003678565 0
131 L -343.719486033 0
131 M -342.192259547 0
131 N -342.792838457 0
131 P -181.061851951 0
131 Q -342.441175639 0
131 R -344.39150568 0
131 S -342.315416619 0
131 T -342.034167847 0
131 V -342.934128487 0
131 W -343.156656963 0
131 Y -342.362180871 0
132 A -341.020448194 0
132 C -338.216978764 0
132 D -340.177094302 0
132 E -342.555018979 0
132 F -338.634460336 0
132 G -338.36570793 0
132 H -341.767276559 0
132 I -342.242857523 0
132 K -343.501331554 0
132 L -342.108112022 0
132 M -341.364130928 0
132 N -340.392905916 0
132 P -83.8128063849 0
132 Q -341.183829909 0
132 R -342.500095072 1
132 S -339.656070143 0
132 T -341.204019696 0
132 V -340.241695831 0
132 W -341.728621467 0
132 Y -338.435147552 0
133 A -344.632576491 0
133 C -344.337985298 1
133 D -336.449164698 0
133 E -292.604583372 0
133 F 53.9155400083 0
133 G -338.814097064 0
133 H -229.207405963 0
133 I -255.335691003 0
133 K -221.431804286 0
133 L -256.134464444 0
133 M -257.196067709 0
133 N -338.933598969 0
133 P -139.672713556 0
133 Q -163.156500671 0
133 R -212.038843126 0
133 S -340.405858184 0
133 T -341.216916548 0
133 V -293.416324123 0
133 W 274.725427514 0
133 Y 111.83294194 0
134 A -344.976641179 0
134 C -340.421752149 0
134 D -343.407297596 1
134 E -342.144678248 0
134 F -340.889238847 0
134 G -344.901682578 0
134 H -343.488436767 0
134 I -340.051552431 0
134 K -342.568202621 0
134 L -344.426317072 0
134 M -341.218514997 0
134 N -344.1165799 0
134 P -143.964158829 0
134 Q -341.15727606 0
134 R -347.020454504 0
134 S -343.227815003 0
134 T -343.562821362 0
134 V -340.47990428 0
134 W -342.182329836 0
134 Y -340.035309115 0
135 A -342.482899746 0
135 C -339.606494147 0
135 D -341.822114854 0
135 E -343.127068616 1
135 F -340.868655344 0
135 G -340.775219856 0
135 H -341.835947011 0
135 I -341.943681272 0
135 K -342.789059453 0
135 L -342.15623878 0
135 M -341.230313154 0
135 N -341.358395116 0
135 P -108.668564683 0
135 Q -341.319485785 0
135 R -342.625074762 0
135 S -341.550872341 0
135 T -341.469127955 0
135 V -342.0430532 0
135 W -343.015713015 0
135 Y -340.872085754 0
136 A -341.028216376 0
136 C -338.714854428 0
136 D -341.1603082 0
136 E -341.12144516 0
136 F -340.320925083 0
136 G -337.939709504 0
136 H -341.72490761 0
136 I -333.533949768 0
136 K -340.324188958 0
136 L -344.794139856 1
136 M -340.606292803 0
136 N -341.116559995 0
136 P -121.18292263 0
136 Q -339.888472203 0
136 R -340.759859873 0
136 S -339.633800688 0
136 T -335.603334882 0
136 V -339.429122267 0
136 W -342.224041528 0
136 Y -340.677703266 0
137 A -343.559590007 1
137 C -334.54485639 0
137 D -243.552378422 0
137 E -261.676029984 0
137 F 741.450337892 0
137 G -337.760994089 0
137 H 207.130119299 0
137 I -235.572031021 0
137 K -277.283740723 0
137 L 632.710067325 0
137 M -207.406265343 0
137 N -236.918832305 0
137 P -84.1847053483 0
137 Q -100.619495113 0
137 R -286.513753658 0
137 S -338.098695913 0
137 T -327.678008127 0
137 V -252.419733769 0
137 W -38.1325919675 0
137 Y 844.538717374 0
138 A -337.144958669 0
138 C -335.295482143 0
138 D -337.000406198 0
138 E -339.558110155 0
138 F -337.955922782 0
138 G -335.547514183 0
138 H -338.42555357 0
138 I -338.267828842 0
138 K -339.023345906 0
138 L -338.636059251 0
138 M -337.248180227 0
138 N -339.042883547 0
138 P -150.788440834 0
138 Q -337.979427391 0
138 R -342.283609148 1
138 S -336.562085408 0
138 T -337.560731555 0
138 V -337.967248994 0
138 W -338.21200909 0
138 Y -337.883509594 0
139 A -342.76343566 1
139 C -340.511530434 0
139 D -341.950008154 0
139 E -343.190023279 0
139 F -341.342682323 0
139 G -341.282054776 0
139 H -342.206478297 0
139 I -342.2749197 0
139 K -342.797152388 0
139 L -342.559832346 0
139 M -342.091081037 0
139 N -342.754323064 0
139 P -60.8948454175 0
139 Q -342.60643258 0
139 R -343.55851707 0
139 S -342.12667245 0
139 T -342.409759279 0
139 V -339.377887019 0
139 W -343.155440873 0
139 Y -341.195076426 0
140 A -344.034840904 1
140 C -290.553932461 0
140 D -328.208662013 0
140 E -338.493791473 0
140 F -156.341781057 0
140 G -340.097531406 0
140 H -200.46719167 0
140 I -147.022904917 0
140 K -318.884427964 0
140 L -306.138084424 0
140 M -339.008344176 0
140 N -331.132117236 0
140 P -104.288170389 0
140 Q -337.783905172 0
140 R -333.639991936 0
140 S -339.926350818 0
140 T -294.654274714 0
140 V -308.464057237 0
140 W -239.525398322 0
140 Y -168.545977969 0
141 A -342.662928228 1
141 C -332.348267376 0
141 D -308.008908752 0
141 E -306.434950604 0
141 F -252.593168514 0
141 G -337.639177192 0
141 H -255.547266063 0
141 I -247.658237063 0
141 K -296.760375742 0
141 L -269.586338934 0
141 M -301.027974836 0
141 N -326.397739108 0
141 P -169.139311963 0
141 Q -308.16071477 0
141 R -301.933558537 0
141 S -340.665854574 0
141 T -306.22104774 0
141 V -274.485019257 0
141 W -108.292758577 0
141 Y -258.136100147 0
142 A -341.236916794 0
142 C -340.408025826 0
142 D -340.49131516 0
142 E -342.194256771 0
142 F -341.004982712 0
142 G -340.629055469 0
142 H -342.09636523 0
142 I -336.313465372 0
142 K -342.588764685 0
142 L -343.393360184 0
142 M -341.901109689 1
142 N -342.331433004 0
142 P -164.915179156 0
142 Q -341.256809349 0
142 R -342.855825873 0
142 S -341.296294142 0
142 T -339.898777127 0
142 V -337.091034532 0
142 W -341.847094721 0
142 Y -340.960805147 0
143 A -340.34710059 0
143 C -338.679077775 0
143 D -341.157602606 0
143 E -339.340470272 0
143 F -339.099134839 0
143 G -328.85401464 0
143 H -341.559598155 0
143 I -335.880218594 0
143 K -340.479338446 0
143 L -338.614074398 0
143 M -338.759583447 0
143 N -341.910073783 1
143 P -265.369136007 0
143 Q -337.93555569 0
143 R -340.583563943 0
143 S -340.041216877 0
143 T -338.719648394 0
143 V -337.044768242 0
143 W -338.403762893 0
143 Y -338.839683863 0
144 A -337.258700377 0
144 C -332.609082959 0
144 D -318.074509309 0
144 E -298.008831887 0
144 F -323.175069958 0
144 G -334.903795579 0
144 H -321.31804157 0
144 I -250.755962587 0
144 K -193.102581479 0
144 L 50.9900379828 0
144 M -208.111278997 0
144 N -322.896681847 0
144 P -341.526668689 1
144 Q -299.043126066 0
144 R -245.27904338 0
144 S -334.512423789 0
144 T -329.761176988 0
144 V -310.953721477 0
144 W -323.892317115 0
144 Y -325.169247162 0
145 A -337.298993052 0
145 C -336.862680283 0
145 D -337.451991192 0
145 E -339.432837716 0
145 F -335.23496831 0
145 G -336.20151226 0
145 H -339.277624578 0
145 I -339.383478921 0
145 K -340.654500144 0
145 L -339.409000793 0
145 M -337.339246503 0
145 N -339.120453195 0
145 P -316.071233358 0
145 Q -338.279317146 0
145 R -339.872297756 0
145 S -339.979900478 0
145 T -341.323164894 1
145 V -340.032962647 0
145 W -336.307630821 0
145 Y -335.944007814 0
146 A -336.486948609 0
146 C -335.639074031 0
146 D -336.194805562 0
146 E -337.218623366 0
146 F -337.859478846 0
146 G -334.007878927 0
146 H -336.973678775 0
146 I -335.355282504 0
146 K -337.625339146 0
146 L -339.800314094 1
146 M -337.519345684 0
146 N -336.392760838 0
146 P -92.8134462391 0
146 Q -336.978260891 0
146 R -337.552627731 0
146 S -336.517283883 0
146 T -334.545455464 0
146 V -335.138437106 0
146 W -336.30598551 0
146 Y -337.618396449 0
147 A -339.356186917 0
147 C -338.709252968 0
147 D -340.787013062 0
147 E -342.097595266 1
147 F -341.425370958 0
147 G -337.282733113 0
147 H -341.262634731 0
147 I -342.866748427 0
147 K -341.699347709 0
147 L -342.532212257 0
147 M -340.097333175 0
147 N -340.529098064 0
147 P -336.908335393 0
147 Q -339.928686598 0
147 R -341.211533322 0
147 S -340.190343025 0
147 T -341.309781239 0
147 V -342.361959733 0
147 W -340.703561811 0
147 Y -341.21793751 0
148 A -331.441532249 0
148 C -329.717369692 0
148 D -344.03508851 1
148 E -334.534669814 0
148 F -300.083455424 0
148 G -326.963458211 0
148 H -327.159688161 0
148 I -305.818696647 0
148 K -311.242190969 0
148 L -293.793768984 0
148 M -332.253900602 0
148 N -333.918431381 0
148 P -313.386836297 0
148 Q -331.656485984 0
148 R -305.600389543 0
148 S -328.528251435 0
148 T -328.823992831 0
148 V -303.168583589 0
148 W -308.525723377 0
148 Y -295.563245871 0
149 A -340.267487522 0
149 C -337.70709504 0
149 D -339.924142377 0
149 E -342.036010542 0
149 F -339.154121062 0
149 G -339.205842267 0
149 H -340.2113792 0
149 I -340.077232639 0
149 K -341.773803544 0
149 L -341.257230877 0
149 M -339.733662299 0
149 N -339.3706607 0
149 P -284.559871811 0
149 Q -339.714635623 0
149 R -341.173061664 0
149 S -341.220522282 0
149 T -340.538365264 1
149 V -340.327567079 0
149 W -340.566792681 0
149 Y -339.48874518 0
150 A -338.684645428 0
150 C -335.303456064 0
150 D -337.343713149 0
150 E -335.288552018 0
150 F -336.307458482 0
150 G -346.911640018 1
150 H -337.019403123 0
150 I -320.426763738 0
150 K -334.486194166 0
150 L -332.975049762 0
150 M -334.908732673 0
150 N -338.882357867 0
150 P -320.495950213 0
150 Q -335.226776128 0
150 R -335.174018139 0
150 S -338.450929706 0
150 T -333.465772326 0
150 V -321.973974823 0
150 W -336.112126028 0
150 Y -336.244859962 0
151 A -343.630151518 0
151 C -342.756314048 0
151 D -342.729955238 0
151 E -341.072716266 0
151 F -346.064203618 0
151 G -340.789906734 0
151 H -345.767905029 0
151 I -338.81650376 0
151 K -340.945332625 0
151 L -343.48939965 0
151 M -344.313217895 0
151 N -343.88948844 0
151 P -202.373437634 0
151 Q -342.316741683 0
151 R -343.074396244 0
151 S -343.637647771 0
151 T -341.578754579 0
151 V -341.360186547 0
151 W -349.697802595 0
151 Y -347.802584844 1
152 A -348.274947901 0
152 C -347.019652354 0
152 D -346.416393359 0
152 E -346.732215683 0
152 F -351.580885279 0
152 G -345.322139869 0
152 H -352.308511359 0
152 I -335.755929256 0
152 K -351.919826345 0
152 L -349.174181266 0
152 M -348.00372211 0
152 N -349.984890372 0
152 P -270.768998485 0
152 Q -347.208997376 1
152 R -355.352485202 0
152 S -348.058309198 0
152 T -348.981175185 0
152 V -350.640831663 0
152 W -350.586871206 0
152 Y -350.316810615 0
153 A -349.851295575 0
153 C -348.367354921 0
153 D -356.176561493 0
153 E -351.558233854 0
153 F -348.080537172 0
153 G -347.239388896 0
153 H -348.813911274 0
153 I -349.582511095 0
153 K -350.524425225 0
153 L -350.162471627 0
153 M -349.809307109 0
153 N -349.542455924 0
153 P -341.656317799 0
153 Q -348.292928278 0
153 R -350.062329089 0
153 S -350.694301137 0
153 T -349.587913416 0
153 V -350.086598832 1
153 W -347.972675966 0
153 Y -348.018322391 0
154 A -346.890440574 0
154 C -341.208177285 0
154 D -348.533184961 0
154 E -347.721493051 1
154 F -342.271609893 0
154 G -352.695304492 0
154 H -345.103365857 0
154 I -335.628390583 0
154 K -347.468269835 0
154 L -347.796359526 0
154 M -343.004600247 0
154 N -348.93130099 0
154 P -298.397008757 0
154 Q -344.063618042 0
154 R -345.334983877 0
154 S -350.822611652 0
154 T -346.564613929 0
154 V -337.157839102 0
154 W -342.442779193 0
154 Y -344.010339266 0
155 A -357.816332647 0
155 C -357.369973332 0
155 D -359.382858162 0
155 E -357.76668936 0
155 F -356.652487917 0
155 G -357.610390487 0
155 H -358.119633962 0
155 I -359.830716929 0
155 K -357.997364102 0
155 L -358.068646601 0
155 M -356.801516552 0
155 N -358.236979914 0
155 P -343.066412272 0
155 Q -355.895927566 0
155 R -357.454726073 0
155 S -358.744870659 0
155 T -358.693307698 0
155 V -359.532667289 1
155 W -354.623415534 0
155 Y -356.432313447 0
