1 A -433.034733847 0
1 C -432.538508567 0
1 D -434.499934396 0
1 E -432.372712841 0
1 F -433.652070114 0
1 G -431.965465564 0
1 H -435.395457401 0
1 I -434.063819501 0
1 K -434.685991625 0
1 L -432.453637697 0
1 M -436.449579769 1
1 N -432.628242569 0
1 P -435.341436155 0
1 Q -431.660979538 0
1 R -432.738427022 0
1 S -434.637677563 0
1 T -433.906737682 0
1 V -434.205469158 0
1 W -431.631425209 0
1 Y -432.951202324 0
2 A -431.05370228 0
2 C -432.203189035 0
2 D -436.569188553 0
2 E -432.205979838 0
2 F -429.721007487 0
2 G -430.717223291 0
2 H -430.627610644 0
2 I -429.183605292 0
2 K -429.988798886 0
2 L -429.085822912 0
2 M -428.589627188 0
2 N -436.991647296 1
2 P -419.478751005 0
2 Q -430.553350127 0
2 R -430.473346905 0
2 S -432.608416162 0
2 T -434.092812894 0
2 V -429.994969702 0
2 W -428.355454242 0
2 Y -429.531536041 0
3 A -431.129099272 0
3 C -428.952071214 0
3 D -431.125114396 0
3 E -432.646546388 0
3 F -422.419061359 0
3 G -428.168976536 0
3 H -426.57194626 0
3 I -437.790628731 1
3 K -431.147257677 0
3 L -434.161775843 0
3 M -431.453325009 0
3 N -429.790279377 0
3 P -423.355220602 0
3 Q -430.879620776 0
3 R -431.865769117 0
3 S -430.889661358 0
3 T -431.40020273 0
3 V -432.481667565 0
3 W -428.615947439 0
3 Y -419.285193718 0
4 A -434.068869034 0
4 C -432.501488079 0
4 D -435.761908012 0
4 E -436.298697059 0
4 F -437.205213733 1
4 G -431.911088457 0
4 H -436.814833968 0
4 I -433.07795044 0
4 K -436.278131804 0
4 L -436.839724825 0
4 M -435.760561106 0
4 N -435.331269883 0
4 P -415.906620333 0
4 Q -435.145774981 0
4 R -436.985412174 0
4 S -434.211002669 0
4 T -434.416422085 0
4 V -434.569161673 0
4 W -434.492528782 0
4 Y -436.843500927 0
5 A -435.478197777 0
5 C -432.365199976 0
5 D -436.980567559 0
5 E -437.08171464 1
5 F -431.920301843 0
5 G -433.103703945 0
5 H -434.653546818 0
5 I -436.15295914 0
5 K -435.217598532 0
5 L -436.648086506 0
5 M -435.378643654 0
5 N -434.845783255 0
5 P -401.211993458 0
5 Q -435.504567942 0
5 R -434.777921788 0
5 S -434.384315917 0
5 T -435.169089754 0
5 V -436.119984991 0
5 W -432.564523247 0
5 Y -432.04701137 0
6 A -432.879299621 0
6 C -430.475757925 0
6 D -427.555569518 0
6 E -431.699318417 0
6 F -356.555676681 0
6 G -429.604966343 0
6 H -419.773612318 0
6 I -430.735838686 0
6 K -417.488339387 0
6 L -427.490469314 0
6 M -436.773006119 1
6 N -427.244512507 0
6 P -153.321064654 0
6 Q -433.15333085 0
6 R -426.596458373 0
6 S -430.888372578 0
6 T -433.336668497 0
6 V -432.086533667 0
6 W -410.804979625 0
6 Y -389.252995863 0
7 A -428.977565921 0
7 C -428.513994916 0
7 D -427.895089274 0
7 E -428.400527927 0
7 F -417.568499561 0
7 G -425.965156825 0
7 H -421.075026338 0
7 I -435.059484321 0
7 K -422.374414327 0
7 L -437.905290123 1
7 M -428.134121522 0
7 N -430.39199087 0
7 P -274.60043403 0
7 Q -429.625750515 0
7 R -345.631713582 0
7 S -427.3397289 0
7 T -429.309539868 0
7 V -431.42441705 0
7 W -386.376082665 0
7 Y -402.918559212 0
8 A -436.208929626 0
8 C -434.605773494 0
8 D -433.355093647 0
8 E -438.180135841 0
8 F -438.237769531 0
8 G -433.857670011 0
8 H -437.560737455 0
8 I -435.316482426 0
8 K -437.358394275 0
8 L -437.788368744 0
8 M -436.251719209 0
8 N -433.896480079 0
8 P -112.286860314 0
8 Q -435.823731994 0
8 R -438.713723843 1
8 S -434.871832514 0
8 T -435.48512024 0
8 V -429.124422273 0
8 W -437.585909556 0
8 Y -438.765727261 0
9 A -432.995375471 0
9 C -430.416943923 0
9 D -430.918200253 0
9 E -432.795427054 0
9 F -432.258225451 0
9 G -431.18638982 0
9 H -434.526356505 0
9 I -436.665667908 1
9 K -432.528963279 0
9 L -434.845002316 0
9 M -434.784072924 0
9 N -432.069047611 0
9 P -188.840302206 0
9 Q -434.809690662 0
9 R -434.637920474 0
9 S -432.408308497 0
9 T -433.703706743 0
9 V -433.392415684 0
9 W -432.046279343 0
9 Y -432.350138398 0
10 A -427.778760216 0
10 C -426.429052794 0
10 D -436.381061225 1
10 E -423.089178073 0
10 F -411.904094565 0
10 G -424.415737306 0
10 H -419.361118149 0
10 I -422.603020113 0
10 K -403.994707853 0
10 L -420.789547288 0
10 M -421.366590621 0
10 N -427.086428337 0
10 P -312.947012702 0
10 Q -421.47252677 0
10 R -382.659529964 0
10 S -426.688549926 0
10 T -424.985888862 0
10 V -407.698580811 0
10 W -390.908423173 0
10 Y -395.532109455 0
11 A -431.4927746 0
11 C -431.473597353 0
11 D -435.671027627 0
11 E -436.088101369 1
11 F -428.262828993 0
11 G -428.013563533 0
11 H -433.698480969 0
11 I -389.961482493 0
11 K -429.028068496 0
11 L -430.661772034 0
11 M -428.998820559 0
11 N -434.396888687 0
11 P -263.89363591 0
11 Q -429.260966602 0
11 R -428.278079902 0
11 S -431.052433847 0
11 T -431.529483888 0
11 V -385.714040202 0
11 W -427.409553331 0
11 Y -426.456586847 0
12 A -422.009254776 0
12 C -418.314285229 0
12 D -425.823587836 0
12 E -418.899416116 0
12 F -416.493271779 0
12 G -436.467446966 1
12 H -420.11044229 0
12 I -411.599830217 0
12 K -421.889075025 0
12 L -420.951349436 0
12 M -418.410737911 0
12 N -420.465160427 0
12 P -379.784861014 0
12 Q -420.964919698 0
12 R -417.789535839 0
12 S -430.190764089 0
12 T -418.408662756 0
12 V -412.120254786 0
12 W -416.056577626 0
12 Y -416.600169476 0
13 A -429.859752955 0
13 C -432.302110791 0
13 D -432.821784846 0
13 E -439.598593279 0
13 F -420.88310541 0
13 G -426.426464726 0
13 H -439.886756115 0
13 I -439.599177867 0
13 K -431.517108342 0
13 L -439.122018973 1
13 M -432.947184991 0
13 N -433.686141166 0
13 P -416.24044896 0
13 Q -438.59628997 0
13 R -434.385478494 0
13 S -433.389596986 0
13 T -433.896236377 0
13 V -433.31585488 0
13 W -401.362024494 0
13 Y -362.313076682 0
14 A -436.070232812 0
14 C -435.342557249 0
14 D -435.36346748 0
14 E -435.550664589 0
14 F -438.720006399 0
14 G -433.252285346 0
14 H -438.815343573 0
14 I -439.520680917 0
14 K -437.452912091 0
14 L -438.130521428 0
14 M -437.452123587 0
14 N -436.736634749 0
14 P -388.242214843 0
14 Q -436.828581323 0
14 R -438.404355008 1
14 S -436.920117788 0
14 T -436.828075309 0
14 V -439.153848191 0
14 W -435.657337565 0
14 Y -438.803440531 0
15 A -431.743538269 0
15 C -435.125743042 0
15 D -435.774684531 0
15 E -436.666082658 0
15 F -431.634151041 0
15 G -431.659188468 0
15 H -438.708102277 0
15 I -435.825579206 0
15 K -436.208671909 0
15 L -442.249037897 1
15 M -435.344123595 0
15 N -438.422739791 0
15 P -428.981228047 0
15 Q -436.643706956 0
15 R -437.088903074 0
15 S -433.38087425 0
15 T -438.49082825 0
15 V -436.420789635 0
15 W -431.784261095 0
15 Y -431.447769472 0
16 A -437.899074977 0
16 C -436.982374363 0
16 D -435.942675028 0
16 E -439.565733648 0
16 F -439.292560577 0
16 G -435.622987164 0
16 H -440.404489209 0
16 I -439.602047619 0
16 K -439.417565988 1
16 L -438.608285902 0
16 M -438.326803621 0
16 N -436.433297211 0
16 P -403.753023664 0
16 Q -437.651196633 0
16 R -439.400549965 0
16 S -438.38209308 0
16 T -439.573864284 0
16 V -440.166402627 0
16 W -435.652648107 0
16 Y -439.567350932 0
17 A -432.740138735 0
17 C -434.544349677 0
17 D -432.623728844 0
17 E -434.816529502 0
17 F -391.113877336 0
17 G -429.339804872 0
17 H -416.6496584 0
17 I -442.672758707 1
17 K -420.669777431 0
17 L -433.685482463 0
17 M -424.600344496 0
17 N -433.361367445 0
17 P -376.686889922 0
17 Q -434.263537797 0
17 R -418.320253493 0
17 S -434.272703275 0
17 T -436.569981114 0
17 V -439.496052417 0
17 W -283.834344853 0
17 Y -354.684204334 0
18 A -434.485049161 0
18 C -434.442786392 0
18 D -431.766948302 0
18 E -427.982467245 0
18 F -441.617076735 0
18 G -433.153543363 0
18 H -438.384372593 0
18 I -433.671947869 0
18 K -430.779458847 0
18 L -430.410256436 0
18 M -434.738915459 0
18 N -436.20428995 0
18 P -282.233306545 0
18 Q -428.094505976 0
18 R -432.825279852 0
18 S -435.469328849 0
18 T -437.201989316 0
18 V -434.662746885 0
18 W -438.378527486 0
18 Y -441.781336454 1
19 A -435.635942736 0
19 C -434.889883295 0
19 D -433.897551027 0
19 E -436.826231946 0
19 F -437.390290754 0
19 G -433.280809611 0
19 H -437.452507541 0
19 I -435.869792961 0
19 K -437.822871886 1
19 L -440.481012807 0
19 M -436.652596771 0
19 N -436.241716479 0
19 P -433.348076822 0
19 Q -436.669035839 0
19 R -438.463287773 0
19 S -435.743379204 0
19 T -436.810232686 0
19 V -436.007909283 0
19 W -435.795308529 0
19 Y -434.108580184 0
20 A -429.915412748 0
20 C -429.6304963 0
20 D -437.864578317 1
20 E -425.634216904 0
20 F -426.518757162 0
20 G -432.881107928 0
20 H -430.301643913 0
20 I -419.46036643 0
20 K -426.494010288 0
20 L -391.444830021 0
20 M -427.3604719 0
20 N -436.054459556 0
20 P -239.056483103 0
20 Q -426.489103041 0
20 R -425.495400376 0
20 S -433.120835421 0
20 T -432.809369602 0
20 V -421.562520573 0
20 W -427.655762323 0
20 Y -427.899525283 0
21 A -437.35600861 0
21 C -436.473826007 0
21 D -438.752145349 0
21 E -440.897667105 0
21 F -436.157435023 0
21 G -433.79900266 0
21 H -440.219099397 0
21 I -436.582429223 0
21 K -437.435973668 0
21 L -434.995308418 0
21 M -437.428155951 0
21 N -437.481563389 0
21 P -434.614425071 0
21 Q -438.122242075 0
21 R -436.700215435 0
21 S -438.809159472 0
21 T -437.968262707 1
21 V -437.303093108 0
21 W -436.746977021 0
21 Y -436.039880026 0
22 A -432.201981878 0
22 C -430.62770504 0
22 D -437.723842061 0
22 E -437.912935572 1
22 F -434.574100436 0
22 G -430.430075782 0
22 H -436.761535824 0
22 I -429.063782161 0
22 K -434.500581395 0
22 L -437.888764508 0
22 M -432.647777411 0
22 N -435.920991473 0
22 P -408.276591401 0
22 Q -436.275934562 0
22 R -434.375412155 0
22 S -432.858195907 0
22 T -430.954677909 0
22 V -426.637209182 0
22 W -436.757540032 0
22 Y -433.546273405 0
23 A -430.514836575 0
23 C -427.606997284 0
23 D -431.856403109 0
23 E -431.426124065 0
23 F -430.995959616 0
23 G -437.428311849 1
23 H -432.762466274 0
23 I -397.409689638 0
23 K -432.724781294 0
23 L -431.753458216 0
23 M -430.602233738 0
23 N -432.919399183 0
23 P -368.656315493 0
23 Q -432.152815488 0
23 R -431.842949695 0
23 S -429.599332041 0
23 T -424.747242162 0
23 V -396.280479108 0
23 W -429.762092813 0
23 Y -430.468138615 0
24 A -436.206217314 0
24 C -435.988174127 0
24 D -434.827052237 0
24 E -424.623168932 0
24 F -437.018122318 0
24 G -434.65837397 0
24 H -437.548031306 0
24 I -367.076733566 0
24 K -433.528264568 0
24 L -412.608287037 0
24 M -412.667207063 0
24 N -437.1213918 0
24 P -350.660743658 0
24 Q -427.944771146 0
24 R -434.675529722 0
24 S -435.170985308 0
24 T -434.503293579 0
24 V -430.74347404 0
24 W -437.035645091 0
24 Y -437.753039972 1
25 A -429.646552503 0
25 C -428.803664793 0
25 D -431.210138169 0
25 E -430.009711879 0
25 F -438.333597679 0
25 G -425.415721082 0
25 H -434.14666605 0
25 I -420.392075596 0
25 K -428.279741889 0
25 L -429.691328634 0
25 M -431.892593843 0
25 N -432.453402023 0
25 P -397.366184903 0
25 Q -428.803321383 0
25 R -429.894745352 0
25 S -429.940408456 0
25 T -425.137408327 0
25 V -421.678507794 0
25 W -437.266752036 0
25 Y -438.079378879 1
26 A -442.156139144 0
26 C -440.120485597 0
26 D -432.412542163 0
26 E -432.807464325 0
26 F -415.895826379 0
26 G -437.29843266 0
26 H -429.814880347 0
26 I -414.666975807 0
26 K -429.433185211 0
26 L -423.165599095 0
26 M -439.521978033 0
26 N -439.155073036 0
26 P -277.769224785 0
26 Q -432.206061214 0
26 R -430.546612863 0
26 S -439.351968808 0
26 T -441.067034089 1
26 V -440.192194531 0
26 W -428.46590202 0
26 Y -416.755384552 0
27 A -434.463570217 0
27 C -434.182158954 0
27 D -429.900386624 0
27 E -426.637678426 0
27 F -418.715882381 0
27 G -429.489769502 0
27 H -425.614898404 0
27 I -441.173098727 1
27 K -403.047512676 0
27 L -428.715440171 0
27 M -424.578844912 0
27 N -432.842414547 0
27 P -392.479792649 0
27 Q -430.180710328 0
27 R -418.469363602 0
27 S -433.906399614 0
27 T -434.632759336 0
27 V -436.113718241 0
27 W -412.932440449 0
27 Y -419.78735951 0
28 A -437.017840981 0
28 C -404.024169022 0
28 D -336.093832015 0
28 E -305.94941481 0
28 F -136.758883887 0
28 G -438.997928738 1
28 H -171.135842739 0
28 I -393.716112004 0
28 K -293.477984414 0
28 L -259.647854204 0
28 M -50.1669539362 0
28 N -381.228663405 0
28 P -305.789985166 0
28 Q -311.390299546 0
28 R -378.785618728 0
28 S -432.34487274 0
28 T -409.221270754 0
28 V -401.204976759 0
28 W -169.752143509 0
28 Y -124.496120744 0
29 A -429.950686365 0
29 C -429.908732431 0
29 D -429.946555267 0
29 E -429.033539657 0
29 F -428.122242791 0
29 G -423.503759732 0
29 H -427.011190717 0
29 I -443.249964171 1
29 K -433.785582202 0
29 L -437.074106771 0
29 M -437.8107449 0
29 N -435.775338173 0
29 P -429.589944667 0
29 Q -433.921002663 0
29 R -434.129231645 0
29 S -427.535287285 0
29 T -429.430004696 0
29 V -435.337901119 0
29 W -388.325802129 0
29 Y -428.384758925 0
30 A -423.489668159 0
30 C -418.4239174 0
30 D -414.416960458 0
30 E -403.268992833 0
30 F -378.613974978 0
30 G -436.535405817 1
30 H -416.090356725 0
30 I -317.834470168 0
30 K -408.87649243 0
30 L -399.505202899 0
30 M -409.65269451 0
30 N -420.127832014 0
30 P -314.178280089 0
30 Q -406.473916992 0
30 R -409.686344255 0
30 S -417.723108243 0
30 T -374.076738129 0
30 V -347.91463831 0
30 W -251.261190707 0
30 Y -338.987138938 0
31 A -431.203791964 0
31 C -431.355705517 0
31 D -428.340919616 0
31 E -426.357568999 0
31 F -435.233469682 0
31 G -427.597062659 0
31 H -437.194763717 1
31 I -433.059269629 0
31 K -434.547730565 0
31 L -427.507530603 0
31 M -432.344267423 0
31 N -433.968780056 0
31 P -304.209679489 0
31 Q -430.500410118 0
31 R -432.30507734 0
31 S -430.641240333 0
31 T -431.485273222 0
31 V -434.812939271 0
31 W -428.965921536 0
31 Y -434.439740065 0
32 A -430.198417821 0
32 C -431.230013262 0
32 D -429.319358484 0
32 E -434.541437324 0
32 F -428.687211102 0
32 G -428.73796254 0
32 H -431.132333645 0
32 I -434.801755509 0
32 K -434.261411126 0
32 L -437.530786369 1
32 M -433.944229566 0
32 N -431.9799557 0
32 P -429.855074256 0
32 Q -432.430434828 0
32 R -433.972502268 0
32 S -431.832773509 0
32 T -433.012231695 0
32 V -434.529464584 0
32 W -430.160963015 0
32 Y -427.950296194 0
33 A -426.336956514 0
33 C -425.40077406 0
33 D -425.714888169 0
33 E -426.116812607 0
33 F -416.557097365 0
33 G -423.00668742 0
33 H -424.089247848 0
33 I -434.305987468 0
33 K -415.260270756 0
33 L -438.677476315 1
33 M -426.750988075 0
33 N -427.730331139 0
33 P -303.098777663 0
33 Q -428.519609372 0
33 R -414.548429857 0
33 S -425.635240248 0
33 T -427.469116497 0
33 V -431.024127071 0
33 W -418.433515293 0
33 Y -405.26209914 0
34 A -431.959945366 0
34 C -431.580538773 0
34 D -433.36100609 0
34 E -415.714481921 0
34 F -265.551225222 0
34 G -428.388922844 0
34 H -424.129162106 0
34 I -428.345473339 0
34 K -423.27239643 0
34 L -408.621808005 0
34 M -412.742128661 0
34 N -431.255875308 0
34 P -366.014933646 0
34 Q -409.268250012 0
34 R -420.460314216 0
34 S -433.148240991 0
34 T -437.19555462 1
34 V -417.484273319 0
34 W -388.357625285 0
34 Y -354.269798262 0
35 A -434.949603997 0
35 C -434.81993652 0
35 D -435.857249872 0
35 E -437.520699542 0
35 F -433.434353942 0
35 G -433.46910912 0
35 H -436.169596303 0
35 I -435.625169831 0
35 K -438.157954456 1
35 L -428.378313062 0
35 M -437.024695178 0
35 N -437.448259211 0
35 P -430.94654204 0
35 Q -436.050607377 0
35 R -437.466839768 0
35 S -436.700029396 0
35 T -438.650762137 0
35 V -435.78661199 0
35 W -434.682110754 0
35 Y -433.436030783 0
36 A -436.538636955 0
36 C -433.428658623 0
36 D -437.295054667 0
36 E -437.716941702 0
36 F -431.884302336 0
36 G -433.242720335 0
36 H -434.972340034 0
36 I -423.650622359 0
36 K -436.15262566 0
36 L -436.018065172 0
36 M -436.232311735 0
36 N -436.913714832 0
36 P -384.614491407 0
36 Q -434.920143585 0
36 R -435.006021252 0
36 S -438.065468754 1
36 T -433.251446036 0
36 V -423.431860977 0
36 W -432.934659155 0
36 Y -431.606596659 0
37 A -436.078589776 0
37 C -433.880147798 0
37 D -437.17320264 0
37 E -438.799038899 0
37 F -435.349329755 0
37 G -435.797266806 0
37 H -438.243414025 0
37 I -434.91849694 0
37 K -437.59933254 0
37 L -436.312489929 0
37 M -436.313086431 0
37 N -436.265307426 0
37 P -437.175401992 1
37 Q -436.523952275 0
37 R -436.727599934 0
37 S -438.786945361 0
37 T -436.614433961 0
37 V -434.804357058 0
37 W -437.010587994 0
37 Y -435.261187501 0
38 A -437.707891235 0
38 C -435.261353074 0
38 D -440.158394303 0
38 E -438.915638087 0
38 F -437.275488297 0
38 G -435.26640294 0
38 H -437.912023945 0
38 I -429.194482802 0
38 K -438.333718164 0
38 L -438.464808408 0
38 M -437.243162588 0
38 N -437.944259826 0
38 P -408.948769342 0
38 Q -436.682975346 0
38 R -437.224047375 0
38 S -439.89928247 1
38 T -431.759321902 0
38 V -426.75414067 0
38 W -437.617692897 0
38 Y -437.420576723 0
39 A -436.879712424 0
39 C -433.419597066 0
39 D -435.860379603 0
39 E -441.144980124 0
39 F -439.833572204 0
39 G -434.817287946 0
39 H -437.376856232 0
39 I -438.276624293 0
39 K -436.289710683 0
39 L -442.613855677 1
39 M -435.333775746 0
39 N -434.605429902 0
39 P -433.602144939 0
39 Q -438.014794189 0
39 R -439.409931251 0
39 S -437.220574928 0
39 T -436.11019977 0
39 V -436.270669198 0
39 W -437.115551954 0
39 Y -437.611786245 0
40 A -436.934590619 0
40 C -433.658952345 0
40 D -438.571076754 0
40 E -438.664363689 0
40 F -434.833518797 0
40 G -435.739512221 0
40 H -436.934145521 0
40 I -435.623448626 0
40 K -437.827501844 0
40 L -437.688621622 0
40 M -436.779276972 0
40 N -437.427349682 1
40 P -428.216883839 0
40 Q -436.495951045 0
40 R -437.209898047 0
40 S -437.605515622 0
40 T -436.615271008 0
40 V -435.736151635 0
40 W -435.890654233 0
40 Y -434.794089444 0
41 A -437.137694643 1
41 C -433.24892374 0
41 D -439.852723429 0
41 E -436.53155422 0
41 F -430.321795741 0
41 G -434.718248961 0
41 H -436.905959383 0
41 I -433.305561367 0
41 K -436.188935291 0
41 L -416.524726411 0
41 M -434.584308946 0
41 N -435.462861484 0
41 P -309.121108707 0
41 Q -435.406596041 0
41 R -435.897281392 0
41 S -435.008017679 0
41 T -435.684705931 0
41 V -434.788294977 0
41 W -430.000285345 0
41 Y -429.435797053 0
42 A -439.360479248 1
42 C -428.994182207 0
42 D -421.250471259 0
42 E -391.735395854 0
42 F -337.225972665 0
42 G -433.429080348 0
42 H -396.287699335 0
42 I -346.225153339 0
42 K -332.655050882 0
42 L -374.024886685 0
42 M -380.096702336 0
42 N -414.8470402 0
42 P -294.172901209 0
42 Q -352.533979164 0
42 R -330.346067247 0
42 S -434.779702824 0
42 T -428.938581246 0
42 V -365.445291743 0
42 W -117.924658663 0
42 Y -296.691838469 0
43 A -437.471228043 0
43 C -436.673504104 0
43 D -439.756382442 0
43 E -441.388502875 0
43 F -421.911802994 0
43 G -434.293673109 0
43 H -439.979090583 0
43 I -439.749865362 0
43 K -442.449970446 1
43 L -444.237826453 0
43 M -438.30376782 0
43 N -438.026018531 0
43 P -199.904898117 0
43 Q -440.377806324 0
43 R -442.189888102 0
43 S -436.228746576 0
43 T -437.657849905 0
43 V -438.67862299 0
43 W -431.251148462 0
43 Y -422.738138276 0
44 A -439.268648207 0
44 C -436.56668404 0
44 D -438.315184112 0
44 E -439.614526545 0
44 F -438.15719649 0
44 G -437.950356218 0
44 H -440.255007594 0
44 I -439.447429021 0
44 K -439.827257624 0
44 L -439.375964337 0
44 M -437.965148032 0
44 N -438.508997507 0
44 P -171.99926365 0
44 Q -438.188657001 0
44 R -439.348345176 0
44 S -439.020061474 1
44 T -439.615472339 0
44 V -438.180321054 0
44 W -437.156735013 0
44 Y -438.04738873 0
45 A -437.755594248 0
45 C -435.06604807 0
45 D -434.408437649 0
45 E -438.197150935 1
45 F -434.946422824 0
45 G -434.667701178 0
45 H -436.979189235 0
45 I -435.516753368 0
45 K -434.648813642 0
45 L -434.020497261 0
45 M -434.95380822 0
45 N -436.166970286 0
45 P -252.394383206 0
45 Q -435.729085794 0
45 R -434.905969425 0
45 S -436.350553933 0
45 T -436.49592861 0
45 V -437.203315189 0
45 W -432.430510364 0
45 Y -434.989220551 0
46 A -430.00661175 0
46 C -429.359445231 0
46 D -429.089065458 0
46 E -428.720534158 0
46 F -413.465540561 0
46 G -425.828901231 0
46 H -417.902612286 0
46 I -393.304523271 0
46 K -405.06839721 0
46 L -440.021311814 1
46 M -427.796046285 0
46 N -431.060542913 0
46 P -155.857948775 0
46 Q -429.244924667 0
46 R -415.090823459 0
46 S -429.058744527 0
46 T -431.301540079 0
46 V -390.731273621 0
46 W -404.79705549 0
46 Y -400.554438496 0
47 A -438.231986101 0
47 C -435.560798278 0
47 D -441.385263497 1
47 E -435.896731987 0
47 F -310.819282136 0
47 G -436.36860242 0
47 H -437.96879171 0
47 I -435.795656248 0
47 K -432.538999381 0
47 L -419.208458321 0
47 M -431.974614402 0
47 N -439.271615816 0
47 P -227.982254641 0
47 Q -434.767794865 0
47 R -436.074587367 0
47 S -436.797986348 0
47 T -434.930625249 0
47 V -437.177267733 0
47 W -329.71364608 0
47 Y -279.839305803 0
48 A -436.471447445 0
48 C -433.773262298 0
48 D -434.677536809 0
48 E -436.173272252 0
48 F -435.551285196 0
48 G -435.196980902 0
48 H -436.625659184 0
48 I -437.182620895 0
48 K -437.337317052 1
48 L -437.295976729 0
48 M -435.049130829 0
48 N -435.881297782 0
48 P -175.110148789 0
48 Q -435.250428816 0
48 R -438.091561796 0
48 S -436.44489162 0
48 T -436.223480823 0
48 V -435.845712421 0
48 W -436.165163554 0
48 Y -435.325884505 0
49 A -439.237042171 1
49 C -436.340951799 0
49 D -436.065830076 0
49 E -437.024381571 0
49 F -436.221485162 0
49 G -435.899742515 0
49 H -439.271687412 0
49 I -434.143419912 0
49 K -437.860092435 0
49 L -438.310396364 0
49 M -436.139734397 0
49 N -438.59933039 0
49 P -143.51957215 0
49 Q -436.394636657 0
49 R -438.297034705 0
49 S -437.312861243 0
49 T -432.836169815 0
49 V -436.120691131 0
49 W -436.553600237 0
49 Y -435.693635668 0
50 A -430.815274757 0
50 C -430.451628665 0
50 D -429.436768009 0
50 E -430.053908072 0
50 F -418.229050047 0
50 G -427.449218204 0
50 H -426.458924131 0
50 I -437.432633185 1
50 K -423.680714923 0
50 L -431.052980792 0
50 M -430.261829929 0
50 N -430.628329599 0
50 P -286.695855939 0
50 Q -430.41343919 0
50 R -428.696245192 0
50 S -430.183149256 0
50 T -432.044037626 0
50 V -435.18621137 0
50 W -407.607734489 0
50 Y -413.466842027 0
51 A -426.992474849 0
51 C -423.402292866 0
51 D -424.375125047 0
51 E -423.383127875 0
51 F -424.203091863 0
51 G -438.730538035 1
51 H -427.452554708 0
51 I -399.422734853 0
51 K -427.913170536 0
51 L -425.124065765 0
51 M -420.494029954 0
51 N -429.239267493 0
51 P -353.976587549 0
51 Q -426.18307433 0
51 R -423.089382798 0
51 S -421.959941261 0
51 T -406.248706837 0
51 V -398.330103407 0
51 W -427.539062766 0
51 Y -424.867199676 0
52 A -432.192248515 0
52 C -430.946334885 0
52 D -433.154589922 0
52 E -431.485796658 0
52 F -429.583365642 0
52 G -428.847152329 0
52 H -431.255779839 0
52 I -430.623735337 0
52 K -431.833999221 0
52 L -429.255575341 0
52 M -431.35878348 0
52 N -431.975878766 0
52 P -378.016653958 0
52 Q -430.852125872 0
52 R -439.033282654 1
52 S -433.028038355 0
52 T -433.359435363 0
52 V -429.659717799 0
52 W -428.915196482 0
52 Y -429.58118419 0
53 A -438.094216684 0
53 C -437.149549407 0
53 D -437.699088224 0
53 E -438.896952315 0
53 F -436.709931769 0
53 G -436.43205783 0
53 H -439.608611182 0
53 I -440.137800751 0
53 K -439.048191384 0
53 L -438.860071719 0
53 M -437.297931716 0
53 N -437.598982181 1
53 P -438.819483588 0
53 Q -439.101319129 0
53 R -439.195676616 0
53 S -438.253634609 0
53 T -439.329702158 0
53 V -440.010785127 0
53 W -435.736920755 0
53 Y -436.553945412 0
54 A -436.657439704 0
54 C -438.858831313 1
54 D -430.187975188 0
54 E -416.173705557 0
54 F -381.435029511 0
54 G -433.010933007 0
54 H -409.786079191 0
54 I -365.192698715 0
54 K -252.455252002 0
54 L -421.193393247 0
54 M -385.387650805 0
54 N -438.225532788 0
54 P -250.823045597 0
54 Q -378.866524962 0
54 R -283.434470763 0
54 S -437.298006579 0
54 T -441.622518436 0
54 V -434.656049058 0
54 W 296.460499304 0
54 Y -128.138048247 0
55 A -439.776734354 0
55 C -437.324390518 0
55 D -442.184049078 0
55 E -440.748121823 0
55 F -439.782404458 0
55 G -439.504474938 0
55 H -442.02367373 0
55 I -416.722635583 0
55 K -441.410930743 0
55 L -439.18761697 0
55 M -438.819918056 0
55 N -442.601418561 1
55 P -395.174603918 0
55 Q -439.211741416 0
55 R -442.009911063 0
55 S -439.821849272 0
55 T -434.726079429 0
55 V -427.56443764 0
55 W -440.390299145 0
55 Y -439.119183318 0
56 A -435.249513594 0
56 C -427.296286944 0
56 D -423.325552137 0
56 E -431.366402738 0
56 F -417.230352154 0
56 G -440.962030655 1
56 H -426.331258614 0
56 I -413.236267824 0
56 K -433.502374682 0
56 L -423.065513558 0
56 M -430.023471708 0
56 N -432.772958081 0
56 P -365.869341681 0
56 Q -430.889206369 0
56 R -430.638619337 0
56 S -435.534481808 0
56 T -427.806622114 0
56 V -413.772030988 0
56 W -418.633470741 0
56 Y -402.084279699 0
57 A -436.334298962 0
57 C -435.503371022 0
57 D -434.827978584 0
57 E -438.332991824 0
57 F -439.341140484 0
57 G -433.908966232 0
57 H -438.302046279 0
57 I -439.560523091 0
57 K -438.166011141 0
57 L -436.079062376 0
57 M -436.980641808 0
57 N -435.276663338 0
57 P -255.901190283 0
57 Q -436.826417889 0
57 R -438.313587962 0
57 S -437.659913819 0
57 T -438.826518439 0
57 V -439.688015676 1
57 W -439.37737932 0
57 Y -439.464409798 0
58 A -431.84653798 0
58 C -433.478393176 0
58 D -426.94731458 0
58 E -433.897710551 0
58 F -312.855050226 0
58 G -429.319446886 0
58 H -400.779348626 0
58 I -443.862234923 1
58 K -421.906182383 0
58 L -430.306044899 0
58 M -402.000351193 0
58 N -430.695009303 0
58 P -399.055610922 0
58 Q -434.664864815 0
58 R -404.208655632 0
58 S -432.347554793 0
58 T -437.171283068 0
58 V -440.599404465 0
58 W -398.124286287 0
58 Y -284.827378901 0
59 A -437.399524649 0
59 C -435.414775289 0
59 D -439.598755278 0
59 E -438.285402075 0
59 F -436.395989418 0
59 G -437.399308752 0
59 H -438.996512725 0
59 I -430.422804464 0
59 K -438.442382327 0
59 L -437.772270238 0
59 M -437.125684306 0
59 N -437.36243809 0
59 P -426.869765034 0
59 Q -437.293137626 0
59 R -437.604025096 0
59 S -439.377997246 0
59 T -439.230019675 1
59 V -431.410558918 0
59 W -436.283355271 0
59 Y -436.916968655 0
60 A -439.291231027 0
60 C -436.55068629 0
60 D -438.420757683 0
60 E -442.804555619 0
60 F -437.009841954 0
60 G -437.251054885 0
60 H -439.393934343 0
60 I -439.699594601 0
60 K -440.696296537 1
60 L -437.500839689 0
60 M -438.866576605 0
60 N -437.743948744 0
60 P -437.541661792 0
60 Q -438.55110698 0
60 R -440.079827637 0
60 S -439.285131659 0
60 T -439.582371518 0
60 V -440.120038988 0
60 W -442.139530967 0
60 Y -436.696127054 0
61 A -439.121361367 0
61 C -437.039740211 0
61 D -440.522160394 1
61 E -442.304151189 0
61 F -438.147589832 0
61 G -438.937931735 0
61 H -439.062594035 0
61 I -439.078966781 0
61 K -440.234058342 0
61 L -440.050151492 0
61 M -438.674393768 0
61 N -438.666377535 0
61 P -422.76551386 0
61 Q -439.32801291 0
61 R -440.372471446 0
61 S -440.21463426 0
61 T -439.028457098 0
61 V -439.189801346 0
61 W -440.130263466 0
61 Y -438.223483705 0
62 A -433.478978039 0
62 C -429.978745105 0
62 D -435.748161419 0
62 E -441.040693323 1
62 F -433.058420201 0
62 G -430.476802786 0
62 H -434.484434491 0
62 I -425.21522607 0
62 K -431.68086824 0
62 L -435.408541845 0
62 M -431.656658141 0
62 N -431.728580928 0
62 P -399.548485089 0
62 Q -431.321202202 0
62 R -431.195408428 0
62 S -431.027804476 0
62 T -427.806396706 0
62 V -430.215807937 0
62 W -434.519107523 0
62 Y -433.477355052 0
63 A -442.026571333 1
63 C -423.337281337 0
63 D -409.603990231 0
63 E -347.617600077 0
63 F -120.806880826 0
63 G -436.232408849 0
63 H -241.361646906 0
63 I -380.471619396 0
63 K -374.819979071 0
63 L -354.834015304 0
63 M -424.162778393 0
63 N -397.428103086 0
63 P -245.217453561 0
63 Q -375.754628152 0
63 R -370.111188191 0
63 S -438.223110315 0
63 T -434.661156997 0
63 V -436.831337777 0
63 W -115.949026201 0
63 Y 1.54979547415 0
64 A -441.753952696 0
64 C -439.386238463 0
64 D -442.341349787 0
64 E -446.182749952 1
64 F -440.292513629 0
64 G -440.048243462 0
64 H -441.939258775 0
64 I -442.067241412 0
64 K -441.826399649 0
64 L -443.717986445 0
64 M -442.784257932 0
64 N -442.254162491 0
64 P -183.581091374 0
64 Q -442.898320575 0
64 R -442.132872842 0
64 S -441.029199436 0
64 T -441.559854487 0
64 V -441.605304705 0
64 W -441.837623413 0
64 Y -440.136930496 0
65 A -441.787730113 0
65 C -439.326384231 0
65 D -441.85871005 0
65 E -442.933936737 0
65 F -439.587677728 0
65 G -440.634978004 0
65 H -441.864773913 0
65 I -442.827720358 0
65 K -442.543906775 1
65 L -442.303424617 0
65 M -441.895316437 0
65 N -441.521582165 0
65 P -138.480973816 0
65 Q -441.001557024 0
65 R -442.041055724 0
65 S -441.711027499 0
65 T -442.169598317 0
65 V -440.952793909 0
65 W -440.74406971 0
65 Y -440.270710166 0
66 A -434.571832162 0
66 C -432.684185247 0
66 D -433.130012614 0
66 E -435.349990065 0
66 F -427.78880391 0
66 G -431.998975101 0
66 H -430.251319671 0
66 I -435.605867279 0
66 K -429.55793926 0
66 L -441.1679558 1
66 M -436.652530673 0
66 N -434.45605675 0
66 P -260.360494101 0
66 Q -436.471735876 0
66 R -434.66118989 0
66 S -433.465070319 0
66 T -432.700628039 0
66 V -434.975060704 0
66 W -425.241974501 0
66 Y -359.462194628 0
67 A -433.952285816 0
67 C -431.827840756 0
67 D -432.354750935 0
67 E -437.039687805 0
67 F -446.096564002 1
67 G -430.912205874 0
67 H -441.280624641 0
67 I -386.08626691 0
67 K -433.361857658 0
67 L -443.017021834 0
67 M -440.493946686 0
67 N -433.180560742 0
67 P -202.341653449 0
67 Q -434.875135888 0
67 R -433.398627312 0
67 S -433.042238345 0
67 T -433.882453486 0
67 V -385.514437443 0
67 W -389.170813873 0
67 Y -429.404555708 0
68 A -440.606101343 0
68 C -437.935734605 0
68 D -440.070655978 0
68 E -441.627988314 0
68 F -439.94721987 0
68 G -439.138527999 0
68 H -439.829671992 0
68 I -440.264343892 0
68 K -441.515366817 0
68 L -440.805146658 0
68 M -440.463357637 0
68 N -440.414959578 1
68 P -170.274946051 0
68 Q -439.77917131 0
68 R -442.032070135 0
68 S -439.880620427 0
68 T -439.928027806 0
68 V -440.183236104 0
68 W -440.066261762 0
68 Y -439.731085416 0
69 A -440.298140144 0
69 C -437.835902873 0
69 D -440.383005023 0
69 E -442.276948145 0
69 F -439.342996156 0
69 G -439.069393862 0
69 H -439.855734922 0
69 I -440.61937273 0
69 K -440.499222855 0
69 L -441.342263329 0
69 M -439.662690448 0
69 N -440.192554612 0
69 P -228.398543112 0
69 Q -439.83482426 1
69 R -440.752664851 0
69 S -439.928987388 0
69 T -440.140987781 0
69 V -440.021545193 0
69 W -438.59347011 0
69 Y -438.816341994 0
70 A -435.880204656 0
70 C -433.849298029 0
70 D -438.959698723 1
70 E -436.78740408 0
70 F -431.640810266 0
70 G -433.553608654 0
70 H -434.768062662 0
70 I -431.424436605 0
70 K -435.402781743 0
70 L -434.042233374 0
70 M -435.635893691 0
70 N -435.24449381 0
70 P -241.693204007 0
70 Q -434.94910274 0
70 R -435.983351242 0
70 S -434.493707963 0
70 T -435.129904544 0
70 V -432.740972018 0
70 W -430.66504562 0
70 Y -428.160622456 0
71 A -431.488456127 0
71 C -432.228737729 0
71 D -429.297370517 0
71 E -431.049726688 0
71 F -419.749994486 0
71 G -427.99672557 0
71 H -427.738751506 0
71 I -431.946401763 0
71 K -429.302012505 0
71 L -432.89961958 0
71 M -426.574065952 0
71 N -431.123509311 0
71 P -248.867517224 0
71 Q -430.904938204 0
71 R -430.255344936 0
71 S -430.500248967 0
71 T -433.489502737 0
71 V -437.981634907 1
71 W -431.37535004 0
71 Y -418.796218527 0
72 A -436.449183681 0
72 C -433.327725328 0
72 D -437.124081315 1
72 E -436.732357103 0
72 F -432.93082999 0
72 G -435.211500355 0
72 H -435.61748397 0
72 I -436.589036817 0
72 K -436.883864212 0
72 L -436.55112969 0
72 M -435.678326437 0
72 N -434.44125755 0
72 P -192.4929961 0
72 Q -435.368081294 0
72 R -436.276165203 0
72 S -434.805066809 0
72 T -436.518752767 0
72 V -435.42947495 0
72 W -434.635004983 0
72 Y -433.133620037 0
73 A -441.127797285 1
73 C -438.352885196 0
73 D -439.235156596 0
73 E -442.704450323 0
73 F -438.892246185 0
73 G -439.099634518 0
73 H -439.811214062 0
73 I -438.977674594 0
73 K -440.712293585 0
73 L -440.998307234 0
73 M -439.249326157 0
73 N -440.203167707 0
73 P -129.444198228 0
73 Q -440.252650622 0
73 R -441.046987223 0
73 S -439.68247542 0
73 T -440.472264131 0
73 V -433.429065226 0
73 W -440.162503006 0
73 Y -439.201050495 0
74 A -437.435892876 1
74 C -431.859931293 0
74 D -430.335072845 0
74 E -406.32675958 0
74 F -303.920479553 0
74 G -433.276839779 0
74 H -396.620332074 0
74 I -411.499529751 0
74 K -397.563800616 0
74 L -385.309036507 0
74 M -424.926171003 0
74 N -429.809244673 0
74 P -195.287000184 0
74 Q -402.495942682 0
74 R -410.915981261 0
74 S -434.790618841 0
74 T -429.949919462 0
74 V -435.462440972 0
74 W -410.985161983 0
74 Y -320.399165343 0
75 A -436.433779469 0
75 C -435.582761131 0
75 D -435.92903979 0
75 E -438.455808065 0
75 F -434.084107416 0
75 G -434.546180011 0
75 H -438.199853387 0
75 I -440.413815206 0
75 K -438.024631149 0
75 L -440.124663332 0
75 M -437.653091862 0
75 N -437.01125806 0
75 P -275.439936839 0
75 Q -437.018975263 0
75 R -437.959083589 0
75 S -436.033115081 0
75 T -437.487670994 0
75 V -439.754651131 1
75 W -435.273514115 0
75 Y -434.101676807 0
76 A -436.751821244 0
76 C -434.138404878 0
76 D -436.293465111 0
76 E -437.654375714 0
76 F -433.347966047 0
76 G -435.338229323 0
76 H -436.162845749 0
76 I -436.377854699 0
76 K -439.404746347 0
76 L -438.135123785 0
76 M -436.679775769 0
76 N -436.934371793 0
76 P -207.881421433 0
76 Q -436.37123432 0
76 R -441.426985282 1
76 S -436.398454783 0
76 T -436.201211035 0
76 V -436.285519203 0
76 W -436.577037316 0
76 Y -433.539310041 0
77 A -441.78029857 0
77 C -438.657512282 0
77 D -438.377364985 0
77 E -436.333740367 0
77 F -427.14886585 0
77 G -441.325051247 1
77 H -436.314272989 0
77 I -432.107938229 0
77 K -437.067166786 0
77 L -435.298545099 0
77 M -433.847588773 0
77 N -438.921892689 0
77 P -56.5979647599 0
77 Q -435.68617185 0
77 R -437.322362432 0
77 S -439.36576417 0
77 T -410.9259627 0
77 V -343.959639689 0
77 W -439.597444239 0
77 Y -431.823991465 0
78 A -433.024386862 0
78 C -432.155869704 0
78 D -430.485723474 0
78 E -431.821466428 0
78 F -403.069998589 0
78 G -430.117177866 0
78 H -401.810643868 0
78 I -441.780009474 1
78 K -424.575416052 0
78 L -418.465806434 0
78 M -435.022604499 0
78 N -431.841364013 0
78 P -230.878408592 0
78 Q -433.049221926 0
78 R -380.724208743 0
78 S -432.175420323 0
78 T -435.707481136 0
78 V -438.096336463 0
78 W -398.52926013 0
78 Y -350.160302147 0
79 A -436.424072148 0
79 C -434.636130558 0
79 D -436.466921609 0
79 E -437.979175267 0
79 F -433.158523727 0
79 G -434.741616035 0
79 H -436.973401648 0
79 I -436.908231852 0
79 K -438.291708426 0
79 L -440.278053644 1
79 M -436.679699807 0
79 N -437.694377536 0
79 P -229.16212167 0
79 Q -436.357779286 0
79 R -437.868622951 0
79 S -435.77560641 0
79 T -435.048376488 0
79 V -435.851372454 0
79 W -436.920348866 0
79 Y -432.042430467 0
80 A -440.221099361 0
80 C -438.492934141 0
80 D -440.027989994 0
80 E -440.61837398 0
80 F -436.675074511 0
80 G -439.394159973 0
80 H -440.245292121 0
80 I -433.576681473 0
80 K -440.332786219 0
80 L -440.899066106 0
80 M -440.616013836 0
80 N -440.797614231 0
80 P -167.481129301 0
80 Q -439.379836774 0
80 R -441.132540875 1
80 S -440.208360491 0
80 T -437.878082778 0
80 V -433.516176612 0
80 W -439.682101579 0
80 Y -437.011468634 0
81 A -439.602201188 0
81 C -440.045287718 0
81 D -444.362025011 0
81 E -439.486125364 0
81 F -417.391075543 0
81 G -436.704465382 0
81 H -440.164934607 0
81 I -397.744924087 0
81 K -437.924376775 0
81 L -385.563655837 0
81 M -438.621796891 0
81 N -444.976637686 1
81 P -166.383144687 0
81 Q -435.602286543 0
81 R -436.732432872 0
81 S -441.578069624 0
81 T -441.321482604 0
81 V -410.163401916 0
81 W -426.325484097 0
81 Y -414.238595724 0
82 A -442.500266654 1
82 C -440.501105245 0
82 D -443.687485516 0
82 E -444.093913805 0
82 F -439.996207082 0
82 G -442.012370135 0
82 H -441.838501286 0
82 I -441.350744191 0
82 K -443.498368633 0
82 L -442.717519205 0
82 M -442.158717685 0
82 N -442.616235488 0
82 P -444.031868374 0
82 Q -441.856029539 0
82 R -442.649065309 0
82 S -444.619009476 0
82 T -442.458492918 0
82 V -441.032161487 0
82 W -440.930187887 0
82 Y -439.897142739 0
83 A -436.622393189 0
83 C -434.426811082 0
83 D -438.567545816 0
83 E -437.434970435 0
83 F -436.100821343 0
83 G -434.233655854 0
83 H -437.461718365 0
83 I -439.705664315 0
83 K -438.547283004 1
83 L -438.135079948 0
83 M -436.924209647 0
83 N -436.993407221 0
83 P -421.450242063 0
83 Q -436.40495516 0
83 R -437.641096901 0
83 S -436.527391825 0
83 T -437.883370628 0
83 V -439.248053278 0
83 W -435.594100073 0
83 Y -436.560010209 0
84 A -428.650455192 0
84 C -429.893649154 0
84 D -430.786408783 0
84 E -430.508499424 0
84 F -271.443007164 0
84 G -425.475592115 0
84 H -425.994345779 0
84 I -432.562250938 0
84 K -411.341972437 0
84 L -441.036041801 1
84 M -435.553131177 0
84 N -432.513511227 0
84 P -399.486393432 0
84 Q -431.236337246 0
84 R -395.768029738 0
84 S -429.844718257 0
84 T -428.804467066 0
84 V -430.314993391 0
84 W -153.915519048 0
84 Y -352.352433015 0
85 A -448.117496358 0
85 C -435.551316356 0
85 D -434.25119719 0
85 E -435.84933596 0
85 F -436.48097126 0
85 G -435.424363592 0
85 H -436.674510136 0
85 I -230.838106353 0
85 K -442.544413376 1
85 L -440.456044161 0
85 M -436.85924901 0
85 N -436.96772772 0
85 P -115.670684081 0
85 Q -436.436763172 0
85 R -439.072805064 0
85 S -436.892065001 0
85 T -436.419892243 0
85 V -409.29698174 0
85 W -434.460385913 0
85 Y -436.178125715 0
86 A -448.646481145 0
86 C -445.474945793 0
86 D -449.147712964 0
86 E -449.201026028 0
86 F -446.031272042 0
86 G -447.372914055 0
86 H -447.223368409 0
86 I -445.276187868 0
86 K -449.58344935 0
86 L -447.846229305 0
86 M -447.261013053 0
86 N -448.111218522 0
86 P -438.99530791 1
86 Q -448.719642517 0
86 R -448.903614443 0
86 S -448.57673837 0
86 T -446.665468317 0
86 V -446.94337648 0
86 W -446.614021295 0
86 Y -445.666022583 0
87 A -433.807050921 0
87 C -433.140256228 0
87 D -430.369255899 0
87 E -432.185948865 0
87 F -428.322166263 0
87 G -430.343989868 0
87 H -431.756247506 0
87 I -439.885967941 0
87 K -432.195304395 0
87 L -431.34541522 0
87 M -434.921084592 0
87 N -432.779272791 0
87 P -406.798971094 0
87 Q -427.275793664 0
87 R -435.455952383 0
87 S -432.44323572 0
87 T -435.831900812 0
87 V -443.62103167 1
87 W -318.937747984 0
87 Y -427.001802742 0
88 A -430.73450711 0
88 C -428.147146696 0
88 D -429.604432164 0
88 E -429.075592266 0
88 F -435.591013489 0
88 G -427.882574 0
88 H -433.208662052 0
88 I -400.744292135 0
88 K -428.149711592 0
88 L -423.760534875 0
88 M -431.476318376 0
88 N -430.102816901 0
88 P -200.944336189 0
88 Q -429.717864029 0
88 R -429.495286551 0
88 S -429.979642931 0
88 T -429.063072678 0
88 V -396.008794749 0
88 W -435.722939011 0
88 Y -435.910988034 1
89 A -432.746877397 0
89 C -431.037239023 0
89 D -436.097930168 1
89 E -432.363633929 0
89 F -429.609982168 0
89 G -430.756562171 0
89 H -431.150307898 0
89 I -431.914586564 0
89 K -432.110149912 0
89 L -431.771976433 0
89 M -432.806559973 0
89 N -430.095118208 0
89 P -159.373026763 0
89 Q -431.079462251 0
89 R -431.777990308 0
89 S -430.927374132 0
89 T -431.189245875 0
89 V -431.980473286 0
89 W -430.274029699 0
89 Y -429.634884827 0
90 A -436.123884526 0
90 C -433.998523889 0
90 D -433.610739128 0
90 E -434.421387742 0
90 F -427.805450514 0
90 G -434.381014248 0
90 H -432.390672155 0
90 I -429.950200625 0
90 K -433.526530937 0
90 L -409.669947141 0
90 M -435.353834518 0
90 N -434.563303202 0
90 P -183.088470451 0
90 Q -431.964869262 0
90 R -434.450923328 0
90 S -436.738525219 1
90 T -435.027112149 0
90 V -432.782982387 0
90 W -431.026705692 0
90 Y -426.669493202 0
91 A -427.517023524 0
91 C -428.591977963 0
91 D -426.830189905 0
91 E -428.438334077 0
91 F -421.764191056 0
91 G -425.045564864 0
91 H -428.698091064 0
91 I -417.891606447 0
91 K -413.005088742 0
91 L -436.736121306 1
91 M -429.645417117 0
91 N -428.897970943 0
91 P -308.693998248 0
91 Q -429.915936046 0
91 R -400.128795347 0
91 S -426.618431331 0
91 T -424.452713938 0
91 V -417.518511196 0
91 W -415.193641569 0
91 Y -407.247576698 0
92 A -428.655691843 0
92 C -428.621114575 0
92 D -435.825715912 1
92 E -430.74667305 0
92 F -426.497888512 0
92 G -429.556792699 0
92 H -428.966839381 0
92 I -428.131358833 0
92 K -429.385377252 0
92 L -429.399891801 0
92 M -428.009197041 0
92 N -428.863957892 0
92 P -431.986916057 0
92 Q -428.183070799 0
92 R -428.240775975 0
92 S -431.773204933 0
92 T -430.714444046 0
92 V -428.651616241 0
92 W -426.358534076 0
92 Y -426.913431372 0
93 A -435.612893233 1
93 C -432.455287413 0
93 D -437.541833559 0
93 E -438.878123915 0
93 F -435.031409659 0
93 G -434.466350922 0
93 H -435.329959744 0
93 I -434.118220787 0
93 K -436.437020829 0
93 L -435.821137146 0
93 M -435.151948497 0
93 N -435.768033074 0
93 P -435.178099743 0
93 Q -435.146889981 0
93 R -435.868290452 0
93 S -436.318709699 0
93 T -435.343997017 0
93 V -434.293872518 0
93 W -435.040594353 0
93 Y -435.230328678 0
94 A -430.526104843 0
94 C -430.458136036 0
94 D -429.3437017 0
94 E -429.917246797 0
94 F -426.538326798 0
94 G -427.506380096 0
94 H -432.119663053 0
94 I -432.621932222 0
94 K -429.229147372 0
94 L -423.39610593 0
94 M -427.518657796 0
94 N -433.21676007 0
94 P -420.496160986 0
94 Q -429.305696428 0
94 R -429.831495116 0
94 S -429.929567071 0
94 T -433.578353271 0
94 V -435.646598572 1
94 W -425.02973369 0
94 Y -426.379642852 0
95 A -423.257833255 0
95 C -421.027371493 0
95 D -424.906287866 0
95 E -423.043842983 0
95 F -362.794181398 0
95 G -423.859123034 0
95 H -421.971817819 0
95 I -411.013922857 0
95 K -423.418773471 0
95 L -422.47476811 0
95 M -427.207720025 0
95 N -427.763769967 0
95 P -400.791615311 0
95 Q -426.839463042 0
95 R -437.477246906 1
95 S -425.099323828 0
95 T -422.316957814 0
95 V -417.407975399 0
95 W -420.713789644 0
95 Y -350.596888516 0
96 A -432.039198743 0
96 C -430.607748699 0
96 D -423.256834908 0
96 E -428.922592476 0
96 F -191.490449879 0
96 G -428.370510577 0
96 H -374.380464211 0
96 I -392.484554898 0
96 K -430.605105338 0
96 L -404.486726771 0
96 M -430.236835381 0
96 N -430.328609524 0
96 P -159.999907003 0
96 Q -433.572560556 0
96 R -435.532830788 1
96 S -428.914537025 0
96 T -428.167784285 0
96 V -394.188067416 0
96 W -373.42056729 0
96 Y -215.91839441 0
97 A -437.786854207 0
97 C -435.968883327 1
97 D -436.504248344 0
97 E -432.144295163 0
97 F -435.416828015 0
97 G -434.079645007 0
97 H -436.015914614 0
97 I -427.355137416 0
97 K -434.061960719 0
97 L -409.289604952 0
97 M -433.833454893 0
97 N -435.482967541 0
97 P -291.773328892 0
97 Q -429.881965799 0
97 R -433.982267701 0
97 S -435.002442957 0
97 T -432.812207883 0
97 V -430.624131204 0
97 W -432.629067168 0
97 Y -435.069856866 0
98 A -435.626865212 1
98 C -424.649429569 0
98 D -411.983071398 0
98 E -395.853224863 0
98 F -197.414119223 0
98 G -430.322603286 0
98 H -326.348827001 0
98 I -393.55468127 0
98 K -203.692508937 0
98 L -364.66507191 0
98 M -188.734542566 0
98 N -405.536999595 0
98 P -326.510496251 0
98 Q -391.762499783 0
98 R -45.3086955455 0
98 S -430.064416985 0
98 T -420.051242418 0
98 V -425.017473618 0
98 W 557.800747392 0
98 Y -199.867487644 0
99 A -428.397685557 0
99 C -426.15766688 0
99 D -426.904933645 0
99 E -429.736264101 0
99 F -418.331980998 0
99 G -424.974728306 0
99 H -429.280105351 0
99 I -428.577240716 0
99 K -424.539556038 0
99 L -436.164168335 1
99 M -432.803974751 0
99 N -427.78190723 0
99 P -304.086589736 0
99 Q -430.943867776 0
99 R -424.800117218 0
99 S -427.176620105 0
99 T -429.37508903 0
99 V -430.613715287 0
99 W -419.483936247 0
99 Y -397.968175375 0
100 A -429.928486191 0
100 C -428.900263277 0
100 D -429.88689948 0
100 E -433.327527591 0
100 F -407.498746236 0
100 G -426.859688147 0
100 H -426.003698042 0
100 I -436.139247581 1
100 K -428.536775114 0
100 L -428.918374119 0
100 M -430.315888135 0
100 N -429.355035699 0
100 P -238.967571089 0
100 Q -430.639660622 0
100 R -432.214611567 0
100 S -428.975283037 0
100 T -432.231499433 0
100 V -433.75794451 0
100 W -419.013126627 0
100 Y -403.946201848 0
101 A -434.766960316 0
101 C -432.658288944 0
101 D -431.797467642 0
101 E -430.076372554 0
101 F -424.512470821 0
101 G -431.165003527 0
101 H -427.655426879 0
101 I -425.697930813 0
101 K -413.743805982 0
101 L -422.979808131 0
101 M -425.757747232 0
101 N -436.542041301 1
101 P -135.654988052 0
101 Q -423.677204647 0
101 R -415.232110853 0
101 S -433.392615911 0
101 T -434.460701059 0
101 V -432.146860992 0
101 W -422.825103193 0
101 Y -405.898754985 0
102 A -430.210090354 0
102 C -428.562568448 0
102 D -430.18768343 0
102 E -432.072637824 0
102 F -415.058068918 0
102 G -426.408902862 0
102 H -424.499220879 0
102 I -404.55769232 0
102 K -429.100254277 0
102 L -432.66476304 0
102 M -437.57744439 1
102 N -431.24987572 0
102 P -281.393971473 0
102 Q -432.044239296 0
102 R -434.343163921 0
102 S -428.526649486 0
102 T -428.019080593 0
102 V -419.709393166 0
102 W -403.248707764 0
102 Y -410.444085702 0
103 A -432.70565458 0
103 C -431.861124793 0
103 D -426.893542626 0
103 E -426.767200685 0
103 F -352.703367894 0
103 G -428.374133662 0
103 H -427.659104418 0
103 I -432.582060533 0
103 K -417.556433999 0
103 L -425.380256174 0
103 M -413.517488147 0
103 N -431.839459547 0
103 P -265.578981732 0
103 Q -407.232439566 0
103 R -426.010621046 0
103 S -430.402392589 0
103 T -433.92198444 0
103 V -437.975628577 1
103 W -417.78425624 0
103 Y -406.542662515 0
104 A -429.057633855 0
104 C -428.752023966 0
104 D -426.890275291 0
104 E -426.738078526 0
104 F -436.638288347 1
104 G -426.042963406 0
104 H -432.484941085 0
104 I -424.137427154 0
104 K -429.127545295 0
104 L -427.432685324 0
104 M -428.993062944 0
104 N -428.125215364 0
104 P -154.792589917 0
104 Q -428.464639877 0
104 R -429.568427656 0
104 S -427.990095163 0
104 T -429.576113283 0
104 V -430.486455981 0
104 W -415.076532377 0
104 Y -434.550862988 0
105 A -433.381818794 0
105 C -430.622416629 0
105 D -431.3848369 0
105 E -435.580729706 0
105 F -434.695686918 0
105 G -431.306561853 0
105 H -434.497042775 0
105 I -425.882963621 0
105 K -433.200015253 0
105 L -435.067182371 0
105 M -433.313541406 0
105 N -431.370881904 0
105 P -287.10295475 0
105 Q -436.554253735 1
105 R -433.546935634 0
105 S -432.812467567 0
105 T -431.936419913 0
105 V -426.380739054 0
105 W -434.026480792 0
105 Y -433.848896782 0
106 A -430.931056342 0
106 C -432.746330943 0
106 D -432.566109681 0
106 E -434.156640483 0
106 F -419.468547677 0
106 G -429.340230255 0
106 H -431.576611525 0
106 I -428.836401791 0
106 K -433.722627444 0
106 L -439.275594208 0
106 M -438.58681442 1
106 N -434.636284189 0
106 P -227.956384545 0
106 Q -435.32386629 0
106 R -433.743124057 0
106 S -433.149762592 0
106 T -431.185772708 0
106 V -426.93235057 0
106 W -423.708240403 0
106 Y 43.1671190091 0
107 A -419.58691546 0
107 C -417.122507838 0
107 D -420.867693177 0
107 E -418.268512974 0
107 F -415.215761521 0
107 G -438.294491343 1
107 H -418.105531375 0
107 I -416.388281778 0
107 K -417.222051083 0
107 L -419.244322292 0
107 M -416.56182207 0
107 N -421.444800353 0
107 P -365.600058434 0
107 Q -416.425351323 0
107 R -416.889272148 0
107 S -419.873119578 0
107 T -415.694190471 0
107 V -416.501599148 0
107 W -416.619159181 0
107 Y -416.564061097 0
108 A -433.302002938 0
108 C -432.228451654 0
108 D -439.149142509 0
108 E -437.614690355 1
108 F -392.219016418 0
108 G -431.408740695 0
108 H -418.071890369 0
108 I -436.071837159 0
108 K -434.563108184 0
108 L -435.187742525 0
108 M -436.094348814 0
108 N -432.727256998 0
108 P -430.889292133 0
108 Q -437.40285306 0
108 R -434.588492389 0
108 S -433.460706911 0
108 T -437.914816067 0
108 V -435.625507246 0
108 W -429.885177373 0
108 Y -335.9639465 0
109 A -437.494141788 0
109 C -434.685674168 0
109 D -439.523319792 0
109 E -440.212316129 0
109 F -435.900655992 0
109 G -436.712623684 0
109 H -437.65287275 0
109 I -437.552235224 0
109 K -438.870823094 0
109 L -438.47743045 0
109 M -436.939021968 0
109 N -438.078393872 0
109 P -422.264092498 0
109 Q -437.046683046 0
109 R -438.380305201 0
109 S -438.43038219 0
109 T -437.798117627 1
109 V -437.600832763 0
109 W -436.673528877 0
109 Y -436.031223865 0
110 A -437.680500389 0
110 C -429.864982375 0
110 D -429.325198155 0
110 E -428.400635083 0
110 F -429.189455295 0
110 G -438.831079056 1
110 H -431.059993125 0
110 I -429.297647992 0
110 K -428.079488955 0
110 L -257.165618735 0
110 M -431.751850045 0
110 N -432.474610348 0
110 P -270.571584339 0
110 Q -428.005096791 0
110 R -429.561975202 0
110 S -437.362003215 0
110 T -435.718121962 0
110 V -430.804167806 0
110 W -419.667098349 0
110 Y -429.756233304 0
111 A -433.217835616 0
111 C -431.875132237 0
111 D -429.422158865 0
111 E -429.980741893 0
111 F -404.026702579 0
111 G -428.608506154 0
111 H -427.292281144 0
111 I -429.718281553 0
111 K -408.339902724 0
111 L -434.809400248 0
111 M -402.804223794 0
111 N -430.128483409 0
111 P -305.150326238 0
111 Q -429.052739487 0
111 R -431.530458243 0
111 S -431.129024809 0
111 T -434.587518594 0
111 V -439.066293917 1
111 W -425.558174597 0
111 Y -403.418809545 0
112 A -441.351202668 1
112 C -433.771428502 0
112 D -430.73322724 0
112 E -425.658021301 0
112 F -200.894974385 0
112 G -438.465833224 0
112 H -353.442481565 0
112 I -412.991981493 0
112 K -431.640302846 0
112 L -381.960843846 0
112 M -434.428367446 0
112 N -431.185850496 0
112 P -172.577168828 0
112 Q -426.07980984 0
112 R -419.588157142 0
112 S -438.807094394 0
112 T -434.980661599 0
112 V -433.423512785 0
112 W -118.276520737 0
112 Y -211.156395761 0
113 A -439.078497352 0
113 C -437.772531224 0
113 D -436.761075088 0
113 E -436.204762216 0
113 F -435.333971733 0
113 G -438.38731968 1
113 H -436.945427758 0
113 I -433.005229088 0
113 K -437.749626349 0
113 L -437.247156604 0
113 M -436.476685364 0
113 N -438.874463873 0
113 P -182.238961264 0
113 Q -435.431068758 0
113 R -437.473824649 0
113 S -438.817549372 0
113 T -437.700986567 0
113 V -426.926543075 0
113 W -435.26844444 0
113 Y -434.872290465 0
114 A -437.245397577 0
114 C -435.142604703 0
114 D -437.32876068 0
114 E -440.146407249 0
114 F -443.18318349 1
114 G -434.907851368 0
114 H -438.726088376 0
114 I -433.507200541 0
114 K -436.83386816 0
114 L -440.527921478 0
114 M -440.056127014 0
114 N -438.39769025 0
114 P -319.804763494 0
114 Q -437.204537343 0
114 R -438.675703786 0
114 S -435.788803788 0
114 T -433.580074668 0
114 V -434.728099161 0
114 W -438.045339103 0
114 Y -440.261527915 0
115 A -440.46192812 0
115 C -440.631685885 0
115 D -444.863460938 0
115 E -444.912173928 0
115 F -442.79758966 0
115 G -439.398193943 0
115 H -444.358949296 0
115 I -444.43460537 0
115 K -440.55860311 0
115 L -444.758755026 0
115 M -442.806003426 0
115 N -443.355702084 0
115 P -266.388574873 0
115 Q -442.939575536 0
115 R -443.573634957 0
115 S -440.982369335 0
115 T -444.188231753 1
115 V -444.843232423 0
115 W -442.641048968 0
115 Y -442.985737568 0
116 A -442.799613157 0
116 C -439.711435576 0
116 D -444.232009858 0
116 E -445.945021595 0
116 F -440.275976378 0
116 G -441.111945285 0
116 H -443.001077881 0
116 I -443.262719764 0
116 K -443.856244729 0
116 L -442.363261604 0
116 M -442.520847048 0
116 N -443.523698556 1
116 P -423.72313551 0
116 Q -442.9985481 0
116 R -443.089365894 0
116 S -443.055103331 0
116 T -441.181690174 0
116 V -439.493541585 0
116 W -440.434308971 0
116 Y -440.269939809 0
117 A -444.923133835 0
117 C -440.3224789 0
117 D -438.618335115 0
117 E -442.286131573 0
117 F -432.107824811 0
117 G -441.333410787 0
117 H -433.289310654 0
117 I -424.028236074 0
117 K -423.417679355 0
117 L -419.107906559 0
117 M -437.196583706 0
117 N -441.150501086 0
117 P -422.148665086 0
117 Q -441.532565539 0
117 R -410.975373389 0
117 S -443.752975037 1
117 T -433.029292506 0
117 V -426.878487603 0
117 W -435.824366822 0
117 Y -430.116558899 0
118 A -437.518649436 0
118 C -436.517530981 0
118 D -436.026311987 0
118 E -439.09369637 0
118 F -416.198536847 0
118 G -432.7873386 0
118 H -437.269813354 0
118 I -428.773669028 0
118 K -434.141387123 0
118 L -445.493619928 1
118 M -440.019817688 0
118 N -438.535049868 0
118 P -233.279997952 0
118 Q -440.332862065 0
118 R -438.126580486 0
118 S -437.1919276 0
118 T -435.039216534 0
118 V -429.322192683 0
118 W -414.12501879 0
118 Y -169.261314914 0
119 A -440.930435916 0
119 C -439.03284587 0
119 D -440.490017068 0
119 E -441.64124219 0
119 F -438.84028201 0
119 G -439.910501249 0
119 H -440.898102223 0
119 I -443.015906097 0
119 K -441.992415266 0
119 L -442.054882049 0
119 M -440.34299491 0
119 N -441.02810368 0
119 P -232.226545841 0
119 Q -440.622313544 0
119 R -442.496842135 1
119 S -441.05923422 0
119 T -442.078935161 0
119 V -441.218039977 0
119 W -440.98960485 0
119 Y -438.644697696 0
120 A -447.659917493 0
120 C -444.670122801 0
120 D -449.534044608 0
120 E -447.962973561 0
120 F -448.542761265 0
120 G -443.097028051 0
120 H -448.01949839 0
120 I -444.105343363 0
120 K -448.46494397 0
120 L -453.661014983 0
120 M -450.110847017 1
120 N -448.915140705 0
120 P -302.542773127 0
120 Q -448.790823641 0
120 R -449.226990103 0
120 S -445.783701138 0
120 T -446.137552226 0
120 V -444.260868928 0
120 W -430.465759801 0
120 Y -448.721870513 0
121 A -439.43887608 0
121 C -438.412894901 0
121 D -439.042377576 0
121 E -440.872274723 0
121 F -439.496394017 0
121 G -435.693301261 0
121 H -440.584765532 0
121 I -440.36361159 0
121 K -438.256093151 0
121 L -447.33387139 1
121 M -442.196930307 0
121 N -440.731165381 0
121 P -213.213490808 0
121 Q -442.344770922 0
121 R -432.455879653 0
121 S -437.849004071 0
121 T -436.9816714 0
121 V -425.25767414 0
121 W -434.761122653 0
121 Y -436.958308674 0
122 A -442.931736897 0
122 C -438.290329567 0
122 D -440.812218544 0
122 E -442.539251414 0
122 F -440.257550294 0
122 G -440.440126793 0
122 H -441.742846472 0
122 I -412.154246066 0
122 K -442.417916594 0
122 L -439.44975578 0
122 M -441.242744153 0
122 N -440.699449449 0
122 P -190.23374129 0
122 Q -441.138782217 1
122 R -442.750839889 0
122 S -440.269089055 0
122 T -440.386909857 0
122 V -436.653702334 0
122 W -441.670365315 0
122 Y -439.971285438 0
123 A -444.732490852 0
123 C -442.452838666 0
123 D -444.185733093 0
123 E -444.545774373 0
123 F -441.794836266 0
123 G -443.544751013 0
123 H -443.34336235 0
123 I -435.345944025 0
123 K -444.371232101 0
123 L -445.494809565 0
123 M -444.022418816 0
123 N -445.263108874 0
123 P -229.499172084 0
123 Q -444.252086404 1
123 R -444.74153274 0
123 S -444.048609596 0
123 T -442.260362522 0
123 V -436.291034613 0
123 W -443.465381459 0
123 Y -441.8666729 0
124 A -443.305196781 0
124 C -442.354893495 0
124 D -434.953851408 0
124 E -443.747560343 0
124 F -440.893061878 0
124 G -443.00109541 0
124 H -445.131961487 0
124 I -424.988447612 0
124 K -446.115009431 1
124 L -439.870621801 0
124 M -441.577204988 0
124 N -445.331573867 0
124 P -331.22394027 0
124 Q -443.780405809 0
124 R -444.802438029 0
124 S -437.182151703 0
124 T -438.400354978 0
124 V -424.18088396 0
124 W -441.933666074 0
124 Y -427.710574754 0
125 A -442.170397116 0
125 C -439.806731005 0
125 D -441.110327705 0
125 E -445.280254491 0
125 F -440.941609305 0
125 G -438.340242414 0
125 H -442.58011305 0
125 I -438.987189506 0
125 K -446.962808795 0
125 L -443.986159255 0
125 M -442.147298027 0
125 N -442.800089483 0
125 P -270.050233749 0
125 Q -444.848901413 0
125 R -443.383383654 1
125 S -440.283980443 0
125 T -439.419644718 0
125 V -427.820341802 0
125 W -445.621712009 0
125 Y -440.546096072 0
126 A -436.355040203 0
126 C -433.994299962 0
126 D -434.862352166 0
126 E -434.45802774 0
126 F -431.542745775 0
126 G -434.925051272 0
126 H -435.056500283 0
126 I -417.215570933 0
126 K -432.180667763 0
126 L -425.651287928 0
126 M -429.041108265 0
126 N -434.94959905 0
126 P -413.147377028 0
126 Q -433.462669255 0
126 R -431.706941 0
126 S -436.592873782 0
126 T -436.959985407 0
126 V -435.456432266 0
126 W -442.624432084 1
126 Y -432.100750584 0
127 A -441.836407663 0
127 C -439.413266666 0
127 D -443.793502006 1
127 E -444.978753256 0
127 F -441.208133382 0
127 G -440.618262973 0
127 H -442.551959339 0
127 I -441.289732798 0
127 K -443.147348903 0
127 L -442.475519903 0
127 M -441.118362554 0
127 N -442.699650281 0
127 P -426.518428978 0
127 Q -441.972657031 0
127 R -442.639954915 0
127 S -442.624431203 0
127 T -442.31754972 0
127 V -441.733650743 0
127 W -440.807699982 0
127 Y -440.91971935 0
128 A -440.950017225 0
128 C -437.75821979 0
128 D -444.136200471 0
128 E -443.494939904 1
128 F -439.368510333 0
128 G -439.711401897 0
128 H -441.016684249 0
128 I -439.361377982 0
128 K -440.581173606 0
128 L -441.015545731 0
128 M -440.473397389 0
128 N -440.240390251 0
128 P -413.204820054 0
128 Q -440.776577608 0
128 R -439.866496535 0
128 S -440.644017908 0
128 T -438.175901864 0
128 V -440.117477216 0
128 W -439.348802284 0
128 Y -439.077510454 0
129 A -444.03982494 1
129 C -438.908467792 0
129 D -434.552332908 0
129 E -433.461660905 0
129 F -412.183078173 0
129 G -439.511197317 0
129 H -430.61670319 0
129 I -381.55757045 0
129 K -207.47197189 0
129 L -401.358010232 0
129 M -414.926639803 0
129 N -431.49867391 0
129 P -223.03566013 0
129 Q -426.337371191 0
129 R -364.550710806 0
129 S -440.189727662 0
129 T -435.406085358 0
129 V -432.8777444 0
129 W -300.267914972 0
129 Y -412.690873384 0
130 A -445.215578855 1
130 C -431.035274469 0
130 D -421.6184633 0
130 E -429.226149372 0
130 F -360.461241034 0
130 G -443.520645178 0
130 H -425.352969002 0
130 I -430.868094384 0
130 K -435.854393157 0
130 L -432.199576269 0
130 M -431.649740931 0
130 N -418.40015932 0
130 P -258.922274135 0
130 Q -415.700284205 0
130 R -430.144883728 0
130 S -441.751567967 0
130 T -417.987728404 0
130 V -407.556666672 0
130 W -351.195491906 0
130 Y -390.243981106 0
131 A -441.603680262 0
131 C -438.978796643 0
131 D -441.903054819 0
131 E -442.246252441 0
131 F -438.395674581 0
131 G -439.934412369 1
131 H -440.72336339 0
131 I -440.736348546 0
131 K -441.96675519 0
131 L -441.823183002 0
131 M -440.285019429 0
131 N -441.308198153 0
131 P -207.161575726 0
131 Q -440.660975918 0
131 R -441.647949959 0
131 S -440.646997842 0
131 T -440.906209892 0
131 V -439.708162281 0
131 W -440.317437661 0
131 Y -438.306290921 0
132 A -440.478339834 0
132 C -437.8117971 0
132 D -439.086665072 0
132 E -441.924770014 0
132 F -436.731722004 0
132 G -439.776936436 0
132 H -439.858656165 0
132 I -424.025810962 0
132 K -439.702522144 0
132 L -439.026615851 0
132 M -440.183956926 0
132 N -440.095639585 1
132 P -262.241035397 0
132 Q -440.385769479 0
132 R -440.303199264 0
132 S -439.15366932 0
132 T -440.786679938 0
132 V -420.704755392 0
132 W -433.444616452 0
132 Y -436.945322351 0
133 A -434.412974306 0
133 C -432.764728031 0
133 D -435.761952612 0
133 E -434.233389721 0
133 F -436.548338803 0
133 G -431.135148883 0
133 H -431.797872611 0
133 I -434.613464857 0
133 K -432.207703307 0
133 L -441.217886955 1
133 M -438.724197044 0
133 N -435.826827848 0
133 P -193.76768185 0
133 Q -435.423765526 0
133 R -431.794366318 0
133 S -432.664270222 0
133 T -430.390180362 0
133 V -420.427108678 0
133 W -419.842652849 0
133 Y -434.571306537 0
134 A -441.004194087 1
134 C -438.636654284 0
134 D -432.603460641 0
134 E -440.860047437 0
134 F -437.563970795 0
134 G -437.157338034 0
134 H -425.726364439 0
134 I -437.369423828 0
134 K -441.509334854 0
134 L -406.680593153 0
134 M -438.982857717 0
134 N -438.941696224 0
134 P -289.213145534 0
134 Q -440.368706185 0
134 R -442.637992009 0
134 S -438.466397576 0
134 T -435.820877333 0
134 V -436.987243433 0
134 W -430.734782273 0
134 Y -435.522826106 0
135 A -436.954099762 0
135 C -435.017174457 0
135 D -438.751738889 0
135 E -436.632020863 0
135 F -434.941566588 0
135 G -435.250840965 0
135 H -436.709483699 0
135 I -434.684343741 0
135 K -438.03631375 1
135 L -437.8284744 0
135 M -436.139548748 0
135 N -438.194323068 0
135 P -281.95663171 0
135 Q -436.900472081 0
135 R -437.748800418 0
135 S -436.273299948 0
135 T -433.908658006 0
135 V -435.53180513 0
135 W -435.400830644 0
135 Y -434.309774496 0
136 A -441.580528133 0
136 C -434.858816269 0
136 D -443.527510017 0
136 E -435.841753691 0
136 F -390.692614163 0
136 G -437.827016493 0
136 H -441.237664425 0
136 I -425.60715537 0
136 K -438.396228245 0
136 L -435.072348736 0
136 M -431.479595406 0
136 N -442.928721737 0
136 P -116.642343256 0
136 Q -435.704078099 0
136 R -439.196269218 0
136 S -444.403252458 1
136 T -438.810404647 0
136 V -424.65854956 0
136 W -406.356320188 0
136 Y -423.027085208 0
137 A -437.17553107 0
137 C -433.906208575 0
137 D -438.844704135 0
137 E -440.575864926 0
137 F -434.620669864 0
137 G -436.191909792 0
137 H -436.70891981 0
137 I -436.826419418 0
137 K -438.984536094 0
137 L -437.622080122 0
137 M -436.49206543 0
137 N -437.087544277 0
137 P -434.896602648 0
137 Q -437.063835169 0
137 R -441.207673305 1
137 S -438.139558101 0
137 T -437.303545599 0
137 V -436.864868014 0
137 W -442.694652832 0
137 Y -434.625149054 0
138 A -429.452087937 0
138 C -426.836796329 0
138 D -428.096087029 0
138 E -427.597888246 0
138 F -432.42704149 0
138 G -427.195768896 0
138 H -433.603092751 0
138 I -422.444961642 0
138 K -426.26312695 0
138 L -428.505866145 0
138 M -430.882367678 0
138 N -429.522971724 0
138 P -407.981195968 0
138 Q -427.235111297 0
138 R -428.122870149 0
138 S -428.575273056 0
138 T -429.377397263 0
138 V -427.537551824 0
138 W -443.136478501 1
138 Y -431.312221501 0
139 A -438.453632576 0
139 C -434.985644953 0
139 D -435.01683707 0
139 E -434.910695379 0
139 F -442.99560135 0
139 G -434.226924609 0
139 H -440.941561362 0
139 I -340.773734482 0
139 K -435.498118386 0
139 L -433.113843887 0
139 M -437.448108757 0
139 N -438.100903931 0
139 P -381.938950897 0
139 Q -436.713747695 0
139 R -435.620752532 0
139 S -436.846083259 0
139 T -437.499361963 0
139 V -394.518786655 0
139 W -436.239151059 0
139 Y -442.477716263 1
140 A -440.568987983 0
140 C -438.356208567 0
140 D -441.080975752 0
140 E -442.073038469 0
140 F -441.088686043 0
140 G -439.346091076 0
140 H -442.129580991 0
140 I -439.178874568 0
140 K -442.068423067 0
140 L -442.468076354 0
140 M -441.021780198 0
140 N -441.551648596 1
140 P -269.72469159 0
140 Q -440.772579059 0
140 R -442.874776932 0
140 S -440.61266903 0
140 T -439.243975058 0
140 V -439.535561285 0
140 W -442.178833073 0
140 Y -441.384413845 0
141 A -442.254216801 0
141 C -440.34686448 0
141 D -441.753203899 0
141 E -442.370331897 0
141 F -382.999115828 0
141 G -440.025984773 0
141 H -441.098042895 0
141 I -442.162806324 0
141 K -443.099600335 0
141 L -440.924943154 0
141 M -442.366059487 0
141 N -440.41775116 0
141 P -154.571420466 0
141 Q -441.676993241 1
141 R -442.957384621 0
141 S -441.363019915 0
141 T -442.240754831 0
141 V -443.295092863 0
141 W -399.54943261 0
141 Y -411.610273291 0
142 A -441.394496522 0
142 C -441.0205114 0
142 D -442.986213763 0
142 E -443.607584279 0
142 F -437.55523477 0
142 G -428.297758421 0
142 H -440.924232778 0
142 I -438.98126741 0
142 K -438.865772414 0
142 L -440.772315549 0
142 M -442.866013462 0
142 N -442.677652322 0
142 P -368.539649567 0
142 Q -440.564977563 0
142 R -438.888466075 0
142 S -439.889275079 0
142 T -442.671476628 1
142 V -442.559741606 0
142 W -437.79026025 0
142 Y -438.365830553 0
143 A -437.798695016 0
143 C -434.758384152 0
143 D -428.627808389 0
143 E -437.325142926 0
143 F -377.598336784 0
143 G -436.756164173 0
143 H -438.294693616 0
143 I -432.769796421 0
143 K -438.576554518 0
143 L -391.487382287 0
143 M -437.099782807 0
143 N -435.473817041 0
143 P -441.417910861 1
143 Q -436.548243416 0
143 R -437.286779665 0
143 S -437.771217527 0
143 T -435.625617818 0
143 V -434.571893736 0
143 W -278.463228974 0
143 Y -434.806389243 0
144 A -435.689986036 0
144 C -433.010067407 0
144 D -437.720488795 0
144 E -438.511400005 0
144 F -434.096595619 0
144 G -434.671215006 0
144 H -435.941642336 0
144 I -433.595313389 0
144 K -436.768794396 0
144 L -436.587472996 0
144 M -435.672988359 0
144 N -436.336559247 1
144 P -418.652011741 0
144 Q -436.007903099 0
144 R -435.973072396 0
144 S -436.715380149 0
144 T -435.800020817 0
144 V -434.406787912 0
144 W -434.901664976 0
144 Y -434.183767658 0
145 A -429.995528373 0
145 C -428.308155706 0
145 D -429.303563114 0
145 E -430.192363775 0
145 F -422.766667867 0
145 G -427.976771434 0
145 H -430.476629603 0
145 I -433.037097911 0
145 K -431.065478541 0
145 L -431.605254463 0
145 M -432.336916447 0
145 N -429.372406896 0
145 P -404.455648908 0
145 Q -430.947328565 0
145 R -437.273904734 1
145 S -429.382920984 0
145 T -430.933392921 0
145 V -432.803777075 0
145 W -431.601265085 0
145 Y -423.771714395 0
146 A -436.971827467 1
146 C -429.62219919 0
146 D -423.550257639 0
146 E -381.692961387 0
146 F -269.135913919 0
146 G -430.866437411 0
146 H -379.354008581 0
146 I -395.027015887 0
146 K -372.569383457 0
146 L -58.2480299562 0
146 M -188.851583685 0
146 N -382.347278964 0
146 P -272.614890505 0
146 Q -295.989398861 0
146 R -359.456485636 0
146 S -434.115187467 0
146 T -414.431666237 0
146 V -408.274603819 0
146 W -385.529516432 0
146 Y -257.961439602 0
147 A -435.998767214 0
147 C -434.016134424 0
147 D -434.103121543 0
147 E -435.588833095 0
147 F -435.373841831 0
147 G -433.906887847 0
147 H -436.820837942 0
147 I -435.507206198 0
147 K -436.231361307 1
147 L -435.817866446 0
147 M -434.977309497 0
147 N -433.637429778 0
147 P -165.268500225 0
147 Q -435.500126064 0
147 R -437.110068111 0
147 S -434.864599397 0
147 T -435.488905093 0
147 V -432.078885482 0
147 W -436.091499514 0
147 Y -435.218676246 0
148 A -430.723891356 0
148 C -427.622887259 0
148 D -427.479834308 0
148 E -425.801172931 0
148 F -427.59453019 0
148 G -427.199326268 0
148 H -428.949770218 0
148 I -403.597439111 0
148 K -431.793853752 0
148 L -428.502010135 0
148 M -431.18551205 0
148 N -430.088516314 0
148 P -319.041433768 0
148 Q -429.122186624 0
148 R -436.756299053 1
148 S -428.843307378 0
148 T -426.524160129 0
148 V -412.6293222 0
148 W -429.540893446 0
148 Y -427.560651867 0
149 A -432.448802386 0
149 C -431.279687932 0
149 D -428.662106388 0
149 E -428.993637625 0
149 F -419.766154899 0
149 G -429.178754415 0
149 H -424.576281115 0
149 I -437.967016819 0
149 K -416.406749125 0
149 L -428.257263976 0
149 M -430.555676889 0
149 N -432.608585055 0
149 P -280.407969356 0
149 Q -430.406875441 0
149 R -412.260007128 0
149 S -431.263401999 0
149 T -434.333062817 0
149 V -438.079243043 1
149 W -413.174742452 0
149 Y -418.746971332 0
150 A -431.153844348 0
150 C -431.369703228 0
150 D -429.949905211 0
150 E -431.083364452 0
150 F -414.944535562 0
150 G -428.487695802 0
150 H -426.359476161 0
150 I -438.067980503 1
150 K -429.315368138 0
150 L -433.81281397 0
150 M -430.72238988 0
150 N -432.518469088 0
150 P -135.749074026 0
150 Q -430.658696879 0
150 R -432.397437985 0
150 S -430.445742668 0
150 T -432.090436191 0
150 V -433.736656842 0
150 W -335.399498221 0
150 Y -415.06964497 0
151 A -436.457141463 0
151 C -433.881685227 0
151 D -436.593558784 0
151 E -437.370409594 0
151 F -433.946090272 0
151 G -434.120153279 0
151 H -434.537958893 0
151 I -437.554392528 0
151 K -436.585141676 0
151 L -436.913802093 0
151 M -436.102004677 0
151 N -434.628220089 0
151 P -153.667448021 0
151 Q -435.641393995 0
151 R -437.141895205 0
151 S -435.464251175 0
151 T -437.578184739 1
151 V -435.471859195 0
151 W -436.027517605 0
151 Y -433.59324536 0
152 A -435.72753496 0
152 C -434.152463119 0
152 D -429.676986577 0
152 E -426.939632817 0
152 F -415.338386192 0
152 G -432.573210726 0
152 H -336.564927618 0
152 I -434.776994527 0
152 K -357.631174269 0
152 L -427.926338987 0
152 M -416.488128652 0
152 N -433.129483035 0
152 P -203.960216282 0
152 Q -427.824798954 0
152 R -245.507715334 0
152 S -434.344654857 0
152 T -438.081816901 1
152 V -436.190258927 0
152 W -164.986958175 0
152 Y -405.187113608 0
153 A -427.846758613 0
153 C -426.736427024 0
153 D -427.675452388 0
153 E -427.2116902 0
153 F -437.01919594 1
153 G -424.751027263 0
153 H -430.544626527 0
153 I -415.662384885 0
153 K -425.364748219 0
153 L -434.873551198 0
153 M -432.291421382 0
153 N -429.675917826 0
153 P -272.908692028 0
153 Q -428.889902057 0
153 R -415.300011392 0
153 S -426.841361874 0
153 T -426.91692348 0
153 V -417.609655209 0
153 W -387.038729492 0
153 Y -392.051592712 0
154 A -434.2108199 0
154 C -430.814504689 0
154 D -427.595326784 0
154 E -432.533296576 0
154 F -372.413873548 0
154 G -431.616483532 0
154 H -432.333993203 0
154 I -416.762441082 0
154 K -434.907581869 0
154 L -434.457258604 0
154 M -433.370384747 0
154 N -432.667382397 0
154 P -157.23754345 0
154 Q -434.588933238 0
154 R -436.186941113 1
154 S -432.481092984 0
154 T -433.193674628 0
154 V -427.299483383 0
154 W -430.701678915 0
154 Y -404.249719382 0
155 A -433.757735418 0
155 C -431.982931001 0
155 D -436.15133972 0
155 E -434.488449506 0
155 F -409.462492291 0
155 G -431.691500649 0
155 H -435.302966396 0
155 I -416.253241355 0
155 K -434.509977827 0
155 L -436.293100986 0
155 M -434.343276693 0
155 N -434.756099549 0
155 P -218.818524819 0
155 Q -433.80348957 0
155 R -435.256702109 0
155 S -434.306879813 0
155 T -437.176344912 1
155 V -421.78626759 0
155 W -433.787676493 0
155 Y -409.614011282 0
156 A -425.970869422 0
156 C -423.01597384 0
156 D -422.463881043 0
156 E -405.393792359 0
156 F -363.864683425 0
156 G -436.802926689 1
156 H -413.065951313 0
156 I -379.643312793 0
156 K -422.730809925 0
156 L -415.977778507 0
156 M -421.553255885 0
156 N -424.144628455 0
156 P -365.203477989 0
156 Q -410.513363774 0
156 R -425.054968962 0
156 S -422.129618806 0
156 T -411.284477536 0
156 V -387.990380228 0
156 W -406.904022429 0
156 Y -411.064009189 0
157 A -428.794095719 0
157 C -427.750321219 0
157 D -431.715379407 0
157 E -429.712307695 0
157 F -427.185441954 0
157 G -428.839296104 0
157 H -429.630337295 0
157 I -358.872448977 0
157 K -430.505771069 0
157 L -430.302879613 0
157 M -429.208259042 0
157 N -428.978989629 0
157 P -253.789744088 0
157 Q -429.722632843 0
157 R -430.34514755 0
157 S -431.835608 0
157 T -435.291932226 1
157 V -426.705373246 0
157 W -427.974247671 0
157 Y -427.746819908 0
158 A -426.533786157 0
158 C -425.859281587 0
158 D -429.595939786 0
158 E -428.334190992 0
158 F -430.571841573 0
158 G -426.00029124 0
158 H -430.433465646 0
158 I -412.515328886 0
158 K -424.782104481 0
158 L -427.468142293 0
158 M -424.002474848 0
158 N -429.692338754 0
158 P -424.599356624 0
158 Q -426.838068623 0
158 R -424.056945264 0
158 S -426.818924274 0
158 T -428.186752838 0
158 V -426.746923346 0
158 W -436.475634137 1
158 Y -430.100282162 0
159 A -433.100283535 0
159 C -430.275991258 0
159 D -436.357681013 1
159 E -434.456140365 0
159 F -430.366979571 0
159 G -431.843191056 0
159 H -433.609464907 0
159 I -431.671387562 0
159 K -433.277530042 0
159 L -432.001118421 0
159 M -433.369240082 0
159 N -432.418436513 0
159 P -354.518982519 0
159 Q -431.948381094 0
159 R -433.111909441 0
159 S -433.061955997 0
159 T -431.500451278 0
159 V -431.610038229 0
159 W -431.864833903 0
159 Y -430.590107227 0
160 A -437.20902145 1
160 C -431.206096478 0
160 D -424.272736628 0
160 E -419.610771969 0
160 F -341.61977017 0
160 G -432.967062052 0
160 H -389.094790737 0
160 I -372.96979679 0
160 K -339.230249776 0
160 L -415.483480763 0
160 M -424.298129817 0
160 N -416.48610747 0
160 P -417.92009337 0
160 Q -426.204063391 0
160 R -418.542471683 0
160 S -436.29030476 0
160 T -424.678968488 0
160 V -417.517441804 0
160 W -344.507993436 0
160 Y -379.871578867 0
161 A -425.252685553 0
161 C -425.145837773 0
161 D -427.116179869 0
161 E -424.609233366 0
161 F -434.490818974 0
161 G -422.805225651 0
161 H -430.011780664 0
161 I -412.996359009 0
161 K -420.479465039 0
161 L -424.307122203 0
161 M -426.042977847 0
161 N -427.453255533 0
161 P -228.459096663 0
161 Q -427.093228905 0
161 R -388.515202509 0
161 S -424.998211287 0
161 T -426.790632702 0
161 V -413.254325978 0
161 W -390.664335087 0
161 Y -437.056762702 1
162 A -434.724549451 0
162 C -435.092343599 0
162 D -433.722251609 0
162 E -435.849962615 0
162 F -432.172595267 0
162 G -434.709229022 0
162 H -434.396261978 0
162 I -437.910717545 0
162 K -436.164704158 1
162 L -437.572886764 0
162 M -435.209753124 0
162 N -435.8374389 0
162 P -305.766029626 0
162 Q -434.297886077 0
162 R -435.784843335 0
162 S -434.825791124 0
162 T -434.440235898 0
162 V -437.139397354 0
162 W -431.913160737 0
162 Y -432.228280338 0
