1 A -502.652522393 1
1 C -500.132247523 0
1 D -504.244026498 0
1 E -500.958929368 0
1 F -501.292433735 0
1 G -502.533014954 0
1 H -503.617625231 0
1 I -485.658039136 0
1 K -502.472117687 0
1 L -503.842147886 0
1 M -500.514624406 0
1 N -503.097401923 0
1 P -503.681152946 0
1 Q -500.074238076 0
1 R -501.935232231 0
1 S -502.897386988 0
1 T -498.40507526 0
1 V -485.534134541 0
1 W -500.392032681 0
1 Y -501.095733519 0
2 A -498.299646354 0
2 C -497.640744787 0
2 D -502.764659272 0
2 E -500.209291124 0
2 F -496.907769615 0
2 G -500.882475197 0
2 H -500.421315377 0
2 I -497.106509029 0
2 K -499.049861385 0
2 L -498.903712076 0
2 M -497.77864255 0
2 N -502.987563481 1
2 P -494.844873467 0
2 Q -498.896483021 0
2 R -498.586777728 0
2 S -500.219367381 0
2 T -500.935093794 0
2 V -497.441089656 0
2 W -496.436475838 0
2 Y -496.965553284 0
3 A -505.946870761 0
3 C -502.606956514 0
3 D -507.563845496 0
3 E -509.287224271 0
3 F -503.525255422 0
3 G -504.16566075 0
3 H -505.133383209 0
3 I -502.690937782 0
3 K -505.669522883 1
3 L -507.031897613 0
3 M -506.411417938 0
3 N -506.063868354 0
3 P -502.358679881 0
3 Q -505.729429536 0
3 R -506.066744616 0
3 S -506.127247498 0
3 T -505.301495467 0
3 V -501.584694957 0
3 W -504.759330153 0
3 Y -503.499429728 0
4 A -502.888515217 0
4 C -501.193907664 0
4 D -501.160481893 0
4 E -503.930670586 0
4 F -503.091846832 0
4 G -500.474579615 0
4 H -503.350210633 0
4 I -504.60794131 0
4 K -502.987163359 0
4 L -506.60842604 0
4 M -504.428163087 0
4 N -500.976613071 0
4 P -484.484033959 0
4 Q -503.134677201 1
4 R -504.559494922 0
4 S -502.573097943 0
4 T -502.796770279 0
4 V -504.831423765 0
4 W -501.614949273 0
4 Y -503.567893559 0
5 A -502.100788804 0
5 C -498.892283846 0
5 D -502.523897335 0
5 E -504.499063918 0
5 F -499.582492979 0
5 G -500.000422272 0
5 H -501.541973566 0
5 I -502.222201008 0
5 K -502.090866522 0
5 L -502.990166421 0
5 M -501.834996944 0
5 N -501.155287818 0
5 P -461.782930962 0
5 Q -505.181394657 1
5 R -501.525330152 0
5 S -500.577517061 0
5 T -501.499506322 0
5 V -501.48377248 0
5 W -499.907917836 0
5 Y -499.369575482 0
6 A -503.008400066 0
6 C -501.683708979 0
6 D -502.047087696 0
6 E -504.12785749 0
6 F -500.619492372 0
6 G -501.19370419 0
6 H -506.895879564 0
6 I -503.989658935 0
6 K -503.74666421 0
6 L -505.345056283 0
6 M -503.801304953 0
6 N -503.825503749 1
6 P -248.06573198 0
6 Q -504.249151681 0
6 R -503.81622101 0
6 S -502.032919111 0
6 T -502.382343814 0
6 V -503.070030032 0
6 W -505.778879407 0
6 Y -505.075731097 0
7 A -494.202462478 0
7 C -492.241997561 0
7 D -492.597039353 0
7 E -491.922097941 0
7 F -505.253345963 1
7 G -492.029231035 0
7 H -501.09643407 0
7 I -461.209638487 0
7 K -490.99306912 0
7 L -495.962305195 0
7 M -494.102883519 0
7 N -494.376403134 0
7 P -252.723205863 0
7 Q -492.77809387 0
7 R -490.613846287 0
7 S -493.60594211 0
7 T -494.078355449 0
7 V -455.063631293 0
7 W -497.802045833 0
7 Y -502.955591453 0
8 A -504.502331452 0
8 C -502.302232892 0
8 D -505.912353366 0
8 E -507.017168872 0
8 F -502.706185242 0
8 G -502.709663888 0
8 H -503.963752458 0
8 I -503.851089136 0
8 K -504.783120274 0
8 L -505.050969134 0
8 M -503.487039372 0
8 N -504.266341889 1
8 P -224.756334636 0
8 Q -504.463099722 0
8 R -504.204989119 0
8 S -503.17346042 0
8 T -503.724776201 0
8 V -502.139299675 0
8 W -505.534910102 0
8 Y -502.710860278 0
9 A -503.572941996 0
9 C -501.275838455 0
9 D -503.610582737 0
9 E -504.252348971 0
9 F -502.084711147 0
9 G -502.465817508 0
9 H -503.888286612 0
9 I -504.604110714 0
9 K -504.503099287 0
9 L -504.672508017 0
9 M -504.457415786 0
9 N -503.955369616 0
9 P -239.539185616 0
9 Q -503.359342557 0
9 R -504.854559475 0
9 S -503.350288178 0
9 T -504.127183944 1
9 V -503.31028123 0
9 W -504.681113738 0
9 Y -503.117145419 0
10 A -509.131086101 0
10 C -505.081297547 0
10 D -506.386778018 0
10 E -504.226923714 0
10 F -500.27979005 0
10 G -508.337046149 1
10 H -503.555951517 0
10 I -488.409720018 0
10 K -504.618723423 0
10 L -496.879768018 0
10 M -501.557945525 0
10 N -502.807207757 0
10 P -261.572920187 0
10 Q -500.074054822 0
10 R -501.723928544 0
10 S -503.370745324 0
10 T -495.062464162 0
10 V -477.571441708 0
10 W -501.788078924 0
10 Y -501.780221952 0
11 A -499.756941181 0
11 C -499.502186721 0
11 D -495.75964973 0
11 E -496.774614715 0
11 F -491.276095274 0
11 G -496.120863876 0
11 H -488.73278856 0
11 I -504.700447167 1
11 K -491.776330112 0
11 L -499.926036122 0
11 M -494.445270178 0
11 N -497.441695789 0
11 P -242.767985687 0
11 Q -498.080700825 0
11 R -493.336325408 0
11 S -498.121930227 0
11 T -498.935662361 0
11 V -502.529076116 0
11 W 38.8181423412 0
11 Y -490.624645045 0
12 A -503.889260368 0
12 C -501.485295944 0
12 D -502.931085942 0
12 E -503.845184478 0
12 F -502.798585585 0
12 G -502.672921671 0
12 H -503.810171102 0
12 I -502.244848446 0
12 K -504.164024183 1
12 L -503.436842182 0
12 M -502.367104155 0
12 N -503.209418908 0
12 P -193.275173629 0
12 Q -502.188227631 0
12 R -504.219403912 0
12 S -503.614315111 0
12 T -503.87848646 0
12 V -498.560363346 0
12 W -502.586492279 0
12 Y -502.395950515 0
13 A -503.950783424 0
13 C -501.520682616 0
13 D -504.621444041 1
13 E -505.483993387 0
13 F -503.058344766 0
13 G -502.718152391 0
13 H -504.379886842 0
13 I -504.486767462 0
13 K -505.678155045 0
13 L -505.357323532 0
13 M -503.481226989 0
13 N -504.519230632 0
13 P -342.880230937 0
13 Q -503.855489708 0
13 R -505.403124529 0
13 S -503.928186973 0
13 T -503.726480416 0
13 V -504.075816631 0
13 W -503.548928979 0
13 Y -502.999403689 0
14 A -494.982204521 0
14 C -496.136611457 0
14 D -501.819229553 0
14 E -503.40553442 0
14 F -511.636363995 1
14 G -492.481728686 0
14 H -506.906707514 0
14 I -492.514565692 0
14 K -498.012616921 0
14 L -502.444415764 0
14 M -505.746733036 0
14 N -502.446626101 0
14 P -234.73186418 0
14 Q -502.873129598 0
14 R -492.172417416 0
14 S -493.840430079 0
14 T -502.499818789 0
14 V -492.782855659 0
14 W -509.429183465 0
14 Y -511.409442347 0
15 A -502.785930592 0
15 C -501.046942731 0
15 D -506.064394587 1
15 E -500.531693226 0
15 F -496.350311148 0
15 G -498.868963465 0
15 H -492.065678625 0
15 I -490.182544863 0
15 K -497.672343941 0
15 L -498.059730521 0
15 M -491.772481554 0
15 N -498.142600047 0
15 P -163.608823674 0
15 Q -498.150707311 0
15 R -499.265832854 0
15 S -502.446587878 0
15 T -499.103125482 0
15 V -501.826574599 0
15 W -493.973538771 0
15 Y -495.646032715 0
16 A -505.979489094 0
16 C -504.804912949 0
16 D -504.98213446 0
16 E -506.030302713 0
16 F -505.186878763 1
16 G -504.800494965 0
16 H -506.353165445 0
16 I -506.727309223 0
16 K -506.680963751 0
16 L -506.357461173 0
16 M -505.23543722 0
16 N -505.352117527 0
16 P -277.846644234 0
16 Q -504.902794952 0
16 R -507.659100115 0
16 S -505.830945953 0
16 T -506.62333419 0
16 V -506.270017489 0
16 W -505.159619165 0
16 Y -505.135041698 0
17 A -495.259293745 0
17 C -492.889255826 0
17 D -494.177860799 0
17 E -498.785368912 0
17 F -497.923440595 0
17 G -489.353395952 0
17 H -498.389903024 0
17 I -496.311663111 0
17 K -498.057538457 0
17 L -494.255392904 0
17 M -494.677257559 0
17 N -494.295486523 0
17 P -296.28056322 0
17 Q -494.401957877 0
17 R -495.235943519 0
17 S -494.366902044 0
17 T -495.980275209 0
17 V -497.018014459 0
17 W -509.275469125 1
17 Y -498.203028003 0
18 A -497.92752508 0
18 C -497.153332448 0
18 D -494.492861596 0
18 E -494.59681785 0
18 F -469.364915796 0
18 G -493.605697614 0
18 H -487.56043239 0
18 I -497.875188125 0
18 K -484.419531359 0
18 L -505.129689131 1
18 M -498.519288339 0
18 N -496.810471633 0
18 P -229.766667836 0
18 Q -496.660205321 0
18 R -359.645453802 0
18 S -495.232459796 0
18 T -493.931718252 0
18 V -498.168413077 0
18 W -458.07773769 0
18 Y -470.025123215 0
19 A -504.583116178 0
19 C -500.098760145 0
19 D -502.479892357 0
19 E -504.515333431 0
19 F -502.84033976 0
19 G -503.249534048 0
19 H -504.137094464 0
19 I -503.026613357 0
19 K -504.627351494 0
19 L -504.142468174 0
19 M -503.697147578 0
19 N -502.130673583 0
19 P -218.811804233 0
19 Q -503.177165516 0
19 R -503.560329981 0
19 S -504.945854974 1
19 T -504.395557305 0
19 V -502.886626516 0
19 W -504.823465814 0
19 Y -502.544539294 0
20 A -503.262941195 0
20 C -501.53292647 0
20 D -501.622265821 0
20 E -503.958518558 1
20 F -502.353849274 0
20 G -501.062743357 0
20 H -502.80613597 0
20 I -504.052736792 0
20 K -503.858174938 0
20 L -504.404072117 0
20 M -503.358293879 0
20 N -502.257191719 0
20 P -234.080413566 0
20 Q -503.457547217 0
20 R -503.582013368 0
20 S -502.207377899 0
20 T -503.286410123 0
20 V -504.982315618 0
20 W -501.633274065 0
20 Y -502.24351268 0
21 A -500.244588443 0
21 C -498.639023733 0
21 D -493.521910868 0
21 E -488.727293007 0
21 F -492.552201988 0
21 G -495.191224454 0
21 H -492.627786985 0
21 I -499.050377911 0
21 K -491.150553639 0
21 L -496.323549304 0
21 M -496.93325385 0
21 N -497.129269423 0
21 P -310.82205993 0
21 Q -489.860306404 0
21 R -494.57279709 0
21 S -498.209236836 0
21 T -502.003202607 0
21 V -505.259765242 1
21 W -427.637899937 0
21 Y -485.959669287 0
22 A -500.444545835 0
22 C -499.525486933 0
22 D -502.000071848 0
22 E -506.426050421 1
22 F -491.961301032 0
22 G -496.935764147 0
22 H -493.302390938 0
22 I -501.824909553 0
22 K -497.001708572 0
22 L -503.947852192 0
22 M -497.36421854 0
22 N -498.803346044 0
22 P -215.856515477 0
22 Q -500.753799156 0
22 R -497.44890262 0
22 S -499.055133528 0
22 T -501.480839337 0
22 V -500.20000437 0
22 W -497.124035503 0
22 Y -384.620264651 0
23 A -504.052705321 1
23 C -501.374204263 0
23 D -503.605091127 0
23 E -504.834926767 0
23 F -502.844953656 0
23 G -502.720294239 0
23 H -504.061288237 0
23 I -504.154620086 0
23 K -504.978038977 0
23 L -504.62827443 0
23 M -503.945459097 0
23 N -503.723895652 0
23 P -269.565242754 0
23 Q -503.226187204 0
23 R -505.52760194 0
23 S -503.811481748 0
23 T -503.895412343 0
23 V -503.493845002 0
23 W -504.223908932 0
23 Y -502.652798584 0
24 A -502.179985379 0
24 C -499.422232071 0
24 D -501.23370924 0
24 E -504.171647256 0
24 F -498.961008736 0
24 G -499.616059817 0
24 H -500.955500537 0
24 I -502.234622387 0
24 K -503.17631473 0
24 L -505.66279849 1
24 M -504.135186968 0
24 N -501.668504238 0
24 P -243.905071402 0
24 Q -500.833684546 0
24 R -503.314947251 0
24 S -500.743006077 0
24 T -501.601276573 0
24 V -499.989337442 0
24 W -502.867611569 0
24 Y -498.751501649 0
25 A -494.343587627 0
25 C -494.825076646 0
25 D -493.818142147 0
25 E -494.041124067 0
25 F -491.908610397 0
25 G -491.542324357 0
25 H -493.405683513 0
25 I -489.216833602 0
25 K -480.927109691 0
25 L -503.982017746 1
25 M -470.1700198 0
25 N -496.540640386 0
25 P -295.607187447 0
25 Q -495.285226291 0
25 R -487.261328452 0
25 S -493.617238494 0
25 T -495.039373157 0
25 V -491.513191265 0
25 W -400.192228762 0
25 Y -490.51364161 0
26 A -504.175859271 1
26 C -503.222869035 0
26 D -503.03954394 0
26 E -483.540255683 0
26 F -503.007287225 0
26 G -503.483204426 0
26 H -505.15295468 0
26 I -492.837456461 0
26 K -502.810777754 0
26 L -502.20898019 0
26 M -504.172153094 0
26 N -506.426277815 0
26 P -196.84917863 0
26 Q -500.851117577 0
26 R -503.058561722 0
26 S -505.387177095 0
26 T -502.603035072 0
26 V -474.17290829 0
26 W -505.631990323 0
26 Y -500.140194896 0
27 A -502.986286574 0
27 C -500.888526931 0
27 D -501.893569582 0
27 E -502.622548409 0
27 F -501.776762999 0
27 G -500.805862378 0
27 H -500.174928086 0
27 I -495.692397721 0
27 K -501.698092922 0
27 L -503.028712869 0
27 M -503.806916479 0
27 N -501.862936405 0
27 P -271.013332449 0
27 Q -501.070645548 0
27 R -503.404629763 0
27 S -505.311260479 1
27 T -496.224705724 0
27 V -495.174331989 0
27 W -504.009790136 0
27 Y -501.643968443 0
28 A -502.406621587 0
28 C -501.643192194 0
28 D -504.881138359 0
28 E -506.133171378 1
28 F -502.708896387 0
28 G -501.76844256 0
28 H -504.901606157 0
28 I -503.38433852 0
28 K -504.1176089 0
28 L -504.822224638 0
28 M -502.434198424 0
28 N -505.604362186 0
28 P -497.856479187 0
28 Q -507.529057653 0
28 R -503.961625557 0
28 S -503.889655674 0
28 T -504.799816252 0
28 V -503.29985823 0
28 W -501.807682058 0
28 Y -502.734958075 0
29 A -498.430726799 0
29 C -496.204573877 0
29 D -509.502105379 1
29 E -504.867459355 0
29 F -502.725703166 0
29 G -495.556222855 0
29 H -503.636061007 0
29 I -498.518708982 0
29 K -498.463776912 0
29 L -500.150490388 0
29 M -498.585540217 0
29 N -503.391043609 0
29 P -452.320969476 0
29 Q -498.487726586 0
29 R -503.219962571 0
29 S -499.482301075 0
29 T -498.203015667 0
29 V -498.368348303 0
29 W -494.938435328 0
29 Y -501.879261019 0
30 A -505.610996117 0
30 C -505.203226966 0
30 D -506.702951367 0
30 E -504.794850328 0
30 F -510.924058502 0
30 G -501.658520627 0
30 H -509.369246202 0
30 I -507.165923102 0
30 K -504.266914774 0
30 L -507.629838085 0
30 M -508.881457765 0
30 N -509.066617511 0
30 P -492.06332135 0
30 Q -506.365264988 0
30 R -503.047842922 0
30 S -506.50778875 0
30 T -508.243683951 0
30 V -507.762747854 0
30 W -508.46407731 0
30 Y -513.323407794 1
31 A -489.57471791 0
31 C -419.254329103 0
31 D -321.109226818 0
31 E -6.13745016677 0
31 F 210.009119607 0
31 G -510.396170915 1
31 H 88.2537518539 0
31 I -138.485068142 0
31 K 174.454946874 0
31 L 425.140115803 0
31 M 267.473024794 0
31 N -340.33317009 0
31 P -428.447726619 0
31 Q -15.9485509812 0
31 R 313.334889024 0
31 S -483.31733733 0
31 T -405.718861985 0
31 V -291.100578808 0
31 W 333.511711006 0
31 Y 883.213352899 0
32 A -507.016179181 0
32 C -506.008865372 0
32 D -509.258132856 0
32 E -509.950037375 0
32 F -507.775411489 0
32 G -506.378876209 0
32 H -509.100241703 0
32 I -507.709059595 0
32 K -510.150014695 1
32 L -509.680595138 0
32 M -507.254095598 0
32 N -508.718390444 0
32 P -493.406615493 0
32 Q -508.459332044 0
32 R -509.243753086 0
32 S -508.563310641 0
32 T -509.53829726 0
32 V -508.547751827 0
32 W -507.179168799 0
32 Y -508.053094413 0
33 A -501.851031436 0
33 C -502.616862495 0
33 D -510.124137642 1
33 E -503.860327354 0
33 F -501.545518402 0
33 G -502.404072496 0
33 H -505.295973585 0
33 I -500.088637216 0
33 K -501.656117872 0
33 L -499.321691977 0
33 M -503.674502485 0
33 N -507.235155643 0
33 P -462.426032749 0
33 Q -500.801100861 0
33 R -502.871311015 0
33 S -504.438520746 0
33 T -507.253571198 0
33 V -501.26109191 0
33 W -500.410647594 0
33 Y -501.67731592 0
34 A -508.82963167 0
34 C -507.70765446 0
34 D -505.279907105 0
34 E -507.11266446 0
34 F -504.574929156 0
34 G -506.888884427 0
34 H -505.31503943 0
34 I -511.085853781 0
34 K -506.01854379 0
34 L -512.802762326 1
34 M -506.750364881 0
34 N -507.979931734 0
34 P -499.276186209 0
34 Q -508.838385871 0
34 R -508.015240471 0
34 S -509.137300536 0
34 T -508.602900399 0
34 V -508.879039283 0
34 W -505.330148358 0
34 Y -503.995371515 0
35 A -503.338024943 1
35 C -502.918971578 0
35 D -507.149857821 0
35 E -504.671548917 0
35 F -501.68839864 0
35 G -502.302761544 0
35 H -503.938294473 0
35 I -506.237896201 0
35 K -506.863498383 0
35 L -503.905392906 0
35 M -505.309928906 0
35 N -506.094566984 0
35 P -499.434904482 0
35 Q -504.946810377 0
35 R -506.771400457 0
35 S -503.81973489 0
35 T -506.239713795 0
35 V -506.25309668 0
35 W -504.311073271 0
35 Y -504.049739723 0
36 A -505.544010149 0
36 C -502.536968293 0
36 D -503.928913098 0
36 E -506.62529422 0
36 F -501.956727093 0
36 G -504.305695461 0
36 H -505.099441572 0
36 I -504.026530992 0
36 K -505.318995496 0
36 L -505.659265738 0
36 M -504.931416799 0
36 N -503.866047617 0
36 P -492.092012234 0
36 Q -505.385685046 0
36 R -506.488107095 0
36 S -508.01945364 1
36 T -506.486709634 0
36 V -504.252213692 0
36 W -502.988086008 0
36 Y -502.900349987 0
37 A -510.391211002 0
37 C -507.558491315 0
37 D -504.301312801 0
37 E -498.699944729 0
37 F -390.397512545 0
37 G -501.688044141 0
37 H -466.288846433 0
37 I -492.686644743 0
37 K -443.867089337 0
37 L -485.28601275 0
37 M -483.620967966 0
37 N -508.226696487 0
37 P -301.374843698 0
37 Q -497.658887515 0
37 R -337.565351719 0
37 S -507.656744625 0
37 T -509.686572347 0
37 V -513.446913597 1
37 W -293.901367222 0
37 Y -375.942475786 0
38 A -507.851371179 0
38 C -505.814407208 0
38 D -507.492498698 0
38 E -507.993239954 0
38 F -496.825569341 0
38 G -505.823991893 0
38 H -494.040364161 0
38 I -507.992500123 0
38 K -507.03445483 0
38 L -508.915899171 0
38 M -506.777860666 0
38 N -508.306260966 1
38 P -193.267401645 0
38 Q -506.615752678 0
38 R -508.646292111 0
38 S -505.989302082 0
38 T -500.003540813 0
38 V -505.399559499 0
38 W -496.450282034 0
38 Y -501.885526418 0
39 A -507.521436036 0
39 C -504.877915998 0
39 D -507.636287947 0
39 E -508.838739075 0
39 F -505.383959614 0
39 G -505.844916408 0
39 H -506.193010176 0
39 I -507.335486057 0
39 K -508.340349073 0
39 L -508.241993172 0
39 M -507.049610981 0
39 N -507.602230201 1
39 P -249.457620146 0
39 Q -506.920104284 0
39 R -508.16877183 0
39 S -506.667806451 0
39 T -507.182415293 0
39 V -506.70522516 0
39 W -505.790090733 0
39 Y -505.75128537 0
40 A -508.140402849 0
40 C -505.777852856 0
40 D -504.498793733 0
40 E -508.240365947 0
40 F -506.930658658 0
40 G -504.278306102 0
40 H -513.076319214 0
40 I -500.161877186 0
40 K -505.269288742 0
40 L -512.750601588 1
40 M -505.455147488 0
40 N -507.390986134 0
40 P -323.841509088 0
40 Q -507.068369945 0
40 R -507.284476176 0
40 S -506.328302582 0
40 T -504.302339439 0
40 V -500.392816509 0
40 W -506.648929783 0
40 Y -505.68328228 0
41 A -506.527180137 0
41 C -506.08480642 0
41 D -507.72034445 0
41 E -507.82650753 0
41 F -508.029195828 0
41 G -504.453766844 0
41 H -509.424187756 0
41 I -509.876622246 0
41 K -507.194252746 0
41 L -513.963771684 1
41 M -508.243243489 0
41 N -505.966283084 0
41 P -202.465822161 0
41 Q -507.322175643 0
41 R -507.470245911 0
41 S -505.35579578 0
41 T -506.642861177 0
41 V -508.165396648 0
41 W -508.404290569 0
41 Y -507.618941781 0
42 A -511.017396134 0
42 C -508.381545782 0
42 D -509.971526551 0
42 E -510.850010722 0
42 F -511.304862038 0
42 G -509.644814135 0
42 H -511.996101974 0
42 I -511.544155154 0
42 K -512.181955752 1
42 L -512.250886984 0
42 M -511.129639032 0
42 N -510.590460209 0
42 P -259.359584634 0
42 Q -509.964431731 0
42 R -511.436305332 0
42 S -510.125567718 0
42 T -511.130807949 0
42 V -510.8672364 0
42 W -511.263518393 0
42 Y -511.088505821 0
43 A -511.096128727 0
43 C -508.613676996 0
43 D -510.257087913 0
43 E -511.665772766 0
43 F -511.343512123 0
43 G -509.694865981 0
43 H -510.967694209 0
43 I -510.973396744 0
43 K -511.570468367 1
43 L -511.874717977 0
43 M -509.976198247 0
43 N -510.715494417 0
43 P -225.842698417 0
43 Q -510.50082947 0
43 R -511.228868758 0
43 S -510.604673423 0
43 T -511.536980201 0
43 V -509.261076814 0
43 W -510.465468927 0
43 Y -510.635609975 0
44 A -509.001803871 0
44 C -510.659529919 0
44 D -511.479910022 0
44 E -515.563990103 0
44 F -492.984554317 0
44 G -506.199334874 0
44 H -515.045302523 1
44 I -504.730509041 0
44 K -507.849921265 0
44 L -512.612577707 0
44 M -515.948543055 0
44 N -511.215547578 0
44 P -204.520924141 0
44 Q -514.46086293 0
44 R -504.821887129 0
44 S -512.551307842 0
44 T -513.743394822 0
44 V -481.23870224 0
44 W -476.886629289 0
44 Y -502.237662295 0
45 A -512.736956594 0
45 C -510.16211891 0
45 D -514.445670416 0
45 E -513.235739093 0
45 F -512.964082414 0
45 G -511.726471023 0
45 H -513.370424452 0
45 I -512.4568849 0
45 K -513.387146611 0
45 L -512.680238265 0
45 M -512.400371764 0
45 N -514.699229299 0
45 P -185.534845249 0
45 Q -511.549334047 1
45 R -513.101486175 0
45 S -512.667622155 0
45 T -512.79839079 0
45 V -511.290457525 0
45 W -513.829468919 0
45 Y -513.428180473 0
46 A -512.037836416 0
46 C -508.787537641 0
46 D -513.093839887 0
46 E -512.743034832 0
46 F -509.700383473 0
46 G -510.347999934 0
46 H -510.809252483 0
46 I -511.188255436 0
46 K -512.917258969 0
46 L -512.581487029 1
46 M -511.534396093 0
46 N -511.362931485 0
46 P -304.423454894 0
46 Q -510.870907246 0
46 R -512.327234435 0
46 S -511.031562082 0
46 T -510.976053626 0
46 V -511.089834034 0
46 W -510.945687574 0
46 Y -509.905418584 0
47 A -506.168642118 0
47 C -504.02770857 0
47 D -506.26477229 0
47 E -507.511077828 0
47 F -505.60815591 0
47 G -503.57216269 0
47 H -506.683302108 0
47 I -509.463039844 0
47 K -503.472274755 0
47 L -512.122725186 1
47 M -507.678294456 0
47 N -506.448529814 0
47 P -308.855446067 0
47 Q -506.070336236 0
47 R -506.821643733 0
47 S -505.559459108 0
47 T -507.971735005 0
47 V -508.295678442 0
47 W -508.769577971 0
47 Y -505.351236231 0
48 A -509.822398876 0
48 C -509.102548177 0
48 D -509.718829679 0
48 E -511.244165599 1
48 F -508.309955932 0
48 G -505.232562531 0
48 H -508.834774018 0
48 I -510.475406775 0
48 K -508.360005241 0
48 L -510.957094481 0
48 M -508.938616492 0
48 N -509.779594418 0
48 P -206.515197528 0
48 Q -510.040520116 0
48 R -508.223822309 0
48 S -508.632337745 0
48 T -508.76525134 0
48 V -510.591726911 0
48 W -511.894542013 0
48 Y -508.616340958 0
49 A -510.986370486 1
49 C -506.127964149 0
49 D -509.299787297 0
49 E -510.812682001 0
49 F -508.367866151 0
49 G -509.491204407 0
49 H -509.919224043 0
49 I -506.306608083 0
49 K -510.757864886 0
49 L -510.875933712 0
49 M -509.59902406 0
49 N -508.815971856 0
49 P -177.617349324 0
49 Q -510.0070562 0
49 R -510.023545652 0
49 S -509.730602855 0
49 T -509.99325509 0
49 V -507.291722861 0
49 W -509.464107745 0
49 Y -508.253486913 0
50 A -510.444408077 0
50 C -507.8980943 0
50 D -512.62343665 1
50 E -512.564312783 0
50 F -507.81674359 0
50 G -508.584634249 0
50 H -509.691629709 0
50 I -510.704188083 0
50 K -510.42063211 0
50 L -510.298779019 0
50 M -508.88796637 0
50 N -509.699116533 0
50 P -207.775744104 0
50 Q -509.25063323 0
50 R -509.620167957 0
50 S -509.041576374 0
50 T -510.978130984 0
50 V -507.506122218 0
50 W -510.37776778 0
50 Y -507.246158031 0
51 A -499.299565857 0
51 C -499.45633355 0
51 D -498.550734309 0
51 E -501.03744644 0
51 F -493.97557271 0
51 G -496.532374555 0
51 H -498.193703473 0
51 I -507.858440193 1
51 K -495.241575282 0
51 L -502.910732142 0
51 M -499.712061755 0
51 N -500.74298716 0
51 P -240.303028071 0
51 Q -501.044918583 0
51 R -495.034361437 0
51 S -498.413326447 0
51 T -501.698267665 0
51 V -503.768676466 0
51 W -480.366009799 0
51 Y -493.084993107 0
52 A -513.487114051 0
52 C -510.941999362 0
52 D -512.82165877 0
52 E -514.029070001 0
52 F -512.486637856 0
52 G -512.262526035 0
52 H -513.579384406 0
52 I -513.38129154 0
52 K -516.685650585 0
52 L -513.675341216 0
52 M -512.32697669 0
52 N -512.830840935 0
52 P -198.823951915 0
52 Q -515.156345553 0
52 R -513.39710416 0
52 S -513.335843175 1
52 T -513.460788415 0
52 V -512.073665727 0
52 W -513.201585992 0
52 Y -512.198621384 0
53 A -512.476426465 1
53 C -510.189649744 0
53 D -512.467630084 0
53 E -511.4624647 0
53 F -510.778590055 0
53 G -510.604828811 0
53 H -512.063750701 0
53 I -510.076638178 0
53 K -513.249263303 0
53 L -512.646687702 0
53 M -511.565835676 0
53 N -512.593016282 0
53 P -237.98708014 0
53 Q -511.440360059 0
53 R -514.106485007 0
53 S -511.816085655 0
53 T -510.414729417 0
53 V -508.926603351 0
53 W -511.255641234 0
53 Y -510.591304335 0
54 A -512.905843026 0
54 C -510.362835616 0
54 D -505.267172287 0
54 E -509.771081443 0
54 F -511.707764928 0
54 G -509.990077523 0
54 H -513.285614878 1
54 I -504.335636551 0
54 K -513.008925198 0
54 L -510.23025079 0
54 M -511.88911951 0
54 N -512.407682483 0
54 P -357.614289628 0
54 Q -510.893512983 0
54 R -512.260991305 0
54 S -510.777975654 0
54 T -507.892687254 0
54 V -506.040699986 0
54 W -512.860827826 0
54 Y -512.28359487 0
55 A -510.528862727 0
55 C -506.240515494 0
55 D -511.584848843 0
55 E -512.405482814 1
55 F -508.55313258 0
55 G -507.427160905 0
55 H -510.481842382 0
55 I -502.120156729 0
55 K -508.29812603 0
55 L -502.969741706 0
55 M -507.694558395 0
55 N -508.908862016 0
55 P -166.63595349 0
55 Q -509.242857757 0
55 R -508.8027998 0
55 S -509.327225597 0
55 T -509.23831495 0
55 V -497.040176039 0
55 W -507.441415977 0
55 Y -508.410322398 0
56 A -510.990616455 0
56 C -508.044075936 0
56 D -513.126409794 1
56 E -514.525344641 0
56 F -509.540300896 0
56 G -510.080280811 0
56 H -510.801177778 0
56 I -509.507383066 0
56 K -511.905821042 0
56 L -510.969360964 0
56 M -510.065835779 0
56 N -511.885038999 0
56 P -460.160373594 0
56 Q -511.015877172 0
56 R -511.621558332 0
56 S -511.24565699 0
56 T -510.125101377 0
56 V -509.996230857 0
56 W -509.018514275 0
56 Y -509.431434095 0
57 A -513.365108841 0
57 C -511.155043662 0
57 D -511.221693492 0
57 E -513.271898891 0
57 F -509.089328222 0
57 G -510.070580625 0
57 H -512.531811523 0
57 I -513.57113427 0
57 K -513.309124353 0
57 L -510.173573163 0
57 M -511.813040675 0
57 N -511.529876754 0
57 P -290.289008495 0
57 Q -512.44131903 0
57 R -512.567898322 1
57 S -511.367681799 0
57 T -513.017978068 0
57 V -515.182031951 0
57 W -510.214050453 0
57 Y -509.55784246 0
58 A -507.916471086 0
58 C -504.364881076 0
58 D -501.464892497 0
58 E -505.265891611 0
58 F -433.08308469 0
58 G -504.112521614 0
58 H -465.392176651 0
58 I -450.752133268 0
58 K -504.740764992 0
58 L -513.408272712 1
58 M -508.03275993 0
58 N -507.218938838 0
58 P -254.660535445 0
58 Q -505.418134877 0
58 R -507.861975578 0
58 S -505.803803404 0
58 T -507.223449123 0
58 V -507.727860471 0
58 W -499.689942485 0
58 Y -394.255047454 0
59 A -512.444786579 0
59 C -509.712257966 0
59 D -510.324827602 0
59 E -511.523183129 0
59 F -510.471736896 0
59 G -510.927695245 0
59 H -511.126227034 0
59 I -510.864326333 0
59 K -512.865411226 1
59 L -511.952097678 0
59 M -510.441659846 0
59 N -511.20878994 0
59 P -235.965814324 0
59 Q -510.964546268 0
59 R -513.959815022 0
59 S -511.740245657 0
59 T -511.626103552 0
59 V -511.535962134 0
59 W -510.501577555 0
59 Y -510.198780663 0
60 A -511.572101555 0
60 C -508.88757913 0
60 D -510.600790529 1
60 E -511.920302722 0
60 F -509.607997996 0
60 G -510.136624012 0
60 H -510.834142395 0
60 I -512.33529738 0
60 K -511.243518035 0
60 L -512.098834298 0
60 M -510.649676683 0
60 N -508.749956336 0
60 P -279.065681004 0
60 Q -510.329439255 0
60 R -510.697635183 0
60 S -510.893594736 0
60 T -511.870018734 0
60 V -512.11897501 0
60 W -509.669809279 0
60 Y -509.87888591 0
61 A -502.846378485 0
61 C -500.738769252 0
61 D -501.462763934 0
61 E -499.154796771 0
61 F -499.006189859 0
61 G -499.799838095 0
61 H -500.237347642 0
61 I -505.526954519 0
61 K -483.246226208 0
61 L -510.176376237 1
61 M -504.624437242 0
61 N -503.863819422 0
61 P -307.574914853 0
61 Q -499.387018455 0
61 R -490.58956961 0
61 S -501.175600895 0
61 T -500.992511668 0
61 V -501.66634443 0
61 W -324.43114235 0
61 Y -499.512268449 0
62 A -504.627867708 0
62 C -503.591007397 0
62 D -502.606582405 0
62 E -499.639423365 0
62 F -499.750861056 0
62 G -502.115096974 0
62 H -501.816664723 0
62 I -436.508147233 0
62 K -503.026466102 0
62 L -489.223998327 0
62 M -503.67201959 0
62 N -509.826884695 1
62 P -158.003166365 0
62 Q -502.886370518 0
62 R -503.118204289 0
62 S -501.790240395 0
62 T -496.697448507 0
62 V -431.227437421 0
62 W 10.4653276701 0
62 Y -478.747200669 0
63 A -505.35854196 0
63 C -502.878016904 0
63 D -504.375974792 0
63 E -504.879935775 0
63 F -504.094260061 0
63 G -503.920970328 0
63 H -505.249919377 0
63 I -505.074650902 0
63 K -504.697499908 0
63 L -505.336020004 0
63 M -503.852778821 0
63 N -505.009250047 0
63 P -186.710259098 0
63 Q -503.781342866 0
63 R -507.146790907 0
63 S -505.088171596 1
63 T -505.187230962 0
63 V -503.644306893 0
63 W -505.062567027 0
63 Y -503.857106236 0
64 A -505.348469807 0
64 C -501.4465228 0
64 D -505.870128539 0
64 E -503.985127481 0
64 F -507.522300109 0
64 G -501.717836099 0
64 H -509.598490612 0
64 I -507.363223381 0
64 K -512.28221219 0
64 L -506.378270935 0
64 M -512.403173719 0
64 N -510.006693943 0
64 P -286.917438798 0
64 Q -510.934478766 1
64 R -511.375046543 0
64 S -503.621182562 0
64 T -506.197200656 0
64 V -506.263982842 0
64 W -510.107093335 0
64 Y -507.693542063 0
65 A -505.035228276 1
65 C -496.247682353 0
65 D -490.30841303 0
65 E -461.633320993 0
65 F -288.771460796 0
65 G -500.131713072 0
65 H -339.452698479 0
65 I -487.869283853 0
65 K -447.701096526 0
65 L -475.155812088 0
65 M -479.504516727 0
65 N -493.762730774 0
65 P -217.444770104 0
65 Q -432.820639464 0
65 R -453.508878742 0
65 S -499.440635487 0
65 T -456.897306581 0
65 V -440.140330729 0
65 W -427.29044728 0
65 Y -447.907021745 0
66 A -503.181638758 0
66 C -501.164929109 0
66 D -504.757001775 1
66 E -504.783489016 0
66 F -501.46568193 0
66 G -501.224104859 0
66 H -502.296166901 0
66 I -502.402107911 0
66 K -502.916771354 0
66 L -504.388925973 0
66 M -502.577251262 0
66 N -502.380211755 0
66 P -183.028848037 0
66 Q -502.666990309 0
66 R -502.275240482 0
66 S -502.030432092 0
66 T -502.036854657 0
66 V -500.674335626 0
66 W -502.688239285 0
66 Y -501.191549611 0
67 A -505.473361765 0
67 C -502.792221727 0
67 D -504.505946877 0
67 E -507.416731209 0
67 F -502.931450087 0
67 G -504.420518949 0
67 H -504.724980064 0
67 I -505.670111656 0
67 K -505.90827194 0
67 L -506.176978701 0
67 M -505.145583147 0
67 N -504.766275343 0
67 P -241.552364617 0
67 Q -505.960472854 0
67 R -505.049561914 0
67 S -504.363735414 1
67 T -505.145263453 0
67 V -504.764726404 0
67 W -503.614024998 0
67 Y -502.811640338 0
68 A -497.705241816 0
68 C -496.137680356 0
68 D -495.443674017 0
68 E -494.084106515 0
68 F -410.993626878 0
68 G -494.91635041 0
68 H -481.323014312 0
68 I -491.725733406 0
68 K -488.187163329 0
68 L -505.682646372 1
68 M -494.696582627 0
68 N -498.35191251 0
68 P -283.889449604 0
68 Q -494.416767255 0
68 R -495.822499274 0
68 S -496.066151652 0
68 T -492.923006754 0
68 V -486.854249248 0
68 W -387.033902398 0
68 Y -425.220490381 0
69 A -501.745261499 0
69 C -502.714986818 0
69 D -500.57601578 0
69 E -500.241693924 0
69 F -499.055475589 0
69 G -500.291992227 0
69 H -498.702816614 0
69 I -500.903438026 0
69 K -499.31436657 0
69 L -499.640249844 0
69 M -503.904223737 1
69 N -504.021113318 0
69 P -215.663476654 0
69 Q -500.346874031 0
69 R -502.745161007 0
69 S -501.312030672 0
69 T -497.822779116 0
69 V -496.99979151 0
69 W -323.335337333 0
69 Y -498.535406235 0
70 A -505.115421196 0
70 C -504.305505262 0
70 D -504.681430364 0
70 E -506.066466391 0
70 F -504.068476122 0
70 G -504.966072697 0
70 H -505.408086119 0
70 I -500.720822054 0
70 K -506.943985862 0
70 L -506.72785165 0
70 M -505.477589536 0
70 N -506.21123382 0
70 P -328.202757819 0
70 Q -505.638113389 0
70 R -506.247916545 0
70 S -505.794695664 0
70 T -505.226288869 1
70 V -501.51291392 0
70 W -504.000594755 0
70 Y -504.053226331 0
71 A -503.32219815 0
71 C -501.970087316 0
71 D -506.75479741 0
71 E -505.596794837 0
71 F -501.253789321 0
71 G -500.380766136 0
71 H -503.889367126 0
71 I -485.73915117 0
71 K -501.527032915 0
71 L -493.215194602 0
71 M -503.016145006 0
71 N -502.838214458 0
71 P -237.150174727 0
71 Q -501.703777342 0
71 R -502.856117096 0
71 S -505.434197682 1
71 T -498.834048185 0
71 V -489.447622877 0
71 W -470.723548278 0
71 Y -499.063393899 0
72 A -500.912609725 0
72 C -499.766921812 0
72 D -503.279135513 0
72 E -503.051715188 0
72 F -501.247866936 0
72 G -501.213399951 0
72 H -503.195003316 0
72 I -500.914164414 0
72 K -503.065673339 0
72 L -502.983174422 0
72 M -501.396964881 0
72 N -502.524886472 0
72 P -500.462908413 0
72 Q -502.428849773 0
72 R -502.517205417 0
72 S -503.8566989 1
72 T -503.900893513 0
72 V -501.138142856 0
72 W -502.463903443 0
72 Y -501.052055434 0
73 A -504.802308408 1
73 C -502.086881114 0
73 D -505.337122866 0
73 E -506.287769192 0
73 F -502.919688932 0
73 G -502.271016703 0
73 H -504.778018208 0
73 I -501.724549345 0
73 K -505.761627707 0
73 L -505.420915828 0
73 M -504.36850661 0
73 N -505.003193685 0
73 P -457.406393039 0
73 Q -504.13852719 0
73 R -504.908660723 0
73 S -505.246285403 0
73 T -504.829999146 0
73 V -502.245187685 0
73 W -503.767279323 0
73 Y -503.12704403 0
74 A -497.521631914 0
74 C -496.989105489 0
74 D -500.499843528 0
74 E -496.884311462 0
74 F -505.429144172 1
74 G -496.586273324 0
74 H -502.665140328 0
74 I -495.444535857 0
74 K -497.226999471 0
74 L -492.78982316 0
74 M -496.540072412 0
74 N -498.309518849 0
74 P -467.034267664 0
74 Q -494.268919865 0
74 R -496.783039764 0
74 S -499.380926589 0
74 T -498.6743653 0
74 V -496.82697748 0
74 W -494.903617189 0
74 Y -493.824644618 0
75 A -497.262315624 0
75 C -496.441034657 0
75 D -503.365077 1
75 E -498.941380183 0
75 F -496.201610998 0
75 G -495.63612109 0
75 H -497.523972382 0
75 I -499.078671572 0
75 K -498.44550276 0
75 L -498.639589261 0
75 M -497.066460463 0
75 N -500.729476969 0
75 P -496.079334008 0
75 Q -496.64056085 0
75 R -497.893173285 0
75 S -498.61858814 0
75 T -498.080924044 0
75 V -498.731233016 0
75 W -496.665821073 0
75 Y -496.110529794 0
76 A -501.546014772 0
76 C -500.800743401 0
76 D -500.342540295 0
76 E -499.999275421 0
76 F -499.860407292 0
76 G -499.743870738 0
76 H -502.06272771 0
76 I -502.767457089 0
76 K -499.762869875 0
76 L -494.344034393 0
76 M -499.689445949 0
76 N -501.804975066 0
76 P -500.647157354 0
76 Q -499.459041581 0
76 R -499.412104615 0
76 S -502.741425161 0
76 T -504.958154744 1
76 V -502.255319418 0
76 W -501.498970982 0
76 Y -500.055335545 0
77 A -502.978730859 0
77 C -500.222363245 0
77 D -501.145665239 0
77 E -502.201493611 0
77 F -499.689727551 0
77 G -502.226946769 0
77 H -501.759477043 0
77 I -502.446072526 0
77 K -504.705736852 0
77 L -502.790880078 0
77 M -502.61140292 0
77 N -502.489032895 0
77 P -469.232507689 0
77 Q -504.210679935 0
77 R -505.56343803 0
77 S -504.329327438 1
77 T -503.83573309 0
77 V -502.045080225 0
77 W -498.275391974 0
77 Y -499.790042074 0
78 A -504.62602673 0
78 C -502.732294423 0
78 D -505.520429238 0
78 E -506.473415265 0
78 F -506.248556987 0
78 G -503.754782622 0
78 H -504.808285241 0
78 I -503.741384231 0
78 K -506.56830097 0
78 L -505.673680019 0
78 M -506.998364673 0
78 N -504.733755987 0
78 P -490.833193725 0
78 Q -504.098887487 1
78 R -507.967525907 0
78 S -506.2021318 0
78 T -504.97856951 0
78 V -504.1864676 0
78 W -511.262039468 0
78 Y -507.471122786 0
79 A -500.947073803 0
79 C -500.543317655 0
79 D -504.851737315 0
79 E -497.316157907 0
79 F -497.241320946 0
79 G -497.540959153 0
79 H -500.387131877 0
79 I -507.868739122 0
79 K -501.417911121 0
79 L -497.28066064 0
79 M -503.402038928 0
79 N -507.281985192 0
79 P -470.992359931 0
79 Q -494.591948254 0
79 R -501.475379337 0
79 S -500.256276198 0
79 T -503.51784632 0
79 V -507.553232093 1
79 W -499.027416227 0
79 Y -489.162754503 0
80 A -505.267358558 0
80 C -502.051816521 0
80 D -502.202785005 0
80 E -505.530417515 0
80 F -504.039512798 0
80 G -503.602086454 0
80 H -505.281651052 0
80 I -501.493390266 0
80 K -505.994676223 1
80 L -503.739472654 0
80 M -504.032995268 0
80 N -503.307179197 0
80 P -265.427764598 0
80 Q -504.032846346 0
80 R -505.869936261 0
80 S -504.884159265 0
80 T -504.064763911 0
80 V -459.849881685 0
80 W -503.217726129 0
80 Y -503.208712454 0
81 A -506.380494264 0
81 C -503.519357682 0
81 D -505.345253297 1
81 E -506.860699176 0
81 F -504.434802348 0
81 G -504.471784529 0
81 H -506.27685416 0
81 I -506.513543879 0
81 K -507.053248843 0
81 L -507.82721582 0
81 M -506.756573485 0
81 N -505.439056905 0
81 P -244.747946466 0
81 Q -505.332435285 0
81 R -506.350706109 0
81 S -505.363053604 0
81 T -505.440569342 0
81 V -505.226197463 0
81 W -505.565326963 0
81 Y -504.208221932 0
82 A -501.907460397 0
82 C -499.296220379 0
82 D -502.834162147 0
82 E -502.003023957 0
82 F -499.625146617 0
82 G -499.047661657 0
82 H -501.076119477 0
82 I -504.682204204 0
82 K -505.866878703 1
82 L -503.680985557 0
82 M -501.437351061 0
82 N -501.332846776 0
82 P -265.207137821 0
82 Q -501.482796676 0
82 R -502.352447725 0
82 S -500.5776628 0
82 T -503.679095487 0
82 V -503.127331485 0
82 W -502.260182102 0
82 Y -499.380992777 0
83 A -502.28263353 0
83 C -501.486999902 0
83 D -500.083600488 0
83 E -500.372657669 0
83 F -494.399683449 0
83 G -499.765287765 0
83 H -499.691758725 0
83 I -453.321950911 0
83 K -505.895784432 0
83 L -492.397819549 0
83 M -502.496753204 0
83 N -502.144876182 0
83 P -233.080142733 0
83 Q -503.829758846 0
83 R -506.715583273 1
83 S -503.088079943 0
83 T -504.79799754 0
83 V -466.401248775 0
83 W -501.747454384 0
83 Y -490.690376065 0
84 A -503.789565517 0
84 C -501.491167342 0
84 D -505.657808174 0
84 E -505.112454192 1
84 F -502.405552596 0
84 G -502.623493558 0
84 H -503.602396224 0
84 I -504.464600094 0
84 K -504.094715094 0
84 L -504.735886342 0
84 M -503.02792264 0
84 N -503.575660157 0
84 P -247.124789828 0
84 Q -503.412713596 0
84 R -504.879889165 0
84 S -503.598466498 0
84 T -503.496711616 0
84 V -503.247224282 0
84 W -503.139751176 0
84 Y -502.275684017 0
85 A -504.666085751 0
85 C -502.015699453 0
85 D -504.095968449 0
85 E -505.476262046 0
85 F -501.612597868 0
85 G -502.988801391 0
85 H -503.985072632 0
85 I -505.795474006 0
85 K -505.426592808 0
85 L -505.416941774 0
85 M -503.74222692 0
85 N -504.095216083 0
85 P -237.415238522 0
85 Q -504.243240395 0
85 R -504.271535821 0
85 S -504.206438792 0
85 T -505.09057824 1
85 V -504.268251229 0
85 W -503.109467254 0
85 Y -501.464480912 0
86 A -500.101256442 0
86 C -498.792294074 0
86 D -495.434890184 0
86 E -497.028781827 0
86 F -484.911055158 0
86 G -496.633187268 0
86 H -494.442681952 0
86 I -505.330340223 1
86 K -481.580726265 0
86 L -499.47157681 0
86 M -501.912058839 0
86 N -498.233084446 0
86 P -322.924974655 0
86 Q -498.318338083 0
86 R -454.68289937 0
86 S -498.237211901 0
86 T -499.771479529 0
86 V -501.291891925 0
86 W -479.695719461 0
86 Y -482.091157429 0
87 A -501.616182366 0
87 C -500.630906756 0
87 D -501.500920989 0
87 E -503.296029803 0
87 F -501.626248536 0
87 G -499.310121222 0
87 H -501.678950555 0
87 I -503.748925404 0
87 K -501.306275806 0
87 L -502.847024924 0
87 M -499.750756194 0
87 N -506.394154045 1
87 P -297.261208263 0
87 Q -500.023563435 0
87 R -501.499121977 0
87 S -500.424282755 0
87 T -501.398238278 0
87 V -503.405339222 0
87 W -502.003810669 0
87 Y -500.999372403 0
88 A -507.365103278 0
88 C -504.991949711 0
88 D -508.008842927 0
88 E -507.581701554 0
88 F -504.761328891 0
88 G -506.194129275 1
88 H -507.312174059 0
88 I -506.421839817 0
88 K -507.658740821 0
88 L -507.182743441 0
88 M -505.773542006 0
88 N -506.357818839 0
88 P -203.382772325 0
88 Q -505.895304216 0
88 R -508.547159264 0
88 S -507.18796902 0
88 T -507.130202642 0
88 V -501.352407974 0
88 W -508.197183244 0
88 Y -506.505843753 0
89 A -503.119344709 0
89 C -496.697534682 0
89 D -501.467583129 0
89 E -497.703872216 0
89 F -497.81166595 0
89 G -499.085396765 0
89 H -499.319087014 0
89 I -499.57643435 0
89 K -501.964658593 0
89 L -500.777037543 0
89 M -500.738937329 0
89 N -499.956792054 0
89 P -298.599378911 0
89 Q -500.46722392 0
89 R -507.169845296 1
89 S -500.372252746 0
89 T -496.132067282 0
89 V -496.918371003 0
89 W -499.570209986 0
89 Y -497.02470476 0
90 A -498.254081532 0
90 C -500.434569918 0
90 D -502.906007627 0
90 E -502.068215412 0
90 F -511.45182275 1
90 G -494.982453109 0
90 H -505.570971158 0
90 I -487.197775804 0
90 K -500.087646699 0
90 L -502.888621108 0
90 M -505.591610195 0
90 N -504.090394393 0
90 P -215.550918233 0
90 Q -501.58174145 0
90 R -496.042942196 0
90 S -499.578622885 0
90 T -501.05493512 0
90 V -497.150195318 0
90 W -437.974768454 0
90 Y -508.954702653 0
91 A -506.417886595 0
91 C -503.852815782 0
91 D -506.576907704 0
91 E -507.780558454 0
91 F -505.092005945 0
91 G -505.041109654 0
91 H -506.520798749 0
91 I -505.385024988 0
91 K -507.508884456 0
91 L -507.723018664 0
91 M -506.441112245 0
91 N -506.915849778 0
91 P -284.532962906 0
91 Q -508.434508219 1
91 R -508.378281242 0
91 S -505.981822023 0
91 T -505.608136339 0
91 V -505.343396855 0
91 W -505.734048245 0
91 Y -505.287179718 0
92 A -505.02040676 0
92 C -502.385179325 0
92 D -503.727390405 0
92 E -504.788814644 0
92 F -502.659813144 0
92 G -503.141144295 0
92 H -504.83195191 0
92 I -504.019170407 0
92 K -505.912087687 0
92 L -505.768392413 0
92 M -505.540483498 0
92 N -504.109376628 0
92 P -204.384960712 0
92 Q -503.369196958 0
92 R -504.987490295 1
92 S -504.280145806 0
92 T -505.135122424 0
92 V -500.160823452 0
92 W -505.454206791 0
92 Y -500.693543073 0
93 A -500.034336792 0
93 C -499.627107686 0
93 D -496.792104476 0
93 E -497.029916141 0
93 F -452.933185191 0
93 G -495.889320014 0
93 H -483.09179342 0
93 I -506.45856002 1
93 K -480.827313931 0
93 L -491.355627332 0
93 M -489.893485621 0
93 N -499.938361259 0
93 P -258.591119108 0
93 Q -496.227978843 0
93 R -480.241874427 0
93 S -498.416633949 0
93 T -499.96313929 0
93 V -503.364230824 0
93 W 235.445985136 0
93 Y -452.845559296 0
94 A -503.109254021 0
94 C -504.417209023 0
94 D -500.730965399 0
94 E -505.295793674 0
94 F -503.025583853 0
94 G -500.992060661 0
94 H -504.402650066 0
94 I -506.966674285 0
94 K -508.193790204 1
94 L -508.940198157 0
94 M -506.344507592 0
94 N -504.989975778 0
94 P -235.050802956 0
94 Q -505.345053586 0
94 R -507.095253749 0
94 S -502.151739926 0
94 T -504.492319341 0
94 V -506.751139228 0
94 W -504.649937674 0
94 Y -503.245283161 0
95 A -505.885229776 0
95 C -503.560017039 0
95 D -507.284933829 0
95 E -507.424296261 0
95 F -504.462669069 0
95 G -504.543950785 0
95 H -505.736495592 0
95 I -506.264868436 0
95 K -506.772378169 0
95 L -506.659124785 0
95 M -505.75610316 0
95 N -505.895897903 0
95 P -270.550094502 0
95 Q -505.189868969 0
95 R -506.868979596 0
95 S -505.407084731 1
95 T -505.512940035 0
95 V -505.991113809 0
95 W -505.635907237 0
95 Y -504.301427219 0
96 A -503.98073242 0
96 C -502.665381603 0
96 D -503.833382839 0
96 E -503.062744566 0
96 F -500.596103018 0
96 G -501.473338348 0
96 H -500.440533509 0
96 I -498.606268257 0
96 K -503.249091709 0
96 L -507.522654708 0
96 M -508.022295176 1
96 N -503.822274908 0
96 P -215.08004292 0
96 Q -504.990040313 0
96 R -504.274590061 0
96 S -502.610941854 0
96 T -500.050194592 0
96 V -500.455931281 0
96 W -502.290656815 0
96 Y -499.218885531 0
97 A -508.469038934 1
97 C -491.505920646 0
97 D -491.221792349 0
97 E -459.893160946 0
97 F -440.743107757 0
97 G -504.145293749 0
97 H -473.901514005 0
97 I -461.347494689 0
97 K -481.068912398 0
97 L -500.003216605 0
97 M -462.751471158 0
97 N -491.650488853 0
97 P -195.890402883 0
97 Q -371.026268222 0
97 R -476.42979193 0
97 S -505.028140405 0
97 T -475.223833104 0
97 V -465.943136191 0
97 W -102.242218892 0
97 Y -440.834661366 0
98 A -507.663983986 1
98 C -505.191479919 0
98 D -508.567426712 0
98 E -508.267243681 0
98 F -505.862572929 0
98 G -506.095927754 0
98 H -507.121697829 0
98 I -507.173321273 0
98 K -508.12385889 0
98 L -508.914637152 0
98 M -507.098144096 0
98 N -508.019900991 0
98 P -249.625484067 0
98 Q -506.544708184 0
98 R -508.152716805 0
98 S -507.051605851 0
98 T -507.266231814 0
98 V -507.349030649 0
98 W -507.235337784 0
98 Y -505.686345556 0
99 A -506.387536614 1
99 C -503.761337549 0
99 D -508.174716979 0
99 E -506.361663735 0
99 F -503.878038386 0
99 G -504.789301257 0
99 H -505.771432553 0
99 I -506.644481119 0
99 K -507.022264782 0
99 L -506.974658393 0
99 M -505.1737375 0
99 N -506.119241811 0
99 P -241.418641635 0
99 Q -505.589745682 0
99 R -506.511676574 0
99 S -505.53188287 0
99 T -506.365101146 0
99 V -505.786539322 0
99 W -505.005367279 0
99 Y -504.010672459 0
100 A -503.297360595 0
100 C -501.205259746 0
100 D -500.397388395 0
100 E -500.962750843 0
100 F -498.971103484 0
100 G -500.625574873 0
100 H -507.881674708 0
100 I -504.428520411 0
100 K -503.932656828 0
100 L -506.384876349 0
100 M -506.203332571 0
100 N -504.13753357 0
100 P -274.696972127 0
100 Q -504.831926613 0
100 R -510.259277765 1
100 S -501.575318813 0
100 T -503.527766452 0
100 V -505.598504105 0
100 W -503.128861222 0
100 Y -501.917743004 0
101 A -506.998318342 0
101 C -503.104180435 0
101 D -504.209765534 0
101 E -505.593152271 0
101 F -505.178609382 0
101 G -506.014578217 0
101 H -506.94904652 0
101 I -469.56873184 0
101 K -505.699600193 0
101 L -507.348598707 0
101 M -503.757819971 0
101 N -504.772266991 0
101 P -177.325727022 0
101 Q -503.212902052 0
101 R -506.638121234 1
101 S -505.165962152 0
101 T -505.285840816 0
101 V -466.015223511 0
101 W -512.76403322 0
101 Y -504.473998724 0
102 A -506.894607695 1
102 C -504.21056374 0
102 D -506.010223779 0
102 E -507.717576362 0
102 F -505.858015013 0
102 G -505.481053605 0
102 H -506.703691719 0
102 I -506.816934737 0
102 K -507.663971348 0
102 L -507.401888111 0
102 M -506.343652763 0
102 N -506.584678446 0
102 P -244.79541671 0
102 Q -506.068096172 0
102 R -508.336063713 0
102 S -506.304943401 0
102 T -506.534801198 0
102 V -505.952547816 0
102 W -505.551422375 0
102 Y -505.879090185 0
103 A -505.598945013 0
103 C -503.024512066 0
103 D -504.000012064 0
103 E -506.039167647 0
103 F -505.279863078 0
103 G -503.135077017 0
103 H -506.32048957 0
103 I -495.932589628 0
103 K -508.087668741 1
103 L -505.225884395 0
103 M -503.425867034 0
103 N -506.190371083 0
103 P -349.464358905 0
103 Q -505.649352585 0
103 R -506.371707935 0
103 S -503.552645899 0
103 T -502.055798965 0
103 V -489.718650282 0
103 W -506.705255588 0
103 Y -505.321324577 0
104 A -499.786423356 0
104 C -499.198373062 0
104 D -497.41230483 0
104 E -499.150023218 0
104 F -487.710980504 0
104 G -497.007491406 0
104 H -494.479027157 0
104 I -495.663590877 0
104 K -480.639051442 0
104 L -509.327160352 1
104 M -488.500775721 0
104 N -499.380967838 0
104 P -275.338057984 0
104 Q -499.492553329 0
104 R -459.348667655 0
104 S -498.543906758 0
104 T -498.799255632 0
104 V -493.463211946 0
104 W -358.324817463 0
104 Y -488.306556004 0
105 A -509.112249261 0
105 C -506.861372124 0
105 D -508.739903456 0
105 E -511.3429827 0
105 F -506.156032416 0
105 G -507.384791575 0
105 H -508.075455769 0
105 I -508.299476843 0
105 K -508.244036965 0
105 L -511.360586186 0
105 M -508.544380492 0
105 N -508.921027847 1
105 P -236.842824928 0
105 Q -507.740172668 0
105 R -508.729780779 0
105 S -507.659116331 0
105 T -508.293730511 0
105 V -507.617593959 0
105 W -507.219259067 0
105 Y -506.618553787 0
106 A -506.071132794 0
106 C -503.543778479 0
106 D -505.623690852 0
106 E -510.99841476 1
106 F -504.383070255 0
106 G -500.776170901 0
106 H -505.489858354 0
106 I -507.535163098 0
106 K -504.764293289 0
106 L -508.81935874 0
106 M -506.64821297 0
106 N -504.358620023 0
106 P -242.948564855 0
106 Q -506.590322849 0
106 R -504.60312905 0
106 S -505.870152376 0
106 T -506.825668307 0
106 V -505.633383277 0
106 W -506.293145284 0
106 Y -504.995054569 0
107 A -510.596202497 0
107 C -491.394250241 0
107 D -496.958243732 0
107 E -441.020705804 0
107 F -453.347327996 0
107 G -506.085254605 0
107 H -490.22818389 0
107 I -413.78747714 0
107 K -465.592359823 0
107 L -436.33011206 0
107 M -448.972213465 0
107 N -500.661246302 0
107 P -233.595558466 0
107 Q -452.597992538 0
107 R -453.062222898 0
107 S -509.504263498 1
107 T -466.408263709 0
107 V -416.875874989 0
107 W -473.068605538 0
107 Y -449.532732865 0
108 A -507.939005481 0
108 C -504.941525149 0
108 D -504.467669587 0
108 E -507.692694781 0
108 F -508.72353808 0
108 G -505.14290745 0
108 H -509.223916367 1
108 I -464.058279753 0
108 K -508.317750063 0
108 L -507.75909531 0
108 M -507.047147477 0
108 N -505.792780914 0
108 P -235.944360429 0
108 Q -507.870957146 0
108 R -508.004683744 0
108 S -507.040146627 0
108 T -505.372730471 0
108 V -461.656869903 0
108 W -511.682764233 0
108 Y -508.145995933 0
109 A -507.415418311 0
109 C -504.371082108 0
109 D -506.391787971 0
109 E -508.059263049 0
109 F -504.970547967 0
109 G -505.543430701 0
109 H -506.14186509 0
109 I -507.214500853 0
109 K -508.037879917 0
109 L -507.794274663 0
109 M -506.865025881 0
109 N -506.527593825 0
109 P -266.603897432 0
109 Q -506.252851938 0
109 R -508.142171452 1
109 S -506.539298701 0
109 T -507.094875974 0
109 V -506.964871919 0
109 W -505.027496783 0
109 Y -505.154433454 0
110 A -505.816394832 0
110 C -500.76311948 0
110 D -499.826541536 0
110 E -501.641109904 0
110 F -505.42564652 0
110 G -503.158672297 0
110 H -506.85578424 0
110 I -509.347495028 0
110 K -505.796080775 0
110 L -511.50663012 1
110 M -508.312471897 0
110 N -505.497051956 0
110 P -250.289219293 0
110 Q -505.098105604 0
110 R -506.159969829 0
110 S -501.026546687 0
110 T -507.309292019 0
110 V -508.243779242 0
110 W -475.242070896 0
110 Y -495.541655565 0
111 A -508.195116448 0
111 C -510.573506987 0
111 D -508.68434373 0
111 E -514.68786618 0
111 F -504.471822755 0
111 G -504.172526436 0
111 H -512.396103795 1
111 I -492.0813645 0
111 K -514.096329613 0
111 L -508.543816331 0
111 M -514.560813199 0
111 N -512.058008565 0
111 P -332.035939394 0
111 Q -515.305761475 0
111 R -513.994201302 0
111 S -510.135285009 0
111 T -509.817691 0
111 V -489.757788606 0
111 W -509.334843155 0
111 Y -499.446553087 0
112 A -510.066986724 0
112 C -508.824330801 0
112 D -508.816700645 0
112 E -509.290507823 0
112 F -503.786036989 0
112 G -507.570336256 0
112 H -508.778824844 0
112 I -483.855785851 0
112 K -510.961501573 0
112 L -510.617645615 0
112 M -507.776795971 0
112 N -507.865190164 0
112 P -174.656127865 0
112 Q -507.800827127 1
112 R -509.588095521 0
112 S -508.258951859 0
112 T -509.215086847 0
112 V -508.506580423 0
112 W -505.126252342 0
112 Y -507.216426851 0
113 A -502.413747305 0
113 C -500.147328288 0
113 D -500.790392693 0
113 E -501.745556836 0
113 F -512.088542274 1
113 G -498.894199043 0
113 H -506.355672466 0
113 I -496.024796818 0
113 K -495.881959613 0
113 L -500.114069093 0
113 M -504.074222601 0
113 N -499.309585807 0
113 P -216.764577008 0
113 Q -502.585162782 0
113 R -498.259032566 0
113 S -501.10652515 0
113 T -502.321658006 0
113 V -498.483275147 0
113 W -503.2472745 0
113 Y -509.465542915 0
114 A -505.455633525 0
114 C -503.27802562 0
114 D -504.63233297 0
114 E -504.155956059 0
114 F -511.234935319 1
114 G -502.524288943 0
114 H -507.61095986 0
114 I -504.394356964 0
114 K -506.061357325 0
114 L -509.400030307 0
114 M -506.498656293 0
114 N -506.167267649 0
114 P -274.674051533 0
114 Q -508.009354721 0
114 R -504.990737808 0
114 S -504.078391342 0
114 T -501.076841186 0
114 V -507.004957008 0
114 W -505.785967755 0
114 Y -506.938820213 0
115 A -507.828861607 0
115 C -505.358804002 0
115 D -506.342664925 0
115 E -507.267902991 0
115 F -504.994109535 0
115 G -505.547475492 0
115 H -507.114864062 0
115 I -506.625143174 0
115 K -508.812070623 0
115 L -508.142414928 0
115 M -506.973323081 0
115 N -506.334117982 0
115 P -239.372099168 0
115 Q -506.280559597 0
115 R -513.318238223 1
115 S -506.504648983 0
115 T -506.626799853 0
115 V -507.701739148 0
115 W -504.842425245 0
115 Y -505.115862781 0
116 A -507.219481835 0
116 C -504.826652783 0
116 D -509.227917429 1
116 E -508.864450475 0
116 F -506.502750634 0
116 G -505.548423657 0
116 H -507.253117143 0
116 I -507.6369654 0
116 K -507.617735257 0
116 L -508.126607207 0
116 M -507.752615043 0
116 N -507.516726084 0
116 P -209.140984987 0
116 Q -506.643408578 0
116 R -507.231551486 0
116 S -506.285920468 0
116 T -506.464606317 0
116 V -506.919591903 0
116 W -507.236144136 0
116 Y -506.313997125 0
117 A -502.407402846 0
117 C -501.965550916 0
117 D -497.660092882 0
117 E -499.219584304 0
117 F -487.093913709 0
117 G -499.446746345 0
117 H -493.951261069 0
117 I -504.414924717 0
117 K -494.786005597 0
117 L -501.114580724 0
117 M -507.666437452 1
117 N -500.442951744 0
117 P -237.353920357 0
117 Q -502.918016174 0
117 R -493.758406248 0
117 S -500.648199142 0
117 T -503.533950974 0
117 V -504.981558412 0
117 W -322.223009758 0
117 Y -459.487372318 0
118 A -507.626334854 0
118 C -505.016066233 0
118 D -507.918401681 1
118 E -508.570138555 0
118 F -505.480172804 0
118 G -506.127934623 0
118 H -506.80157694 0
118 I -505.984872972 0
118 K -507.423287839 0
118 L -506.855099694 0
118 M -506.025932323 0
118 N -506.155941122 0
118 P -128.475592384 0
118 Q -505.441657131 0
118 R -506.690622472 0
118 S -506.312234248 0
118 T -506.763386299 0
118 V -504.793815515 0
118 W -507.393263265 0
118 Y -505.198478978 0
119 A -506.222462517 0
119 C -503.502370276 0
119 D -506.12474822 1
119 E -506.974097268 0
119 F -504.563799209 0
119 G -504.963492851 0
119 H -504.333497605 0
119 I -505.827191345 0
119 K -507.140564144 0
119 L -506.694780728 0
119 M -505.377851554 0
119 N -505.92642372 0
119 P -251.442460813 0
119 Q -505.170433392 0
119 R -506.514364069 0
119 S -505.715030237 0
119 T -505.6812552 0
119 V -505.912341346 0
119 W -506.710840684 0
119 Y -504.331288985 0
120 A -506.843466511 0
120 C -504.400217163 0
120 D -505.272380784 0
120 E -508.891079939 1
120 F -507.916863792 0
120 G -503.730763377 0
120 H -508.484189171 0
120 I -507.388755223 0
120 K -505.189275538 0
120 L -506.251114535 0
120 M -506.289115283 0
120 N -505.599394473 0
120 P -377.705939874 0
120 Q -507.523556638 0
120 R -506.038125817 0
120 S -505.247745292 0
120 T -506.480048746 0
120 V -507.21980284 0
120 W -505.214033815 0
120 Y -508.291534393 0
121 A -505.402278907 0
121 C -506.015500051 0
121 D -507.436376583 0
121 E -510.183344152 1
121 F -448.133152194 0
121 G -502.483105597 0
121 H -503.400922501 0
121 I -509.675408303 0
121 K -506.162399359 0
121 L -512.744721474 0
121 M -508.308314626 0
121 N -508.373260738 0
121 P -259.424632165 0
121 Q -506.537308302 0
121 R -506.947163477 0
121 S -506.520572277 0
121 T -507.458063678 0
121 V -508.711031995 0
121 W -503.038349105 0
121 Y -445.425280318 0
122 A -510.510014595 0
122 C -508.088574172 0
122 D -509.538351574 0
122 E -510.937087931 0
122 F -508.085220664 0
122 G -509.017659688 0
122 H -509.737892269 0
122 I -510.349807156 0
122 K -511.273761177 0
122 L -510.80848591 0
122 M -509.263203931 0
122 N -510.035505283 0
122 P -182.066735158 0
122 Q -509.796696352 0
122 R -511.62661341 0
122 S -509.793406822 1
122 T -510.521375185 0
122 V -509.020364811 0
122 W -508.415550583 0
122 Y -507.914942397 0
123 A -503.107352032 0
123 C -500.699832538 0
123 D -502.774503746 0
123 E -503.54173229 0
123 F -508.351623085 0
123 G -501.190268249 0
123 H -506.224691731 0
123 I -504.928257724 0
123 K -504.047918517 0
123 L -504.602187342 0
123 M -502.096941387 0
123 N -502.13610002 0
123 P -250.611689974 0
123 Q -500.85970413 0
123 R -503.941010202 0
123 S -502.996109772 0
123 T -503.742870314 0
123 V -503.842463321 0
123 W -513.828096083 1
123 Y -507.016721956 0
124 A -505.688079624 0
124 C -505.135147778 0
124 D -505.626317882 0
124 E -505.298954589 0
124 F -305.178596522 0
124 G -502.330571127 0
124 H -498.732639409 0
124 I -512.520051428 1
124 K -499.899821947 0
124 L -504.741295242 0
124 M -510.005478308 0
124 N -507.347610769 0
124 P -268.381296815 0
124 Q -505.979715085 0
124 R -499.826478755 0
124 S -504.235572585 0
124 T -507.069992055 0
124 V -509.12645057 0
124 W -445.224418401 0
124 Y -309.20726031 0
125 A -510.466881337 0
125 C -508.720692601 0
125 D -510.424403395 0
125 E -511.232466618 0
125 F -510.864351773 0
125 G -508.882438156 0
125 H -511.376696489 0
125 I -511.443649131 0
125 K -511.981363947 1
125 L -511.817393675 0
125 M -510.08538045 0
125 N -510.990467037 0
125 P -184.151948116 0
125 Q -510.038903975 0
125 R -511.318066429 0
125 S -509.723464062 0
125 T -511.330244016 0
125 V -509.54493477 0
125 W -510.24841851 0
125 Y -510.579364116 0
126 A -510.86107373 0
126 C -508.161602148 0
126 D -510.460060173 0
126 E -511.797361077 1
126 F -510.418421682 0
126 G -509.487298801 0
126 H -509.883868198 0
126 I -510.920571246 0
126 K -511.599467996 0
126 L -511.583623975 0
126 M -510.715606953 0
126 N -510.353291072 0
126 P -255.353084591 0
126 Q -510.068352187 0
126 R -511.268507067 0
126 S -510.45370997 0
126 T -510.741155599 0
126 V -510.595199866 0
126 W -509.58353387 0
126 Y -510.331583429 0
127 A -507.96748036 0
127 C -506.621980509 0
127 D -506.339437335 0
127 E -509.777592654 0
127 F -513.269498319 0
127 G -503.393786167 0
127 H -510.133288896 0
127 I -508.851612656 0
127 K -512.61981039 1
127 L -513.04415758 0
127 M -511.875082515 0
127 N -509.694174493 0
127 P -391.293363115 0
127 Q -511.23638018 0
127 R -511.341093741 0
127 S -505.990609289 0
127 T -504.789105344 0
127 V -505.857428161 0
127 W -476.5998391 0
127 Y -513.104202811 0
128 A -510.357342949 0
128 C -510.502203316 0
128 D -507.724341276 0
128 E -511.488015162 0
128 F -512.423074758 0
128 G -507.342105947 0
128 H -510.497661986 0
128 I -511.213924062 0
128 K -512.810373111 1
128 L -510.665150863 0
128 M -512.443754984 0
128 N -508.272231033 0
128 P -127.346968081 0
128 Q -510.432978349 0
128 R -511.077564421 0
128 S -508.81863144 0
128 T -510.900314622 0
128 V -507.24867254 0
128 W -512.312914537 0
128 Y -511.49958613 0
129 A -510.254984803 0
129 C -507.538161909 0
129 D -511.271547972 0
129 E -510.878187713 0
129 F -508.825983607 0
129 G -508.917193576 0
129 H -509.925659465 0
129 I -509.948970863 0
129 K -510.402487774 0
129 L -510.651210286 1
129 M -509.444373366 0
129 N -509.827055403 0
129 P -259.55837481 0
129 Q -509.216761883 0
129 R -509.815627735 0
129 S -509.879083696 0
129 T -509.820175711 0
129 V -509.348778243 0
129 W -510.155057419 0
129 Y -508.629284984 0
130 A -509.823127779 0
130 C -506.792843885 0
130 D -509.58200344 0
130 E -511.304782476 0
130 F -507.344051003 0
130 G -507.478176354 0
130 H -508.917441277 0
130 I -509.958159473 0
130 K -509.112728284 0
130 L -511.18311026 1
130 M -509.849733403 0
130 N -508.783815953 0
130 P -330.319383837 0
130 Q -509.605907353 0
130 R -512.290392472 0
130 S -508.718313496 0
130 T -509.081918394 0
130 V -509.595200194 0
130 W -507.503517139 0
130 Y -507.595959441 0
131 A -508.752597638 0
131 C -507.087497679 0
131 D -506.269969102 0
131 E -500.962338542 0
131 F -345.718267056 0
131 G -504.678945697 0
131 H -430.74978514 0
131 I -506.951987261 0
131 K -467.071093686 0
131 L -504.564225828 0
131 M -505.28549568 0
131 N -506.252817976 0
131 P -407.892844447 0
131 Q -498.834005057 0
131 R -502.702825987 0
131 S -506.973508232 0
131 T -508.146733864 0
131 V -510.446426752 1
131 W -452.592371798 0
131 Y -354.966454682 0
132 A -507.705874001 0
132 C -501.116982496 0
132 D -480.098154999 0
132 E -471.107009946 0
132 F -504.927257048 0
132 G -506.755624752 0
132 H -503.973921879 0
132 I -477.695826669 0
132 K -504.284687133 0
132 L -508.06506802 0
132 M -508.062964925 0
132 N -505.290767298 0
132 P -118.615791739 0
132 Q -504.727214492 0
132 R -505.746191852 0
132 S -509.084124456 1
132 T -505.367411738 0
132 V -468.889117861 0
132 W -48.5121626104 0
132 Y -505.490833898 0
133 A -506.523148106 0
133 C -502.626887829 0
133 D -504.503352299 0
133 E -504.004970624 0
133 F -501.013681817 0
133 G -502.908108635 0
133 H -502.678120656 0
133 I -496.804516703 0
133 K -506.726856783 0
133 L -504.196863302 0
133 M -503.751076826 0
133 N -503.533766985 0
133 P -353.541836648 0
133 Q -502.498831718 0
133 R -507.381590955 0
133 S -507.132896603 1
133 T -498.791538844 0
133 V -496.649076658 0
133 W -505.541286599 0
133 Y -501.087192525 0
134 A -502.359365147 0
134 C -501.618333247 0
134 D -505.143426618 0
134 E -506.765520888 1
134 F -502.337511259 0
134 G -501.998641154 0
134 H -504.030123753 0
134 I -503.332189649 0
134 K -504.343206816 0
134 L -504.991425311 0
134 M -503.983112165 0
134 N -504.865318816 0
134 P -498.960553186 0
134 Q -506.614312474 0
134 R -504.269318942 0
134 S -504.259131343 0
134 T -504.992418638 0
134 V -503.140988821 0
134 W -502.208399214 0
134 Y -502.717938235 0
135 A -497.366495974 0
135 C -496.628246414 0
135 D -504.261944465 1
135 E -500.085274352 0
135 F -498.886336312 0
135 G -494.547656108 0
135 H -499.000987322 0
135 I -499.340728075 0
135 K -499.060873371 0
135 L -499.733519646 0
135 M -497.63240252 0
135 N -502.233580267 0
135 P -461.922270092 0
135 Q -497.361892637 0
135 R -498.332963162 0
135 S -498.662767269 0
135 T -497.308206935 0
135 V -499.132837374 0
135 W -497.784272808 0
135 Y -497.596896233 0
136 A -499.104256051 0
136 C -499.467088708 0
136 D -501.753032934 0
136 E -500.670448271 0
136 F -502.501433746 0
136 G -498.482627914 0
136 H -504.842613311 0
136 I -500.722443017 0
136 K -499.115652646 0
136 L -505.189176116 0
136 M -501.050883189 0
136 N -502.543513531 0
136 P -488.296977429 0
136 Q -498.712220543 0
136 R -499.809489675 0
136 S -500.962804303 0
136 T -504.372820751 0
136 V -501.939112195 0
136 W -498.793143296 0
136 Y -506.439604165 1
137 A -476.918378244 0
137 C -121.482292048 0
137 D -127.541557373 0
137 E 218.426559795 0
137 F 271.779947007 0
137 G -503.816510899 1
137 H 168.279853374 0
137 I 113.140898174 0
137 K -339.98233565 0
137 L 839.411187983 0
137 M -333.750683715 0
137 N -138.337578067 0
137 P -416.482284257 0
137 Q 129.968969437 0
137 R 190.529517048 0
137 S -473.635073534 0
137 T -214.424726542 0
137 V -111.51377782 0
137 W 563.559672787 0
137 Y 562.030211305 0
138 A -502.139806183 0
138 C -500.298695942 0
138 D -504.063150202 0
138 E -504.214317423 0
138 F -500.85124993 0
138 G -501.350057591 0
138 H -502.686690534 0
138 I -500.893492275 0
138 K -503.616703669 0
138 L -503.239947744 0
138 M -502.276116773 0
138 N -502.870323539 0
138 P -499.566317765 0
138 Q -502.490627435 0
138 R -504.2484047 1
138 S -503.445856538 0
138 T -502.865479543 0
138 V -501.335527084 0
138 W -501.489228049 0
138 Y -500.902753841 0
139 A -500.119737727 0
139 C -500.86408638 0
139 D -509.265599446 1
139 E -503.51758661 0
139 F -497.154068703 0
139 G -501.501972869 0
139 H -500.360961647 0
139 I -498.623018154 0
139 K -498.465783852 0
139 L -498.136883732 0
139 M -498.763486687 0
139 N -505.289232302 0
139 P -467.358279454 0
139 Q -499.905721168 0
139 R -498.810893203 0
139 S -503.42567494 0
139 T -503.977276641 0
139 V -499.745619662 0
139 W -497.942602448 0
139 Y -497.192531429 0
140 A -510.126460675 0
140 C -506.936124776 0
140 D -511.642236899 0
140 E -513.617670964 0
140 F -509.876116312 0
140 G -509.465038425 0
140 H -511.314165347 0
140 I -511.499195997 0
140 K -511.205864059 0
140 L -512.68828471 1
140 M -509.753452368 0
140 N -509.959713664 0
140 P -501.160254268 0
140 Q -509.79998001 0
140 R -510.766444597 0
140 S -510.853766506 0
140 T -511.657860454 0
140 V -511.326231327 0
140 W -511.408935209 0
140 Y -510.434542335 0
141 A -511.912771913 0
141 C -508.788048475 0
141 D -512.578485748 0
141 E -513.292334627 0
141 F -510.203123185 0
141 G -510.832629587 0
141 H -511.875707761 0
141 I -512.147766509 0
141 K -512.913147196 0
141 L -512.795292125 0
141 M -511.122348663 0
141 N -511.588917671 0
141 P -506.952167032 0
141 Q -510.626022753 0
141 R -512.948636902 0
141 S -512.378274247 0
141 T -512.335472933 1
141 V -512.200525702 0
141 W -510.741371086 0
141 Y -510.978958512 0
142 A -514.980221459 0
142 C -510.472318407 0
142 D -507.995399807 0
142 E -508.995682109 0
142 F -508.268202536 0
142 G -512.926637221 1
142 H -496.939643561 0
142 I -499.543712059 0
142 K -509.307133151 0
142 L -374.90246093 0
142 M -511.335487978 0
142 N -502.498580142 0
142 P -470.686126948 0
142 Q -509.704960988 0
142 R -509.763209137 0
142 S -513.425802277 0
142 T -509.527862369 0
142 V -498.187978155 0
142 W -474.111520236 0
142 Y -505.163030916 0
143 A -513.276646324 0
143 C -510.420661348 0
143 D -505.206626228 0
143 E -510.742976876 0
143 F -174.389850143 0
143 G -510.901900974 0
143 H -426.530247293 0
143 I -515.460186935 0
143 K -514.951379755 0
143 L -508.099515905 0
143 M -514.63794611 0
143 N -511.631577635 0
143 P -352.279741852 0
143 Q -513.773514741 0
143 R -516.873826974 0
143 S -511.940330307 0
143 T -515.823340398 0
143 V -518.307757801 1
143 W -403.818330509 0
143 Y -158.499757239 0
144 A -516.571934569 0
144 C -515.022609894 0
144 D -516.356890309 0
144 E -516.066589996 0
144 F -513.479496671 0
144 G -514.541249166 0
144 H -514.83293629 0
144 I -514.714847134 0
144 K -515.072223148 0
144 L -516.036131854 0
144 M -514.540434145 0
144 N -516.064570266 0
144 P -209.12740891 0
144 Q -514.839262897 1
144 R -515.498537378 0
144 S -515.024888398 0
144 T -515.792826781 0
144 V -506.716492339 0
144 W -513.567373649 0
144 Y -513.578064815 0
145 A -515.646952634 0
145 C -513.760819676 0
145 D -516.499985195 0
145 E -517.43130981 0
145 F -513.723472267 0
145 G -514.497888425 0
145 H -516.086525941 0
145 I -516.619512268 0
145 K -517.52899706 0
145 L -517.570980102 0
145 M -516.232325931 0
145 N -516.69409617 1
145 P -322.277385254 0
145 Q -515.974529177 0
145 R -517.510505205 0
145 S -515.550118705 0
145 T -515.868267732 0
145 V -516.196805421 0
145 W -515.648119446 0
145 Y -513.897193083 0
146 A -511.725224583 0
146 C -509.410334583 0
146 D -509.742125802 0
146 E -514.173460344 0
146 F -511.108555619 0
146 G -507.887654394 0
146 H -513.041687795 0
146 I -508.970634789 0
146 K -512.099841983 0
146 L -516.881122863 1
146 M -510.668038234 0
146 N -511.913798019 0
146 P -375.723808813 0
146 Q -511.340533717 0
146 R -511.112785471 0
146 S -510.638871425 0
146 T -508.37575197 0
146 V -509.739033049 0
146 W -513.348152194 0
146 Y -510.637944451 0
147 A -516.942388721 0
147 C -514.262300762 0
147 D -517.984346728 0
147 E -518.352093001 0
147 F -514.315954228 0
147 G -514.583025952 0
147 H -516.922815207 0
147 I -510.238701793 0
147 K -517.101622232 0
147 L -520.276636486 0
147 M -517.964770611 0
147 N -515.668575232 0
147 P -141.434293332 0
147 Q -516.243300171 0
147 R -523.331296416 1
147 S -515.8544536 0
147 T -517.236340592 0
147 V -503.161424976 0
147 W -511.60200471 0
147 Y -513.675489608 0
148 A -519.639179349 0
148 C -517.005254785 0
148 D -519.472362195 0
148 E -520.286696843 0
148 F -517.454111625 0
148 G -518.029210361 0
148 H -518.614981065 0
148 I -518.963785557 0
148 K -521.143101863 1
148 L -520.049018034 0
148 M -519.233457062 0
148 N -519.120954684 0
148 P -339.886152978 0
148 Q -518.25245365 0
148 R -520.372824918 0
148 S -518.620011142 0
148 T -520.108789497 0
148 V -518.411491634 0
148 W -518.09397073 0
148 Y -516.899247954 0
149 A -521.84299095 0
149 C -519.089347392 0
149 D -521.317952406 0
149 E -522.732742844 0
149 F -519.507228647 0
149 G -520.048149399 0
149 H -520.084235719 0
149 I -520.999587575 0
149 K -522.05072612 1
149 L -521.709308074 0
149 M -520.437802706 0
149 N -520.630375281 0
149 P -322.072253812 0
149 Q -520.379775528 0
149 R -521.312572111 0
149 S -520.88862626 0
149 T -520.890276469 0
149 V -521.017752186 0
149 W -519.85951993 0
149 Y -520.591101921 0
150 A -512.877765859 0
150 C -510.668175438 0
150 D -512.384549906 0
150 E -514.363454045 0
150 F -513.311033999 0
150 G -510.385475535 0
150 H -516.589297476 1
150 I -502.624430893 0
150 K -509.358751443 0
150 L -513.579220644 0
150 M -514.940188086 0
150 N -512.388745187 0
150 P -224.880387636 0
150 Q -514.826686195 0
150 R -513.482086948 0
150 S -512.505890705 0
150 T -513.695146852 0
150 V -506.338806026 0
150 W -514.867551152 0
150 Y -510.0916927 0
151 A -514.930214373 0
151 C -512.125562866 0
151 D -514.340617107 0
151 E -516.060708964 0
151 F -513.179798324 0
151 G -513.542772683 0
151 H -515.602508964 0
151 I -514.723826489 0
151 K -515.528653906 1
151 L -515.878971127 0
151 M -515.025085536 0
151 N -514.389986007 0
151 P -255.256222489 0
151 Q -514.203895784 0
151 R -516.478036713 0
151 S -514.247172909 0
151 T -514.054742774 0
151 V -514.199813324 0
151 W -514.547049544 0
151 Y -513.062467164 0
152 A -515.002584727 0
152 C -511.941890836 0
152 D -515.010476109 0
152 E -516.022083533 0
152 F -513.044683177 0
152 G -513.752937383 0
152 H -514.327912877 0
152 I -515.332495773 0
152 K -515.777193975 0
152 L -515.464340524 0
152 M -514.625681015 0
152 N -514.50684046 0
152 P -335.088198156 0
152 Q -514.107329945 0
152 R -515.140798255 1
152 S -514.507940281 0
152 T -515.117745866 0
152 V -515.344185894 0
152 W -513.666478516 0
152 Y -513.087949874 0
153 A -510.449908857 0
153 C -511.448351301 0
153 D -511.443524234 0
153 E -514.128505013 0
153 F -512.265536276 0
153 G -508.468922256 0
153 H -514.452874652 0
153 I -517.03248284 0
153 K -511.381819201 0
153 L -519.150197792 1
153 M -515.745024692 0
153 N -513.177447123 0
153 P -225.472920902 0
153 Q -514.12481945 0
153 R -516.233043511 0
153 S -512.693519002 0
153 T -514.961852535 0
153 V -515.626447672 0
153 W -518.028788144 0
153 Y -512.057311936 0
154 A -512.822626132 0
154 C -511.163907073 0
154 D -511.915404516 0
154 E -514.162262482 1
154 F -510.96854973 0
154 G -510.675290332 0
154 H -511.146943792 0
154 I -514.537789445 0
154 K -512.604595375 0
154 L -516.825845566 0
154 M -515.036010953 0
154 N -511.66351514 0
154 P -234.115774752 0
154 Q -512.557452296 0
154 R -511.967120866 0
154 S -511.752536879 0
154 T -511.946714328 0
154 V -513.946144364 0
154 W -514.081641053 0
154 Y -510.920767928 0
155 A -511.800413825 1
155 C -508.994841148 0
155 D -513.607715532 0
155 E -513.233636932 0
155 F -509.98004888 0
155 G -510.334297454 0
155 H -511.234496734 0
155 I -511.44751876 0
155 K -512.228332453 0
155 L -512.41129271 0
155 M -510.43343717 0
155 N -511.310525254 0
155 P -223.850850022 0
155 Q -510.783477909 0
155 R -511.760298422 0
155 S -510.848939953 0
155 T -511.423128005 0
155 V -509.915967393 0
155 W -513.079302469 0
155 Y -509.795061283 0
156 A -511.790168518 0
156 C -508.968967327 0
156 D -512.089007121 0
156 E -513.744691918 1
156 F -508.380478187 0
156 G -508.149596367 0
156 H -511.452577062 0
156 I -510.641020038 0
156 K -510.677588368 0
156 L -511.68285291 0
156 M -509.96234757 0
156 N -510.560024109 0
156 P -217.19772265 0
156 Q -512.098184667 0
156 R -509.631794016 0
156 S -509.732386074 0
156 T -510.860011387 0
156 V -510.508491155 0
156 W -509.784726195 0
156 Y -509.506376997 0
157 A -506.318435742 0
157 C -509.111801465 0
157 D -508.642044135 0
157 E -510.708807185 0
157 F -505.360422799 0
157 G -504.302571912 0
157 H -510.008395111 0
157 I -511.622790057 0
157 K -502.134485926 0
157 L -515.906385699 1
157 M -507.004217075 0
157 N -510.830016678 0
157 P -295.805054748 0
157 Q -510.108032743 0
157 R -498.676723357 0
157 S -508.042663436 0
157 T -507.974017808 0
157 V -511.177570973 0
157 W -436.455652598 0
157 Y -507.866982636 0
158 A -505.392799463 1
158 C -505.360710927 0
158 D -507.869098004 0
158 E -508.937324986 0
158 F -506.318784255 0
158 G -506.486763008 0
158 H -507.702148269 0
158 I -508.065654419 0
158 K -509.062367568 0
158 L -508.835842249 0
158 M -507.676809664 0
158 N -507.84817099 0
158 P -256.954273227 0
158 Q -506.82006663 0
158 R -510.145044269 0
158 S -507.233803015 0
158 T -507.466876566 0
158 V -507.424403175 0
158 W -507.142110973 0
158 Y -506.098267974 0
159 A -505.624948328 1
159 C -503.089965274 0
159 D -505.011478517 0
159 E -505.315345906 0
159 F -502.466487395 0
159 G -503.955169865 0
159 H -505.043783192 0
159 I -503.917549326 0
159 K -505.682094289 0
159 L -505.363891728 0
159 M -503.695705281 0
159 N -505.521787495 0
159 P -185.893518971 0
159 Q -504.010973921 0
159 R -505.463207265 0
159 S -504.318998679 0
159 T -504.375292476 0
159 V -500.184530006 0
159 W -505.61911315 0
159 Y -502.396007103 0
160 A -508.709805326 0
160 C -503.016803902 0
160 D -504.066489314 0
160 E -504.903176435 0
160 F -508.737785662 0
160 G -505.072524814 0
160 H -512.540124051 1
160 I -485.543206969 0
160 K -509.198391142 0
160 L -485.207123173 0
160 M -507.296020725 0
160 N -508.499841275 0
160 P -228.170143357 0
160 Q -507.954833803 0
160 R -507.413498409 0
160 S -506.023921622 0
160 T -507.89846274 0
160 V -481.911509874 0
160 W -509.119822824 0
160 Y -432.534788021 0
161 A -520.607150906 0
161 C -506.458383939 0
161 D -509.261126092 0
161 E -513.864962768 1
161 F -509.362269421 0
161 G -510.070598658 0
161 H -509.930580744 0
161 I -501.766315204 0
161 K -510.456476036 0
161 L -520.663980922 0
161 M -509.435206314 0
161 N -509.525434689 0
161 P -232.634213335 0
161 Q -509.372529046 0
161 R -509.515942323 0
161 S -509.157194095 0
161 T -509.724350346 0
161 V -504.857993933 0
161 W -510.880622649 0
161 Y -509.049471365 0
162 A -520.613889711 0
162 C -517.242019158 0
162 D -521.919477025 0
162 E -521.657162261 0
162 F -518.548652679 0
162 G -519.887419344 0
162 H -519.466067347 0
162 I -519.139574929 0
162 K -521.441499045 0
162 L -520.268593453 0
162 M -519.701128426 0
162 N -520.31213955 0
162 P -510.095676363 1
162 Q -520.151665803 0
162 R -520.596547575 0
162 S -520.840722725 0
162 T -519.373012806 0
162 V -519.138425428 0
162 W -520.148543327 0
162 Y -518.044539565 0
163 A -510.541507607 1
163 C -507.86163522 0
163 D -509.344213655 0
163 E -510.13230822 0
163 F -509.477945757 0
163 G -508.065211588 0
163 H -510.444933584 0
163 I -509.845270875 0
163 K -510.106224805 0
163 L -508.364549592 0
163 M -509.806101519 0
163 N -510.011827357 0
163 P -302.343068282 0
163 Q -508.407044147 0
163 R -509.365596116 0
163 S -510.111710608 0
163 T -506.623429575 0
163 V -510.804309753 0
163 W -509.248416263 0
163 Y -508.943408472 0
164 A -503.805086175 0
164 C -504.510184183 0
164 D -501.487092329 0
164 E -501.263209445 0
164 F -506.642646689 0
164 G -500.938495576 0
164 H -506.337475136 0
164 I -511.183011681 1
164 K -498.159095126 0
164 L -501.904522388 0
164 M -502.548149427 0
164 N -503.294502592 0
164 P -410.073593212 0
164 Q -503.378366773 0
164 R -502.021536726 0
164 S -502.373356917 0
164 T -503.926622997 0
164 V -508.037576388 0
164 W -506.485879377 0
164 Y -475.91740784 0
165 A -508.84502782 0
165 C -506.750372637 0
165 D -509.048729192 0
165 E -508.800896438 0
165 F -507.490198026 0
165 G -507.286566662 0
165 H -509.431908179 0
165 I -510.372584324 0
165 K -511.700283485 0
165 L -510.578272296 0
165 M -509.343832255 0
165 N -508.975687172 0
165 P -219.239308118 0
165 Q -510.285909767 1
165 R -509.783744937 0
165 S -508.313348366 0
165 T -508.930970218 0
165 V -509.912963205 0
165 W -509.166262941 0
165 Y -506.41694997 0
166 A -512.824716539 0
166 C -509.772719211 0
166 D -510.947393467 0
166 E -512.042344945 0
166 F -510.105799184 0
166 G -511.179630645 1
166 H -511.434881072 0
166 I -508.869930619 0
166 K -512.213591526 0
166 L -511.731788887 0
166 M -510.630231742 0
166 N -511.558305457 0
166 P -155.024252768 0
166 Q -510.771607219 0
166 R -512.375132851 0
166 S -511.074500026 0
166 T -511.332441265 0
166 V -503.550627339 0
166 W -511.53292866 0
166 Y -509.905923626 0
167 A -506.51630557 0
167 C -504.501402361 0
167 D -502.31944412 0
167 E -505.346186302 0
167 F -471.35006782 0
167 G -502.633578375 0
167 H -499.21775337 0
167 I -511.209321445 0
167 K -503.002440436 0
167 L -505.934627349 0
167 M -507.214800333 0
167 N -505.433388688 0
167 P -322.453562978 0
167 Q -506.44110852 0
167 R -505.547232496 0
167 S -505.505719341 0
167 T -509.318345701 0
167 V -511.564469883 1
167 W -371.171735292 0
167 Y -475.419611029 0
168 A -506.093857634 0
168 C -504.798650165 0
168 D -506.75183888 0
168 E -507.901233145 0
168 F -504.822585153 0
168 G -504.3484796 0
168 H -505.479356025 0
168 I -507.418029571 0
168 K -507.647956047 0
168 L -510.616021706 1
168 M -509.091833287 0
168 N -507.838753981 0
168 P -273.937912382 0
168 Q -506.384516023 0
168 R -507.567565728 0
168 S -505.596144891 0
168 T -505.210141235 0
168 V -506.767288847 0
168 W -506.939165676 0
168 Y -504.799516673 0
169 A -509.419780474 0
169 C -507.42989415 0
169 D -510.782382475 1
169 E -511.000899641 0
169 F -507.145979016 0
169 G -508.024516445 0
169 H -508.609114504 0
169 I -510.676548385 0
169 K -509.509910466 0
169 L -510.540461885 0
169 M -508.851934923 0
169 N -509.791409441 0
169 P -191.757660856 0
169 Q -508.260807306 0
169 R -510.51475358 0
169 S -508.990301639 0
169 T -509.799464252 0
169 V -509.861705898 0
169 W -507.246652884 0
169 Y -506.986060924 0
170 A -510.385562484 0
170 C -507.940417713 0
170 D -509.485255009 0
170 E -514.69886845 0
170 F -506.099925111 0
170 G -508.353382423 0
170 H -513.480670504 0
170 I -511.316453957 0
170 K -510.716963232 0
170 L -509.86564572 0
170 M -509.92503193 0
170 N -509.852196367 0
170 P -213.928655706 0
170 Q -512.094235417 0
170 R -511.830297073 0
170 S -509.549944685 0
170 T -512.023470294 1
170 V -507.599991179 0
170 W -508.350797386 0
170 Y -506.112718944 0
171 A -504.032183396 0
171 C -469.301545501 0
171 D -309.458619707 0
171 E -475.171850451 0
171 F -429.516110548 0
171 G -507.541709465 1
171 H -456.09469253 0
171 I -435.134395601 0
171 K -441.856857822 0
171 L -459.486778393 0
171 M -402.863078418 0
171 N -204.976358954 0
171 P -121.096214427 0
171 Q -486.856883328 0
171 R -430.211405931 0
171 S -496.526096308 0
171 T -464.059708473 0
171 V -371.191454065 0
171 W 81.6440074271 0
171 Y -418.709371709 0
172 A -503.693916832 0
172 C -501.128873072 0
172 D -502.94579265 0
172 E -503.087156408 0
172 F -506.250585393 0
172 G -502.846237688 0
172 H -502.906651355 0
172 I -503.59183216 0
172 K -506.118915518 1
172 L -504.021861227 0
172 M -507.179756866 0
172 N -503.116448803 0
172 P -182.245962952 0
172 Q -503.507207938 0
172 R -509.55334803 0
172 S -502.732515419 0
172 T -504.097548749 0
172 V -501.236167199 0
172 W -506.732924509 0
172 Y -501.234957696 0
173 A -504.722866391 0
173 C -502.005099097 0
173 D -504.62403715 0
173 E -505.785023877 0
173 F -503.273717832 0
173 G -503.50696006 0
173 H -504.041122784 0
173 I -504.989658153 0
173 K -505.620954062 1
173 L -505.448173806 0
173 M -504.605741132 0
173 N -504.295934827 0
173 P -290.660040674 0
173 Q -503.85177477 0
173 R -507.643863703 0
173 S -504.329678648 0
173 T -504.767281432 0
173 V -504.855567437 0
173 W -502.838919346 0
173 Y -503.044189988 0
174 A -501.516127782 0
174 C -502.632162825 0
174 D -504.110623253 0
174 E -505.75785962 0
174 F -505.08854931 0
174 G -498.839413068 0
174 H -505.514830618 0
174 I -509.219692877 0
174 K -497.59074156 0
174 L -510.095477867 1
174 M -507.363810832 0
174 N -505.164471933 0
174 P -306.495287734 0
174 Q -504.836986707 0
174 R -503.296233286 0
174 S -503.435188649 0
174 T -504.981585142 0
174 V -506.14813366 0
174 W -496.844011954 0
174 Y -504.939215854 0
175 A -506.232126917 0
175 C -504.927879486 0
175 D -503.773218491 0
175 E -509.211126369 0
175 F -492.833666801 0
175 G -503.224350628 0
175 H -503.567514631 0
175 I -487.097509175 0
175 K -504.447696385 0
175 L -504.920738718 0
175 M -506.241141583 0
175 N -503.857431177 0
175 P -194.284325853 0
175 Q -505.798700119 0
175 R -504.333441166 0
175 S -505.057398885 1
175 T -507.165619585 0
175 V -506.352246261 0
175 W -500.53564611 0
175 Y -491.696734322 0
176 A -501.630522184 0
176 C -500.206957852 0
176 D -504.594839292 1
176 E -502.274027096 0
176 F -500.343041122 0
176 G -501.028374993 0
176 H -500.641277578 0
176 I -499.0984192 0
176 K -501.841807631 0
176 L -501.678572813 0
176 M -500.801132976 0
176 N -500.004720486 0
176 P -206.606278057 0
176 Q -500.747766655 0
176 R -501.501965458 0
176 S -500.791049585 0
176 T -501.701683625 0
176 V -500.543583718 0
176 W -499.995117533 0
176 Y -499.984120675 0
177 A -504.709397861 0
177 C -503.208725443 0
177 D -505.660606777 1
177 E -506.844594717 0
177 F -504.042169101 0
177 G -504.512969896 0
177 H -505.522171458 0
177 I -501.237193286 0
177 K -506.378735939 0
177 L -506.665249485 0
177 M -505.735721083 0
177 N -506.235115524 0
177 P -292.507363053 0
177 Q -505.087248779 0
177 R -508.962060969 0
177 S -505.283983376 0
177 T -504.797456777 0
177 V -500.490363837 0
177 W -504.431041008 0
177 Y -503.849866332 0
178 A -501.559104646 0
178 C -498.945782458 0
178 D -498.691230482 0
178 E -487.882775212 0
178 F -338.98392192 0
178 G -499.594376778 0
178 H -262.271610669 0
178 I -414.736684845 0
178 K -492.75097137 0
178 L -402.648037597 0
178 M -498.412605102 0
178 N -503.604290141 1
178 P -140.063839968 0
178 Q -488.897349364 0
178 R -418.790132652 0
178 S -499.606175259 0
178 T -499.327560639 0
178 V -422.499673628 0
178 W -195.201951828 0
178 Y -324.928130623 0
179 A -500.94232002 0
179 C -500.238419092 0
179 D -500.167720749 0
179 E -502.215569221 0
179 F -501.408511968 0
179 G -500.059017483 0
179 H -503.255867672 0
179 I -499.225229878 0
179 K -503.51128828 0
179 L -502.470601898 0
179 M -500.671750623 0
179 N -502.535173009 0
179 P -482.379673259 0
179 Q -501.46450133 0
179 R -504.557354272 0
179 S -503.429976521 0
179 T -504.418096983 1
179 V -501.294159911 0
179 W -500.26342453 0
179 Y -501.712665355 0
180 A -498.08007019 0
180 C -499.06864653 0
180 D -494.173197293 0
180 E -496.113685364 0
180 F -486.811463984 0
180 G -496.947288518 0
180 H -491.842984127 0
180 I -503.912240978 1
180 K -497.679345628 0
180 L -496.802024549 0
180 M -502.073550744 0
180 N -497.289112084 0
180 P -474.155740176 0
180 Q -497.915379118 0
180 R -497.926626377 0
180 S -498.809606956 0
180 T -501.946581936 0
180 V -501.664922354 0
180 W -482.221808306 0
180 Y -478.773359391 0
181 A -489.357493002 0
181 C -486.556082077 0
181 D -491.614942362 0
181 E -486.559463323 0
181 F -482.486891488 0
181 G -505.2966697 1
181 H -485.471597279 0
181 I -482.725030556 0
181 K -485.74649311 0
181 L -486.676616657 0
181 M -486.979165431 0
181 N -488.960203957 0
181 P -432.698461072 0
181 Q -486.262972444 0
181 R -487.530647031 0
181 S -488.583013067 0
181 T -488.806073413 0
181 V -481.19565713 0
181 W -486.176898977 0
181 Y -483.825928543 0
182 A -506.105790918 0
182 C -504.962463135 0
182 D -504.940518504 0
182 E -505.55899203 0
182 F -503.916531337 0
182 G -503.136952096 0
182 H -504.625201788 0
182 I -495.704501177 0
182 K -507.871856675 1
182 L -498.554913831 0
182 M -505.564925448 0
182 N -504.863214666 0
182 P -499.455599879 0
182 Q -507.625289225 0
182 R -508.631995204 0
182 S -506.62978561 0
182 T -508.277065211 0
182 V -507.73969402 0
182 W -505.157542079 0
182 Y -503.561720961 0
183 A -502.499258239 0
183 C -500.5846172 0
183 D -504.617865842 0
183 E -507.471007354 1
183 F -504.009286282 0
183 G -502.854251213 0
183 H -503.670879128 0
183 I -503.110068353 0
183 K -504.692095204 0
183 L -503.293877162 0
183 M -502.64224038 0
183 N -503.434732297 0
183 P -484.635617066 0
183 Q -504.088385654 0
183 R -504.030766798 0
183 S -503.714122003 0
183 T -502.881700904 0
183 V -503.226949947 0
183 W -504.393132901 0
183 Y -503.575989896 0
184 A -503.894175116 0
184 C -501.600203266 0
184 D -505.427715063 0
184 E -513.793796093 1
184 F -506.336084914 0
184 G -502.347042265 0
184 H -508.004515011 0
184 I -505.384085753 0
184 K -504.40722397 0
184 L -508.095849 0
184 M -511.381318797 0
184 N -503.971282854 0
184 P -488.866813799 0
184 Q -511.471601458 0
184 R -511.548457508 0
184 S -504.651719351 0
184 T -505.168738494 0
184 V -505.351736209 0
184 W -509.765442162 0
184 Y -506.229174035 0
185 A -503.310453157 0
185 C -501.698120659 0
185 D -501.836055848 0
185 E -502.005124449 0
185 F -400.437778181 0
185 G -499.679472223 0
185 H -490.336716105 0
185 I -509.152977162 1
185 K -491.289907705 0
185 L -509.578412152 0
185 M -487.118669188 0
185 N -504.502826812 0
185 P -469.610944891 0
185 Q -500.555874185 0
185 R -489.093491717 0
185 S -500.929558151 0
185 T -501.437873123 0
185 V -503.287407263 0
185 W -434.506411739 0
185 Y -265.446467083 0
186 A -507.179916955 0
186 C -506.306744964 0
186 D -508.283807081 0
186 E -508.569872099 0
186 F -505.934412753 0
186 G -505.933442124 0
186 H -507.003001391 0
186 I -508.991487303 0
186 K -508.033573907 0
186 L -510.173799678 0
186 M -507.620820957 0
186 N -508.174157573 0
186 P -237.601978024 0
186 Q -507.092192564 1
186 R -508.129980313 0
186 S -507.282071103 0
186 T -507.198979485 0
186 V -507.997839166 0
186 W -507.714645598 0
186 Y -505.922411493 0
187 A -508.012996806 0
187 C -505.316266933 0
187 D -507.811837749 0
187 E -508.380967558 0
187 F -504.536529758 0
187 G -506.504736578 0
187 H -507.295987983 0
187 I -507.863891375 0
187 K -508.972437589 0
187 L -508.733646534 0
187 M -508.009937452 0
187 N -508.050267848 0
187 P -291.748786499 0
187 Q -507.007971512 1
187 R -508.491020154 0
187 S -507.151793532 0
187 T -508.146798585 0
187 V -507.262955643 0
187 W -506.077278722 0
187 Y -504.411711056 0
188 A -505.782344441 0
188 C -503.848874109 0
188 D -502.267772662 0
188 E -504.14288019 0
188 F -505.100050909 0
188 G -502.49364452 0
188 H -505.373173341 0
188 I -498.401848064 0
188 K -507.730586368 0
188 L -504.868789638 0
188 M -505.666520786 0
188 N -505.235958277 0
188 P -256.680320716 0
188 Q -503.917733085 0
188 R -508.809562351 1
188 S -503.830770396 0
188 T -502.551469899 0
188 V -483.381949728 0
188 W -509.423286704 0
188 Y -504.419730208 0
189 A -497.908721813 0
189 C -498.736104739 0
189 D -499.937841136 0
189 E -499.921016492 0
189 F -484.613836124 0
189 G -495.906744526 0
189 H -465.757518828 0
189 I -503.71466089 0
189 K -496.81491226 0
189 L -507.4160396 1
189 M -503.832545005 0
189 N -500.587262358 0
189 P -264.683576772 0
189 Q -498.418481834 0
189 R -500.880445834 0
189 S -497.34411857 0
189 T -498.997689341 0
189 V -500.035225903 0
189 W -446.27721054 0
189 Y -400.649297034 0
190 A -506.844295301 1
190 C -503.810840194 0
190 D -506.81881116 0
190 E -508.216066057 0
190 F -504.071997207 0
190 G -505.13451822 0
190 H -505.22165407 0
190 I -506.854245128 0
190 K -507.639907907 0
190 L -507.549537621 0
190 M -507.271589356 0
190 N -506.297169962 0
190 P -263.165671171 0
190 Q -506.413321147 0
190 R -507.088375885 0
190 S -505.835455675 0
190 T -506.297851877 0
190 V -505.01194533 0
190 W -505.775507333 0
190 Y -503.933885689 0
191 A -507.647846212 0
191 C -505.504374665 0
191 D -508.646551778 0
191 E -509.356960575 0
191 F -503.956747311 0
191 G -505.77309967 0
191 H -508.435212565 0
191 I -507.314439778 0
191 K -506.718062723 0
191 L -508.181172092 0
191 M -506.237040373 0
191 N -506.816788404 0
191 P -240.401856633 0
191 Q -506.508952946 1
191 R -507.620472235 0
191 S -506.364704265 0
191 T -501.558969885 0
191 V -505.021087661 0
191 W -506.941171816 0
191 Y -504.123595741 0
192 A -498.563130404 0
192 C -494.998305384 0
192 D -496.821973828 0
192 E -495.814268879 0
192 F -508.651475503 1
192 G -495.771845402 0
192 H -503.150138664 0
192 I -438.515504688 0
192 K -493.755173972 0
192 L -498.137214266 0
192 M -500.346684804 0
192 N -497.817482701 0
192 P -164.668127595 0
192 Q -495.969725503 0
192 R -491.597443311 0
192 S -497.675275984 0
192 T -497.205448144 0
192 V -436.257839278 0
192 W -493.451615396 0
192 Y -503.139233297 0
193 A -506.132926369 0
193 C -503.726644553 0
193 D -504.919808338 0
193 E -507.50932589 0
193 F -499.443732678 0
193 G -504.165539242 0
193 H -503.169880826 0
193 I -507.515808604 0
193 K -506.617700265 0
193 L -506.905463542 0
193 M -506.773926493 0
193 N -504.262385065 0
193 P -244.344348676 0
193 Q -505.914380553 0
193 R -508.600471386 0
193 S -505.290436577 0
193 T -505.838291877 0
193 V -507.203793883 1
193 W -502.595210294 0
193 Y -499.077454768 0
194 A -507.814378196 0
194 C -504.855973984 0
194 D -506.117486179 1
194 E -507.02173187 0
194 F -505.155081818 0
194 G -505.958967284 0
194 H -505.517849992 0
194 I -508.12256214 0
194 K -509.031415528 0
194 L -508.427596423 0
194 M -506.735425466 0
194 N -506.960668113 0
194 P -236.916523467 0
194 Q -505.167507548 0
194 R -508.421922797 0
194 S -506.572563955 0
194 T -507.53071993 0
194 V -507.050317368 0
194 W -507.822643754 0
194 Y -505.251424591 0
195 A -508.09042803 0
195 C -505.175765159 0
195 D -506.231428715 0
195 E -510.429486805 0
195 F -507.047850174 0
195 G -505.292441732 0
195 H -507.933446533 1
195 I -485.91783926 0
195 K -508.893545798 0
195 L -509.640534312 0
195 M -510.135486718 0
195 N -507.383811332 0
195 P -276.331371287 0
195 Q -509.908009263 0
195 R -508.260072749 0
195 S -506.981757439 0
195 T -504.273441653 0
195 V -488.071988265 0
195 W -510.964442216 0
195 Y -507.093817741 0
196 A -501.675514909 0
196 C -500.654226178 0
196 D -503.080521594 0
196 E -501.463872802 0
196 F -505.007551106 0
196 G -498.686481102 0
196 H -503.237563669 0
196 I -485.059569018 0
196 K -497.895451203 0
196 L -497.824102472 0
196 M -500.656831746 0
196 N -498.991753771 0
196 P -310.193948061 0
196 Q -500.934504753 0
196 R -504.55474621 0
196 S -499.375671646 0
196 T -502.272817071 0
196 V -505.658667275 0
196 W -512.362126926 1
196 Y -504.174316036 0
197 A -509.545765714 0
197 C -507.240480539 0
197 D -509.404737746 0
197 E -509.869391782 0
197 F -507.517472557 0
197 G -507.277576356 0
197 H -508.904075834 0
197 I -509.656718792 0
197 K -509.415958471 1
197 L -511.051241371 0
197 M -509.371318194 0
197 N -509.525822086 0
197 P -210.265123763 0
197 Q -508.473811497 0
197 R -510.597538067 0
197 S -508.412378671 0
197 T -506.133241546 0
197 V -509.486954312 0
197 W -508.129955665 0
197 Y -507.456599701 0
198 A -510.616297977 0
198 C -508.137807525 0
198 D -509.794590866 0
198 E -511.190299029 1
198 F -507.708796698 0
198 G -507.707927872 0
198 H -510.340632012 0
198 I -510.385067014 0
198 K -510.003422591 0
198 L -510.168159929 0
198 M -508.686933325 0
198 N -509.863898776 0
198 P -160.030470023 0
198 Q -508.445721343 0
198 R -509.884890455 0
198 S -509.321113658 0
198 T -511.062767394 0
198 V -505.846703782 0
198 W -511.039263515 0
198 Y -507.978396883 0
199 A -505.791673555 0
199 C -506.96397265 0
199 D -504.901369706 0
199 E -503.732706186 0
199 F -468.713396067 0
199 G -503.008112647 0
199 H -485.654543209 0
199 I -503.872303709 0
199 K -478.447558385 0
199 L -517.003613508 1
199 M -499.737020477 0
199 N -505.944805191 0
199 P -297.999943066 0
199 Q -505.386752297 0
199 R -476.245271237 0
199 S -507.308482966 0
199 T -508.090141088 0
199 V -473.323838349 0
199 W -180.962212648 0
199 Y -494.15673068 0
200 A -508.700176153 0
200 C -508.181415473 0
200 D -507.014493619 0
200 E -508.111715978 0
200 F -507.023566554 0
200 G -506.746685423 0
200 H -507.908187065 0
200 I -509.959801004 0
200 K -509.548584738 1
200 L -511.390664873 0
200 M -510.723448592 0
200 N -508.970253648 0
200 P -321.454712679 0
200 Q -509.358549003 0
200 R -509.714323106 0
200 S -508.337198603 0
200 T -508.426222009 0
200 V -510.571173238 0
200 W -509.50639254 0
200 Y -507.014252348 0
201 A -509.387519076 0
201 C -506.943992857 0
201 D -510.532539545 0
201 E -509.672983163 0
201 F -507.510207801 0
201 G -508.024078892 0
201 H -509.41178346 0
201 I -508.927282163 0
201 K -509.236514191 0
201 L -509.951034804 0
201 M -509.0197308 0
201 N -509.614598939 0
201 P -185.657860639 0
201 Q -508.173122341 1
201 R -509.181465388 0
201 S -508.651922105 0
201 T -509.079517025 0
201 V -506.85782443 0
201 W -509.402176317 0
201 Y -507.362348204 0
202 A -505.61253452 0
202 C -505.781127191 0
202 D -506.680230474 0
202 E -508.392422531 0
202 F -504.834680349 0
202 G -503.494675774 0
202 H -507.143839925 0
202 I -508.949737171 0
202 K -509.718617198 0
202 L -510.560486268 1
202 M -508.064302467 0
202 N -506.778981824 0
202 P -191.776522626 0
202 Q -509.227879427 0
202 R -510.90228681 0
202 S -506.865283228 0
202 T -509.186952039 0
202 V -504.266768555 0
202 W -504.190355209 0
202 Y -504.60816235 0
203 A -509.730166839 1
203 C -497.713921783 0
203 D -496.199285279 0
203 E -494.655591304 0
203 F -350.125182033 0
203 G -503.556526417 0
203 H -497.422519138 0
203 I -491.303848087 0
203 K -490.295983907 0
203 L -498.459485857 0
203 M -495.111024175 0
203 N -498.045186963 0
203 P -244.035901936 0
203 Q -498.07441624 0
203 R -340.509469065 0
203 S -505.489745639 0
203 T -493.388169636 0
203 V -492.470778639 0
203 W -141.719815208 0
203 Y -324.209231807 0
204 A -509.924750272 1
204 C -507.243096708 0
204 D -508.889451826 0
204 E -510.063108015 0
204 F -509.052596635 0
204 G -508.168512825 0
204 H -510.140186181 0
204 I -509.331176491 0
204 K -509.91834871 0
204 L -510.242725175 0
204 M -508.939442253 0
204 N -507.681970024 0
204 P -224.679071135 0
204 Q -507.949679066 0
204 R -509.532166534 0
204 S -508.949796279 0
204 T -510.179930087 0
204 V -504.369451687 0
204 W -508.324213561 0
204 Y -508.635459353 0
205 A -508.85319438 1
205 C -506.14637273 0
205 D -509.613634681 0
205 E -508.895484097 0
205 F -505.398048696 0
205 G -506.681927357 0
205 H -507.867010203 0
205 I -503.987861906 0
205 K -508.436409558 0
205 L -508.987634134 0
205 M -507.44870342 0
205 N -507.700574228 0
205 P -232.48463022 0
205 Q -505.758254106 0
205 R -507.893191206 0
205 S -507.139408042 0
205 T -499.291822171 0
205 V -505.528108922 0
205 W -507.712114593 0
205 Y -505.028164091 0
206 A -505.631852948 0
206 C -502.612717605 0
206 D -500.438929633 0
206 E -501.885123741 0
206 F -510.302952785 0
206 G -502.71311931 0
206 H -509.804177658 0
206 I -505.737988023 0
206 K -504.98157977 0
206 L -506.862504038 0
206 M -505.647102849 0
206 N -503.6521995 0
206 P -315.177393336 0
206 Q -506.905745542 0
206 R -511.891008163 1
206 S -501.801371393 0
206 T -505.381356912 0
206 V -506.900389837 0
206 W -504.205108746 0
206 Y -509.027342909 0
207 A -507.231059293 0
207 C -503.29364202 0
207 D -505.323281426 0
207 E -507.86020896 0
207 F -504.017025235 0
207 G -507.570867765 1
207 H -507.32204892 0
207 I -457.989707741 0
207 K -505.961529335 0
207 L -504.202592645 0
207 M -505.10211999 0
207 N -505.42750459 0
207 P -180.425557572 0
207 Q -505.301997202 0
207 R -506.17599783 0
207 S -505.867434889 0
207 T -502.857861326 0
207 V -451.755025962 0
207 W -506.031032641 0
207 Y -505.717398657 0
208 A -505.202120457 0
208 C -502.362500724 0
208 D -505.202167365 0
208 E -506.358845927 0
208 F -504.305962369 0
208 G -503.680588864 0
208 H -504.841085415 0
208 I -504.588699864 0
208 K -506.061982477 0
208 L -506.306324066 0
208 M -505.245382881 0
208 N -505.100980111 0
208 P -268.885252118 0
208 Q -504.624760633 1
208 R -509.333236643 0
208 S -504.463203818 0
208 T -504.385856026 0
208 V -504.369306729 0
208 W -503.577146819 0
208 Y -504.317475407 0
209 A -505.211359013 0
209 C -502.831619537 0
209 D -503.734260724 0
209 E -503.654255371 0
209 F -501.74098652 0
209 G -503.296335926 0
209 H -504.048855524 0
209 I -497.836810203 0
209 K -504.742956291 0
209 L -505.252680668 0
209 M -504.55451111 0
209 N -504.844184289 0
209 P -259.357135964 0
209 Q -503.093068957 0
209 R -504.894719054 1
209 S -503.798836581 0
209 T -498.584365116 0
209 V -499.414082087 0
209 W -501.804200766 0
209 Y -501.890397668 0
210 A -495.991574256 0
210 C -497.166826151 0
210 D -494.894651382 0
210 E -495.3285205 0
210 F -256.512877326 0
210 G -493.681199145 0
210 H -491.584377971 0
210 I -491.052782278 0
210 K -471.884827886 0
210 L -506.452283077 1
210 M -479.906352322 0
210 N -498.013691356 0
210 P -341.02849576 0
210 Q -495.720392929 0
210 R -476.357630336 0
210 S -495.178136576 0
210 T -497.215945042 0
210 V -489.599821812 0
210 W -229.855687906 0
210 Y -289.229545578 0
211 A -506.294289439 0
211 C -505.43448396 0
211 D -504.337449588 0
211 E -505.913221155 1
211 F -503.156039218 0
211 G -506.820762416 0
211 H -505.719464516 0
211 I -503.425411184 0
211 K -506.822524022 0
211 L -506.709917893 0
211 M -506.360486972 0
211 N -505.728383286 0
211 P -337.364714408 0
211 Q -505.887894398 0
211 R -506.602373386 0
211 S -507.097599235 0
211 T -504.418011082 0
211 V -504.33543051 0
211 W -506.568611801 0
211 Y -503.404533003 0
