1 A -251.39949776 0
1 C -248.448465583 0
1 D -252.941310029 0
1 E -251.703602335 0
1 F -249.582517181 0
1 G -252.494282023 0
1 H -252.031561057 0
1 I -246.708944282 0
1 K -250.942025817 0
1 L -250.844863341 0
1 M -249.579425871 0
1 N -252.066175132 0
1 P -246.445184252 0
1 Q -249.552395242 0
1 R -253.019896843 0
1 S -252.104174924 1
1 T -247.487491435 0
1 V -246.545141659 0
1 W -249.580960538 0
1 Y -249.227749003 0
2 A -245.414929215 0
2 C -242.828215108 0
2 D -241.303671704 0
2 E -241.077141068 0
2 F -217.866008849 0
2 G -242.231899104 0
2 H -225.314679364 0
2 I -249.733915961 0
2 K -236.15297145 0
2 L -182.317639856 0
2 M -252.797658787 1
2 N -243.16728082 0
2 P -240.400627945 0
2 Q -243.635667973 0
2 R -233.827251355 0
2 S -244.943687369 0
2 T -245.929864249 0
2 V -246.548834061 0
2 W -211.017579273 0
2 Y -224.868721441 0
3 A -249.898525124 0
3 C -248.760853345 0
3 D -250.038462635 0
3 E -252.255814204 0
3 F -250.336288003 0
3 G -249.097226537 0
3 H -251.027103741 0
3 I -249.938770977 0
3 K -252.027900398 0
3 L -250.773014534 0
3 M -250.445756775 0
3 N -251.230061531 0
3 P -233.97112727 0
3 Q -250.562155973 0
3 R -251.544203655 0
3 S -251.582861926 0
3 T -252.429276495 1
3 V -250.14442027 0
3 W -251.139576098 0
3 Y -250.102100334 0
4 A -246.891252135 0
4 C -244.366816076 0
4 D -252.010082451 1
4 E -248.486193723 0
4 F -244.608884359 0
4 G -246.044569325 0
4 H -247.748510304 0
4 I -244.087149881 0
4 K -247.143350552 0
4 L -246.294433806 0
4 M -245.055657456 0
4 N -247.100815833 0
4 P -22.5941770907 0
4 Q -247.425176818 0
4 R -246.777074117 0
4 S -246.687634426 0
4 T -246.328830645 0
4 V -245.266928487 0
4 W -244.170590873 0
4 Y -244.745943546 0
5 A -249.371519134 0
5 C -248.109027812 0
5 D -251.014382951 0
5 E -250.637369383 0
5 F -248.896324008 0
5 G -246.669566129 0
5 H -249.92376741 0
5 I -255.576102308 0
5 K -247.711888479 0
5 L -255.981639269 1
5 M -250.140006626 0
5 N -250.925077271 0
5 P -133.993756165 0
5 Q -249.681201904 0
5 R -249.834258795 0
5 S -249.856737888 0
5 T -251.72455913 0
5 V -253.615704996 0
5 W -195.642144294 0
5 Y -248.909328088 0
6 A -246.299370355 0
6 C -247.484795612 0
6 D -244.538730381 0
6 E -246.39024086 0
6 F -237.163480112 0
6 G -243.617659896 0
6 H -247.480339074 0
6 I -252.376591103 0
6 K -238.516508701 0
6 L -255.869619163 1
6 M -241.273726192 0
6 N -247.128558845 0
6 P -169.6000116 0
6 Q -247.109848292 0
6 R -231.25202774 0
6 S -246.831185704 0
6 T -246.248075182 0
6 V -248.673730066 0
6 W -36.9018374583 0
6 Y -230.60512591 0
7 A -257.824412627 0
7 C -254.884195337 0
7 D -258.021629887 0
7 E -257.59587147 0
7 F -256.204068985 0
7 G -256.054407462 0
7 H -257.321308413 0
7 I -248.424790529 0
7 K -258.340507844 0
7 L -257.947783283 0
7 M -258.500616294 0
7 N -257.063747159 0
7 P -258.825395286 0
7 Q -255.399619374 0
7 R -257.969011775 0
7 S -258.684870177 1
7 T -253.670159648 0
7 V -249.011198423 0
7 W -256.967641019 0
7 Y -255.80192122 0
8 A -257.018040387 1
8 C -253.655290781 0
8 D -256.458136862 0
8 E -257.613134899 0
8 F -254.874336435 0
8 G -255.003623391 0
8 H -256.309110567 0
8 I -256.224018877 0
8 K -256.754501402 0
8 L -257.008844515 0
8 M -255.435914561 0
8 N -254.855377889 0
8 P -255.643225112 0
8 Q -255.001071508 0
8 R -255.903109951 0
8 S -257.367955093 0
8 T -256.103060712 0
8 V -256.268710279 0
8 W -251.869568392 0
8 Y -254.069678498 0
9 A -253.181978086 0
9 C -250.224624717 0
9 D -254.544692523 0
9 E -256.135329958 1
9 F -251.572853795 0
9 G -252.162396253 0
9 H -253.274259829 0
9 I -253.535506291 0
9 K -254.246529636 0
9 L -253.748894991 0
9 M -252.746781492 0
9 N -253.324479252 0
9 P -241.786135353 0
9 Q -252.68555414 0
9 R -253.506178155 0
9 S -253.622444129 0
9 T -253.418480648 0
9 V -253.798837098 0
9 W -250.197956309 0
9 Y -251.612980771 0
10 A -253.764256739 0
10 C -253.071790583 0
10 D -257.166801022 1
10 E -260.059529869 0
10 F -254.206942709 0
10 G -251.55148637 0
10 H -254.200015066 0
10 I -197.368483815 0
10 K -255.675839114 0
10 L -256.670684654 0
10 M -253.684275292 0
10 N -255.551367742 0
10 P -222.648352922 0
10 Q -254.236522842 0
10 R -254.891769763 0
10 S -254.759027614 0
10 T -253.598454776 0
10 V -234.167802391 0
10 W -253.547107102 0
10 Y -252.978191448 0
11 A -247.196614769 0
11 C -247.92041674 0
11 D -245.739650736 0
11 E -245.930133347 0
11 F -237.161874338 0
11 G -245.640795719 0
11 H -239.695165179 0
11 I -256.814174483 1
11 K -244.069367586 0
11 L -250.41893727 0
11 M -246.103786459 0
11 N -248.455916424 0
11 P -54.3828793085 0
11 Q -246.926624917 0
11 R -242.281258548 0
11 S -248.198339063 0
11 T -251.573011111 0
11 V -252.960085846 0
11 W 157.488117747 0
11 Y -232.813020997 0
12 A -254.907163723 0
12 C -252.218215859 0
12 D -254.062210012 0
12 E -255.284935893 0
12 F -254.889176725 0
12 G -254.032529367 0
12 H -255.878869519 0
12 I -252.81411446 0
12 K -255.558374031 1
12 L -255.307820955 0
12 M -253.733092898 0
12 N -254.313489283 0
12 P 72.4267706761 0
12 Q -254.023679463 0
12 R -255.333185495 0
12 S -254.813985265 0
12 T -255.203977391 0
12 V -246.677879803 0
12 W -254.382136316 0
12 Y -255.010147987 0
13 A -255.816010072 0
13 C -253.293991791 0
13 D -255.762367359 0
13 E -256.112826706 0
13 F -251.550805952 0
13 G -254.494565581 0
13 H -255.328475199 0
13 I -250.586628527 0
13 K -256.7975636 1
13 L -256.652224472 0
13 M -256.058252949 0
13 N -255.964724085 0
13 P -79.568965858 0
13 Q -254.822280207 0
13 R -257.481246899 0
13 S -255.432664985 0
13 T -252.835878962 0
13 V -248.904281438 0
13 W -254.218964293 0
13 Y -251.887219221 0
14 A -256.99066988 1
14 C -248.782664973 0
14 D -238.29783196 0
14 E -89.6065280842 0
14 F 180.46065686 0
14 G -251.530689103 0
14 H -63.0459347832 0
14 I -122.540253841 0
14 K -187.204866978 0
14 L -117.362100114 0
14 M -137.94771637 0
14 N -223.749230155 0
14 P 7.41954058277 0
14 Q -108.067330006 0
14 R -51.20183375 0
14 S -251.93460807 0
14 T -247.740775906 0
14 V -243.212007122 0
14 W -37.9576059512 0
14 Y -70.5609873687 0
15 A -247.782839405 0
15 C -247.801918148 0
15 D -247.072371757 0
15 E -249.608685448 0
15 F -211.15680687 0
15 G -244.913728014 0
15 H -244.92914208 0
15 I -254.16125583 1
15 K -248.469290687 0
15 L -250.600551458 0
15 M -246.054935033 0
15 N -247.934023506 0
15 P -52.8213578909 0
15 Q -250.920549664 0
15 R -247.006284822 0
15 S -247.845168165 0
15 T -249.154620718 0
15 V -251.341801825 0
15 W -237.479565984 0
15 Y -205.241365886 0
16 A -254.80344805 0
16 C -250.819292088 0
16 D -252.470447504 0
16 E -254.148629218 0
16 F -251.465520544 0
16 G -253.217713204 1
16 H -253.102359517 0
16 I -247.919236455 0
16 K -254.179229145 0
16 L -253.84642751 0
16 M -252.808473341 0
16 N -253.018754566 0
16 P 95.0100800956 0
16 Q -253.217219573 0
16 R -253.876460886 0
16 S -253.50604685 0
16 T -253.462985314 0
16 V -229.849042539 0
16 W -251.887989712 0
16 Y -251.442507129 0
17 A -253.479556283 1
17 C -241.752966221 0
17 D -251.996957999 0
17 E -250.255310693 0
17 F -252.75707901 0
17 G -250.451955995 0
17 H -252.564083791 0
17 I -230.432519027 0
17 K -250.484114658 0
17 L -253.320640373 0
17 M -250.78219784 0
17 N -253.359334353 0
17 P -23.9821064027 0
17 Q -249.809298336 0
17 R -254.108461239 0
17 S -249.874538093 0
17 T -250.953230432 0
17 V -227.813487239 0
17 W -244.395370338 0
17 Y -252.337344047 0
18 A -244.464426157 0
18 C -244.736020808 0
18 D -242.914795404 0
18 E -246.186355924 0
18 F -253.894419978 1
18 G -242.08661924 0
18 H -252.082737912 0
18 I -246.525581618 0
18 K -245.233542763 0
18 L -239.456920806 0
18 M -248.044708756 0
18 N -248.0742016 0
18 P -212.860298604 0
18 Q -245.012060919 0
18 R -243.281247146 0
18 S -243.061666051 0
18 T -245.705149851 0
18 V -248.796591213 0
18 W -248.020178505 0
18 Y -249.780054537 0
19 A -249.970918376 0
19 C -248.18089612 0
19 D -249.742319205 0
19 E -250.867034852 0
19 F -249.157627266 0
19 G -249.155047686 0
19 H -250.626191814 0
19 I -248.917578633 0
19 K -250.946580424 0
19 L -251.907366866 0
19 M -251.549463375 0
19 N -249.663822434 0
19 P -239.621667679 0
19 Q -250.944179791 0
19 R -251.844538293 0
19 S -252.014763112 0
19 T -251.423783606 1
19 V -249.473316903 0
19 W -248.790970866 0
19 Y -247.80751663 0
20 A -252.272802521 1
20 C -250.203623356 0
20 D -252.644199146 0
20 E -253.286085272 0
20 F -251.287280213 0
20 G -250.977837196 0
20 H -252.082041165 0
20 I -251.250387362 0
20 K -253.003006171 0
20 L -253.096549939 0
20 M -251.748804159 0
20 N -252.118094903 0
20 P -238.942070167 0
20 Q -251.543179037 0
20 R -252.583369065 0
20 S -252.592747597 0
20 T -251.321220167 0
20 V -251.46478307 0
20 W -251.638728415 0
20 Y -251.149253314 0
21 A -252.155105174 1
21 C -249.440318504 0
21 D -252.43008113 0
21 E -252.771786867 0
21 F -251.41951146 0
21 G -250.430934342 0
21 H -251.718005442 0
21 I -257.29078183 0
21 K -252.262933031 0
21 L -260.861426787 0
21 M -259.050106623 0
21 N -251.61204783 0
21 P -254.091627668 0
21 Q -250.404861457 0
21 R -251.504326665 0
21 S -252.736116141 0
21 T -259.628510841 0
21 V -257.581938013 0
21 W -256.801725715 0
21 Y -251.320944998 0
22 A -253.023475868 0
22 C -252.542121007 0
22 D -258.652808972 1
22 E -255.216488617 0
22 F -220.540314981 0
22 G -255.936196022 0
22 H -251.05522837 0
22 I -222.981094705 0
22 K -250.049138172 0
22 L -248.676318644 0
22 M -251.771631105 0
22 N -258.963363961 0
22 P -183.785616863 0
22 Q -251.442666187 0
22 R -252.975320522 0
22 S -253.598408108 0
22 T -249.721702275 0
22 V -225.091361117 0
22 W -246.528413837 0
22 Y -249.534610188 0
23 A -253.056515922 0
23 C -239.652649678 0
23 D -248.152384157 0
23 E -249.487739427 0
23 F -246.65942379 0
23 G -250.639928695 0
23 H -241.833784438 0
23 I -244.91064631 0
23 K -250.420977609 0
23 L -249.703296501 0
23 M -250.447038158 0
23 N -251.21169731 0
23 P 37.3817793928 0
23 Q -251.077267916 0
23 R -250.769671188 0
23 S -252.271463394 1
23 T -249.278108737 0
23 V -243.773339795 0
23 W -241.223059156 0
23 Y -236.90437138 0
24 A -242.887043222 0
24 C -242.630207305 0
24 D -243.637382754 0
24 E -243.360470086 0
24 F -252.753041589 1
24 G -240.675004691 0
24 H -248.539149357 0
24 I -239.443333806 0
24 K -241.749690219 0
24 L -243.287150371 0
24 M -245.978589859 0
24 N -244.315713105 0
24 P -203.822594398 0
24 Q -243.396362747 0
24 R -244.391104222 0
24 S -242.882275129 0
24 T -244.062783322 0
24 V -243.942259919 0
24 W -239.815104048 0
24 Y -251.698452505 0
25 A -247.306244283 0
25 C -247.124872174 0
25 D -254.583494167 1
25 E -249.400541242 0
25 F -246.817048526 0
25 G -242.324545705 0
25 H -249.239084731 0
25 I -250.470263618 0
25 K -248.968828709 0
25 L -248.995133295 0
25 M -247.668593936 0
25 N -252.731313864 0
25 P -174.87836989 0
25 Q -247.787531034 0
25 R -250.662657698 0
25 S -249.821624752 0
25 T -248.457680191 0
25 V -250.904036071 0
25 W -245.435839065 0
25 Y -246.77667618 0
26 A -250.743957113 0
26 C -248.811828233 0
26 D -251.189439458 0
26 E -252.933393958 0
26 F -255.662233894 0
26 G -247.471549112 0
26 H -255.470833963 1
26 I -250.674815535 0
26 K -247.940690774 0
26 L -250.440724966 0
26 M -247.273064537 0
26 N -250.419672351 0
26 P -251.256318985 0
26 Q -251.300476583 0
26 R -249.951515605 0
26 S -251.006893433 0
26 T -247.664023024 0
26 V -251.275439647 0
26 W -255.444598407 0
26 Y -255.717800415 0
27 A -254.988456674 0
27 C -252.858731254 0
27 D -250.224231399 0
27 E -254.662112061 0
27 F -249.466126975 0
27 G -252.705056523 0
27 H -253.708179703 0
27 I -249.122128363 0
27 K -255.909767342 1
27 L -236.143015447 0
27 M -253.556850799 0
27 N -254.357188373 0
27 P -234.715680315 0
27 Q -253.51787905 0
27 R -255.998463619 0
27 S -254.027890095 0
27 T -254.653647684 0
27 V -247.839747646 0
27 W -252.106411997 0
27 Y -249.103994858 0
28 A -254.727063295 0
28 C -251.28538828 0
28 D -253.199060085 0
28 E -254.728737878 0
28 F -250.74849293 0
28 G -252.015433631 0
28 H -253.531684193 0
28 I -254.413487069 0
28 K -255.522750568 1
28 L -255.806607837 0
28 M -254.080911618 0
28 N -253.753183116 0
28 P -223.491766489 0
28 Q -254.322689652 0
28 R -254.829409112 0
28 S -253.109577666 0
28 T -253.679153055 0
28 V -254.629808578 0
28 W -252.115166409 0
28 Y -250.997603197 0
29 A -245.476562555 0
29 C -242.790934798 0
29 D -244.499940321 0
29 E -242.555414559 0
29 F -256.587290509 1
29 G -241.614271675 0
29 H -249.886592789 0
29 I -208.576233933 0
29 K -240.048831406 0
29 L -239.208891666 0
29 M -247.237899234 0
29 N -245.100239133 0
29 P 22.3826070062 0
29 Q -242.042034375 0
29 R -239.12172489 0
29 S -243.598989911 0
29 T -243.815479741 0
29 V -224.316917953 0
29 W -250.235271844 0
29 Y -253.536878507 0
30 A -251.293859135 0
30 C -249.376151955 0
30 D -249.923455243 0
30 E -245.125398021 0
30 F -256.043175698 1
30 G -247.436892749 0
30 H -252.967890544 0
30 I -248.54465074 0
30 K -244.849286582 0
30 L -240.201309828 0
30 M -249.519345507 0
30 N -252.875165883 0
30 P -19.7758521738 0
30 Q -246.51515527 0
30 R -247.020919697 0
30 S -249.181412017 0
30 T -245.316785895 0
30 V -249.847563065 0
30 W -245.14722118 0
30 Y -254.27750136 0
31 A -256.050957602 0
31 C -252.037462222 0
31 D -253.847111841 0
31 E -255.49754189 0
31 F -254.444659653 0
31 G -254.799992857 0
31 H -255.042035039 0
31 I -255.576961764 0
31 K -255.492833353 0
31 L -255.670886757 0
31 M -253.762184669 0
31 N -253.411017496 0
31 P 8.88919057335 0
31 Q -255.759287755 1
31 R -256.43282446 0
31 S -255.34839811 0
31 T -254.685436125 0
31 V -254.476367498 0
31 W -255.273740296 0
31 Y -254.252099894 0
32 A -252.440597546 0
32 C -249.500525574 0
32 D -253.432995288 0
32 E -253.258854268 0
32 F -251.573340241 0
32 G -249.797694691 0
32 H -252.407256504 0
32 I -252.537079253 0
32 K -253.353080943 0
32 L -255.367429077 0
32 M -255.196879657 1
32 N -252.577411516 0
32 P -40.4243677599 0
32 Q -252.935452176 0
32 R -253.239339755 0
32 S -251.434332351 0
32 T -252.371987099 0
32 V -248.97799208 0
32 W -253.53960834 0
32 Y -251.33813871 0
33 A -251.763114607 0
33 C -250.068330623 0
33 D -247.364573059 0
33 E -240.965691383 0
33 F -212.382186669 0
33 G -247.465019881 0
33 H -107.448774878 0
33 I -252.812852363 0
33 K -201.946810591 0
33 L -242.45753445 0
33 M -190.187485142 0
33 N -248.722500156 0
33 P 3.87105280707 0
33 Q -243.508672955 0
33 R -171.47028565 0
33 S -250.199827645 0
33 T -249.443500119 0
33 V -255.359084777 1
33 W -216.065381539 0
33 Y -222.904164524 0
34 A -246.739867532 0
34 C -240.564251274 0
34 D -226.968501445 0
34 E -240.772502344 0
34 F -196.416119354 0
34 G -254.356287568 1
34 H -219.335972026 0
34 I -216.596838767 0
34 K -243.034328196 0
34 L -228.421311289 0
34 M -203.718220128 0
34 N -238.755606445 0
34 P -155.753220628 0
34 Q -234.533587828 0
34 R -227.256143915 0
34 S -243.196309942 0
34 T -221.546512714 0
34 V -214.432477777 0
34 W -212.505790158 0
34 Y -218.366236617 0
35 A -250.121816258 0
35 C -250.366283049 0
35 D -251.809533455 0
35 E -251.187945674 0
35 F -235.776065156 0
35 G -246.723231844 0
35 H -240.74585384 0
35 I -245.800745337 0
35 K -244.346279469 0
35 L -257.658395024 1
35 M -254.887014662 0
35 N -251.753313993 0
35 P -179.8114746 0
35 Q -251.261696234 0
35 R -221.001175501 0
35 S -249.537300637 0
35 T -249.180397529 0
35 V -243.904172327 0
35 W -235.847263706 0
35 Y -233.158052849 0
36 A -255.120293379 0
36 C -255.43612759 0
36 D -255.951702423 0
36 E -252.47803324 0
36 F -251.798451441 0
36 G -254.182645699 0
36 H -252.511058561 0
36 I -256.417523505 0
36 K -257.775048063 1
36 L -255.891728794 0
36 M -256.144122473 0
36 N -254.86815374 0
36 P -190.916768157 0
36 Q -254.328102693 0
36 R -253.280114114 0
36 S -256.724658471 0
36 T -258.499361533 0
36 V -256.948868809 0
36 W -156.326475042 0
36 Y -251.567487676 0
37 A -254.092019564 0
37 C -253.047324763 0
37 D -257.205489289 0
37 E -255.947408909 0
37 F -256.128370951 0
37 G -254.087340354 0
37 H -257.642584555 0
37 I -255.975338338 0
37 K -256.203602893 1
37 L -256.000526704 0
37 M -254.515333689 0
37 N -256.439884955 0
37 P -168.892364088 0
37 Q -254.723548981 0
37 R -257.178426859 0
37 S -255.075921305 0
37 T -256.4403308 0
37 V -255.979442025 0
37 W -254.679771183 0
37 Y -256.067300574 0
38 A -255.359467895 0
38 C -255.016273986 0
38 D -251.218908424 0
38 E -251.948062864 0
38 F -248.5228956 0
38 G -250.919717407 0
38 H -249.206399405 0
38 I -247.71642091 0
38 K -254.699131261 1
38 L -241.022220865 0
38 M -254.297964459 0
38 N -252.616323033 0
38 P -184.021169549 0
38 Q -254.127113234 0
38 R -254.079330703 0
38 S -254.002134642 0
38 T -253.317837098 0
38 V -249.854753583 0
38 W -196.479651304 0
38 Y -218.128299269 0
39 A -256.176758237 0
39 C -253.57371971 0
39 D -258.301565981 0
39 E -257.008969809 0
39 F -253.911095549 0
39 G -255.992039217 0
39 H -258.537625372 0
39 I -253.021815877 0
39 K -256.527423078 0
39 L -256.185300919 0
39 M -255.379799718 0
39 N -255.870659113 0
39 P -256.969030171 0
39 Q -254.945685214 0
39 R -256.699007346 0
39 S -259.122383525 1
39 T -256.928103615 0
39 V -252.641954519 0
39 W -254.243632459 0
39 Y -253.900941921 0
40 A -258.838675452 1
40 C -255.293385551 0
40 D -260.228916299 0
40 E -262.088559757 0
40 F -256.693377227 0
40 G -257.66630238 0
40 H -259.278033235 0
40 I -258.342214688 0
40 K -259.583552839 0
40 L -259.483421033 0
40 M -257.961603411 0
40 N -258.704994094 0
40 P -257.748085709 0
40 Q -258.548798131 0
40 R -259.130161107 0
40 S -259.304753293 0
40 T -257.737021815 0
40 V -257.774532809 0
40 W -256.10243892 0
40 Y -256.665927762 0
41 A -253.779177896 0
41 C -250.757996379 0
41 D -255.53341497 1
41 E -256.683374839 0
41 F -252.004940503 0
41 G -252.718633709 0
41 H -253.869304496 0
41 I -253.409873412 0
41 K -254.902891219 0
41 L -254.400607451 0
41 M -253.438385767 0
41 N -254.126323904 0
41 P -245.66110902 0
41 Q -253.922540236 0
41 R -254.333392691 0
41 S -254.306093502 0
41 T -253.76546412 0
41 V -253.704098601 0
41 W -252.508584325 0
41 Y -252.019201723 0
42 A -256.293798621 0
42 C -252.747313909 0
42 D -259.035345978 1
42 E -257.978636467 0
42 F -252.959441076 0
42 G -254.781471844 0
42 H -254.389685631 0
42 I -255.484425828 0
42 K -252.563238048 0
42 L -255.599858609 0
42 M -253.336510133 0
42 N -255.107501562 0
42 P -169.926777689 0
42 Q -256.500655789 0
42 R -252.941895533 0
42 S -254.572789049 0
42 T -255.449595118 0
42 V -255.925892879 0
42 W -247.378117958 0
42 Y -253.421883188 0
43 A -257.009718266 0
43 C -255.829758222 0
43 D -253.919239986 0
43 E -257.896690087 0
43 F -218.5715198 0
43 G -254.382088 0
43 H -254.263203802 0
43 I -261.513909991 0
43 K -257.36098466 0
43 L -260.372362522 0
43 M -257.450185241 0
43 N -257.570032626 0
43 P -33.6502206824 0
43 Q -259.294280279 0
43 R -259.516032129 0
43 S -256.675420295 0
43 T -258.731462685 0
43 V -261.624910244 1
43 W -252.260724307 0
43 Y -194.957802384 0
44 A -257.296890193 0
44 C -255.024718508 0
44 D -256.807248059 0
44 E -258.199954953 0
44 F -257.840054428 0
44 G -255.118641396 0
44 H -261.530676944 0
44 I -257.85952886 0
44 K -258.521593729 1
44 L -254.613866346 0
44 M -256.586966944 0
44 N -257.11567428 0
44 P -13.1648482783 0
44 Q -256.53501473 0
44 R -256.735197439 0
44 S -256.154173604 0
44 T -256.997385258 0
44 V -257.637641761 0
44 W -259.254607098 0
44 Y -257.27628205 0
45 A -256.050429816 0
45 C -252.682012686 0
45 D -253.910593051 0
45 E -255.504612403 0
45 F -251.711774028 0
45 G -253.15805526 0
45 H -254.496087903 0
45 I -251.60204278 0
45 K -255.328479522 1
45 L -256.560834509 0
45 M -254.703892855 0
45 N -255.039167756 0
45 P 17.0616770153 0
45 Q -254.295846068 0
45 R -255.657942371 0
45 S -254.357480628 0
45 T -250.54635896 0
45 V -252.611096103 0
45 W -252.07383993 0
45 Y -251.736672177 0
46 A -255.174658566 0
46 C -254.103707834 0
46 D -252.005151247 0
46 E -246.700440503 0
46 F -242.943099551 0
46 G -250.961935765 0
46 H -251.837699594 0
46 I -255.93539214 0
46 K -242.98773106 0
46 L -247.627473712 0
46 M -241.821417326 0
46 N -254.956320349 0
46 P -69.8421367825 0
46 Q -239.29686923 0
46 R -186.820958891 0
46 S -253.128238637 0
46 T -256.33390837 0
46 V -258.998574838 1
46 W -76.7747851779 0
46 Y -235.714881464 0
47 A -245.617080951 0
47 C -243.723680669 0
47 D -242.067865796 0
47 E -243.804174835 0
47 F -256.255459397 1
47 G -242.35905072 0
47 H -249.2434474 0
47 I -163.411834359 0
47 K -240.363808508 0
47 L -243.704797536 0
47 M -245.753009717 0
47 N -244.826195841 0
47 P -1.35246998972 0
47 Q -245.691435851 0
47 R -153.902719977 0
47 S -243.966044185 0
47 T -245.336336214 0
47 V -245.738609827 0
47 W -213.648840281 0
47 Y -247.854427443 0
48 A -255.667967023 0
48 C -252.982821689 0
48 D -255.941527022 0
48 E -257.165268529 0
48 F -255.948353946 0
48 G -254.138548487 0
48 H -256.45068333 1
48 I -253.237478005 0
48 K -256.441735225 0
48 L -257.00069371 0
48 M -256.619938575 0
48 N -256.027907995 0
48 P -30.3482681881 0
48 Q -255.179815163 0
48 R -255.715561933 0
48 S -255.092152439 0
48 T -253.344391688 0
48 V -253.652572152 0
48 W -257.5666156 0
48 Y -256.282187769 0
49 A -251.839952338 0
49 C -251.572568156 0
49 D -252.52098324 0
49 E -254.51384301 0
49 F -251.315658432 0
49 G -249.578751238 0
49 H -254.299820213 0
49 I -257.450333243 1
49 K -251.678354444 0
49 L -257.334850587 0
49 M -253.660714985 0
49 N -253.440475265 0
49 P -15.6635835646 0
49 Q -252.534043325 0
49 R -251.976724841 0
49 S -251.958807832 0
49 T -252.501140753 0
49 V -254.881943863 0
49 W -250.509166821 0
49 Y -251.731310658 0
50 A -248.456850265 0
50 C -247.144562491 0
50 D -247.193360078 0
50 E -250.005466217 0
50 F -240.269027323 0
50 G -245.531751989 0
50 H -248.783441594 0
50 I -253.058153702 0
50 K -216.882059329 0
50 L -257.291059004 1
50 M -244.955826652 0
50 N -249.669796621 0
50 P -118.580105351 0
50 Q -250.001518797 0
50 R -232.532563661 0
50 S -246.940389846 0
50 T -248.927359729 0
50 V -250.223662026 0
50 W -196.870770278 0
50 Y -68.2315286976 0
51 A -259.957433559 0
51 C -258.847297213 0
51 D -264.638856093 1
51 E -222.514902876 0
51 F -107.900391835 0
51 G -255.332239256 0
51 H -180.951272433 0
51 I -217.914571012 0
51 K -191.541882927 0
51 L -165.696984807 0
51 M -142.418054089 0
51 N -262.754522763 0
51 P -51.637694484 0
51 Q -154.621947778 0
51 R -71.75366548 0
51 S -256.486125574 0
51 T -256.872153992 0
51 V -258.697263784 0
51 W 1211.81973719 0
51 Y -94.0397025994 0
52 A -261.903944866 0
52 C -259.363181799 0
52 D -259.816447407 0
52 E -263.066024364 0
52 F -262.107679635 0
52 G -260.979794053 0
52 H -262.51030221 0
52 I -261.827578318 0
52 K -261.892393466 1
52 L -262.679419696 0
52 M -262.515194632 0
52 N -260.796563732 0
52 P -131.196103289 0
52 Q -261.446147561 0
52 R -263.17494831 0
52 S -260.659318696 0
52 T -261.026136894 0
52 V -261.728918857 0
52 W -262.196672471 0
52 Y -261.872290685 0
53 A -258.222080485 0
53 C -257.40362578 0
53 D -260.410913044 1
53 E -259.365639782 0
53 F -260.647973825 0
53 G -258.432718699 0
53 H -262.284790947 0
53 I -258.877029791 0
53 K -260.437025195 0
53 L -260.612002334 0
53 M -258.996355544 0
53 N -261.875992443 0
53 P -243.311222596 0
53 Q -258.091149594 0
53 R -261.878943976 0
53 S -258.707066135 0
53 T -258.497171863 0
53 V -258.403255501 0
53 W -259.347722003 0
53 Y -260.231030018 0
54 A -256.289386678 0
54 C -254.838421941 0
54 D -260.252579268 0
54 E -260.21359587 0
54 F -258.003307086 0
54 G -256.361283677 0
54 H -260.417563292 0
54 I -228.089843341 0
54 K -261.808596601 1
54 L -259.575445745 0
54 M -258.326049909 0
54 N -261.934010275 0
54 P -178.215035509 0
54 Q -260.123710843 0
54 R -261.203699149 0
54 S -256.698239737 0
54 T -254.763864488 0
54 V -246.19465312 0
54 W -256.842098773 0
54 Y -258.367299111 0
55 A -258.183748809 0
55 C -255.971165891 0
55 D -255.185130144 0
55 E -255.037092978 0
55 F -255.441855973 0
55 G -256.068988905 0
55 H -257.355709107 0
55 I -255.483204297 0
55 K -255.748855729 0
55 L -259.969899021 0
55 M -255.126290066 0
55 N -257.558803182 0
55 P -240.414269069 0
55 Q -254.799354422 0
55 R -256.887474701 0
55 S -260.469844557 1
55 T -255.695272667 0
55 V -256.249881789 0
55 W -254.91558938 0
55 Y -255.623203729 0
56 A -244.137546429 0
56 C -239.206184125 0
56 D -247.375207194 0
56 E -244.287146721 0
56 F -244.674405647 0
56 G -253.19059284 1
56 H -247.118042148 0
56 I -233.171452135 0
56 K -248.531858522 0
56 L -245.894733727 0
56 M -244.395352971 0
56 N -249.315179608 0
56 P -166.52438351 0
56 Q -246.197658151 0
56 R -246.934698207 0
56 S -244.544211078 0
56 T -243.737187935 0
56 V -233.368332166 0
56 W -244.047397066 0
56 Y -245.440262907 0
57 A -258.861489288 0
57 C -257.65053422 0
57 D -257.157259898 0
57 E -257.188423738 0
57 F -261.683783563 1
57 G -255.111758165 0
57 H -261.070541626 0
57 I -251.295410466 0
57 K -265.487832811 0
57 L -260.680183794 0
57 M -265.295485654 0
57 N -259.715661444 0
57 P -147.017971117 0
57 Q -258.322703169 0
57 R -265.121824976 0
57 S -258.546003914 0
57 T -258.199531103 0
57 V -258.957187416 0
57 W -266.950812015 0
57 Y -266.854507509 0
58 A -246.156949547 0
58 C -247.836085979 0
58 D -246.0809472 0
58 E -247.086968714 0
58 F -182.49948948 0
58 G -242.48986958 0
58 H -251.58398963 0
58 I -256.465642317 1
58 K -245.250713548 0
58 L -255.132710529 0
58 M -253.684627306 0
58 N -248.820143952 0
58 P -141.896344203 0
58 Q -250.13337776 0
58 R -246.48509186 0
58 S -245.743035789 0
58 T -248.123544212 0
58 V -251.950542642 0
58 W -175.508103071 0
58 Y 89.8005939765 0
59 A -256.720194022 0
59 C -257.815168806 0
59 D -261.76386151 0
59 E -259.353126209 1
59 F -255.1233229 0
59 G -258.155602526 0
59 H -255.644303008 0
59 I -245.0639398 0
59 K -257.034004711 0
59 L -259.214248631 0
59 M -257.440390947 0
59 N -258.751886326 0
59 P -248.665560403 0
59 Q -256.350370291 0
59 R -259.1803825 0
59 S -256.422152242 0
59 T -259.34508294 0
59 V -249.631826163 0
59 W -254.113522545 0
59 Y -253.990660246 0
60 A -255.084459163 0
60 C -258.893878946 0
60 D -261.312590595 0
60 E -256.283802273 1
60 F -263.657089702 0
60 G -253.81975673 0
60 H -255.224900225 0
60 I -260.794669166 0
60 K -263.095307922 0
60 L -263.329994034 0
60 M -262.823553733 0
60 N -260.994997083 0
60 P -255.11228377 0
60 Q -264.593249821 0
60 R -262.66452409 0
60 S -255.228525464 0
60 T -261.141507845 0
60 V -261.329143076 0
60 W -253.129887033 0
60 Y -263.402572457 0
61 A -254.45038913 0
61 C -251.811114896 0
61 D -253.93080933 1
61 E -254.946645193 0
61 F -253.485810227 0
61 G -253.482037372 0
61 H -255.215519135 0
61 I -254.233463264 0
61 K -255.923033191 0
61 L -255.621168909 0
61 M -254.282306665 0
61 N -255.211401358 0
61 P -240.213921391 0
61 Q -253.299310705 0
61 R -258.73561738 0
61 S -253.917804076 0
61 T -253.34908276 0
61 V -254.4142387 0
61 W -254.649663597 0
61 Y -253.263095765 0
62 A -260.018866066 0
62 C -261.712054308 0
62 D -263.158028687 0
62 E -262.695332036 1
62 F -260.626758138 0
62 G -256.795052879 0
62 H -259.456102699 0
62 I -260.707290399 0
62 K -262.045860768 0
62 L -261.577033356 0
62 M -244.170569664 0
62 N -262.019127893 0
62 P -125.164286904 0
62 Q -261.451738147 0
62 R -253.335485235 0
62 S -264.21287768 0
62 T -260.709648878 0
62 V -261.114886243 0
62 W -251.620804308 0
62 Y -253.569404701 0
63 A -249.741835068 0
63 C -255.013141397 0
63 D -254.965883189 0
63 E -256.043640596 0
63 F -215.770008946 0
63 G -246.616872632 0
63 H -250.357436041 0
63 I -242.829603109 0
63 K -253.403350106 0
63 L -263.497215888 1
63 M -257.541497903 0
63 N -256.113206414 0
63 P 23.7641136876 0
63 Q -255.302397607 0
63 R -250.71134824 0
63 S -255.797398885 0
63 T -257.910083879 0
63 V -238.111629262 0
63 W -241.427428843 0
63 Y -100.027288821 0
64 A -258.528971909 0
64 C -254.302005571 0
64 D -252.185572792 0
64 E -256.237080491 0
64 F -241.554327067 0
64 G -256.432233741 1
64 H -223.395959719 0
64 I -256.820430682 0
64 K -258.155700378 0
64 L -255.166389356 0
64 M -256.275421887 0
64 N -256.216097399 0
64 P -64.4825647949 0
64 Q -255.88832164 0
64 R -258.163817585 0
64 S -256.340381303 0
64 T -257.062557567 0
64 V -255.931587215 0
64 W -219.407117222 0
64 Y -212.948126626 0
65 A -256.138857794 0
65 C -255.096247487 0
65 D -252.364665364 0
65 E -259.099205238 0
65 F -251.367773708 0
65 G -255.367274331 0
65 H -255.175033247 0
65 I -254.568601706 0
65 K -255.821679401 0
65 L -253.931123102 0
65 M -256.754763156 0
65 N -255.130614951 0
65 P -83.8113601853 0
65 Q -257.31775571 0
65 R -256.350362294 0
65 S -254.923672726 1
65 T -255.925341949 0
65 V -253.220297908 0
65 W -255.700921168 0
65 Y -252.573521241 0
66 A -252.32089435 0
66 C -250.411984159 0
66 D -251.051644599 0
66 E -254.500399402 0
66 F -245.990740762 0
66 G -249.50672911 0
66 H -245.658662258 0
66 I -255.75134353 1
66 K -247.47874608 0
66 L -255.682925278 0
66 M -255.513351573 0
66 N -250.235734695 0
66 P -66.9584891291 0
66 Q -253.038331749 0
66 R -250.332077938 0
66 S -251.128822215 0
66 T -250.674211398 0
66 V -252.820342177 0
66 W -211.412618768 0
66 Y -244.782696694 0
67 A -245.009754693 0
67 C -243.511309533 0
67 D -245.578331879 0
67 E -244.653657285 0
67 F -230.194848681 0
67 G -242.280772791 0
67 H -243.475149191 0
67 I -237.643871523 0
67 K -242.12579882 0
67 L -252.878037777 1
67 M -250.718361764 0
67 N -246.804760594 0
67 P -224.28850733 0
67 Q -245.911336984 0
67 R -240.274721844 0
67 S -244.568758119 0
67 T -245.805072285 0
67 V -217.301868896 0
67 W -222.785630549 0
67 Y -215.595020853 0
68 A -249.592857147 0
68 C -248.090704298 0
68 D -244.582944202 0
68 E -246.098646068 0
68 F -239.971037458 0
68 G -250.157696687 0
68 H -245.707129076 0
68 I -245.93642661 0
68 K -252.500372493 1
68 L -250.582622033 0
68 M -248.313410086 0
68 N -248.040424318 0
68 P -197.842064963 0
68 Q -248.846255638 0
68 R -252.425345333 0
68 S -251.889755856 0
68 T -251.658046999 0
68 V -247.098973347 0
68 W -235.617659603 0
68 Y -215.026857275 0
69 A -254.362095619 0
69 C -251.873377751 0
69 D -249.387716652 0
69 E -244.677587947 0
69 F -202.456637523 0
69 G -254.337410404 1
69 H -238.717266912 0
69 I -245.956132397 0
69 K -232.812528643 0
69 L -235.564542636 0
69 M -251.250272698 0
69 N -248.299845887 0
69 P -7.66133006412 0
69 Q -244.305799107 0
69 R -250.099014696 0
69 S -250.892829937 0
69 T -248.546856806 0
69 V -249.075763977 0
69 W -177.433455377 0
69 Y -202.723780367 0
70 A -241.143606377 0
70 C -240.034756317 0
70 D -243.513100872 0
70 E -241.72217054 0
70 F -253.333188605 1
70 G -237.095670652 0
70 H -247.217930812 0
70 I -234.877512645 0
70 K -240.752116991 0
70 L -241.686037457 0
70 M -245.166521953 0
70 N -243.295968657 0
70 P -201.935202992 0
70 Q -238.34058551 0
70 R -240.996623422 0
70 S -239.850664793 0
70 T -239.129587895 0
70 V -233.981144782 0
70 W -244.980544937 0
70 Y -252.895297471 0
71 A -250.74052913 0
71 C -248.472428859 0
71 D -253.67348204 0
71 E -248.446406815 0
71 F -234.917120319 0
71 G -246.529959364 0
71 H -250.637465064 0
71 I -240.950025597 0
71 K -250.06059876 0
71 L -251.970319099 0
71 M -250.691532524 0
71 N -253.562198219 0
71 P -189.606453206 0
71 Q -247.02385123 0
71 R -249.213096398 0
71 S -252.69405626 1
71 T -247.782028109 0
71 V -243.145675932 0
71 W -236.519218371 0
71 Y -232.492809444 0
72 A -250.491345302 0
72 C -248.761586654 0
72 D -251.610320052 0
72 E -253.573486869 0
72 F -249.641343308 0
72 G -250.12534545 0
72 H -252.669616154 0
72 I -249.544293756 0
72 K -251.974039392 0
72 L -252.186566995 0
72 M -250.992461007 0
72 N -250.608504706 0
72 P -249.986552263 0
72 Q -251.496311692 0
72 R -251.058275674 0
72 S -252.957108293 1
72 T -251.329989956 0
72 V -249.266738589 0
72 W -251.237162344 0
72 Y -249.453366763 0
73 A -251.584070562 0
73 C -249.313404554 0
73 D -252.569771574 1
73 E -253.091795609 0
73 F -250.508292195 0
73 G -251.52324119 0
73 H -251.962850482 0
73 I -244.264696031 0
73 K -252.919574911 0
73 L -252.737021965 0
73 M -251.523367369 0
73 N -251.648302031 0
73 P -222.62253239 0
73 Q -251.5459027 0
73 R -252.309555265 0
73 S -252.980645664 0
73 T -252.719583017 0
73 V -245.059420015 0
73 W -250.631756873 0
73 Y -250.515582321 0
74 A -253.477892204 1
74 C -244.571234506 0
74 D -233.367263693 0
74 E -225.856110589 0
74 F -127.960963491 0
74 G -249.067218783 0
74 H -205.092641596 0
74 I -163.715126151 0
74 K -219.392046712 0
74 L -226.502872368 0
74 M -227.500963389 0
74 N -239.464335932 0
74 P 37.7303508789 0
74 Q -228.489333528 0
74 R -173.158254391 0
74 S -248.982844903 0
74 T -233.339189463 0
74 V -224.632431507 0
74 W -168.327323713 0
74 Y -125.432782961 0
75 A -243.879499338 0
75 C -242.533422538 0
75 D -243.985639062 0
75 E -244.561457386 0
75 F -242.64428777 0
75 G -243.292134263 0
75 H -246.76910187 0
75 I -244.229318644 0
75 K -245.37694801 0
75 L -245.709239635 0
75 M -243.929385448 0
75 N -244.56126192 0
75 P -248.571612493 0
75 Q -244.278201129 0
75 R -253.301750647 1
75 S -245.74038574 0
75 T -244.983077634 0
75 V -243.347186698 0
75 W -242.308478764 0
75 Y -242.765532981 0
76 A -250.706005462 0
76 C -248.748146756 0
76 D -252.374978335 1
76 E -251.376965605 0
76 F -250.050397708 0
76 G -249.647788295 0
76 H -251.238498827 0
76 I -248.476494011 0
76 K -250.52065262 0
76 L -252.679115533 0
76 M -250.589011286 0
76 N -250.474870886 0
76 P -253.063578964 0
76 Q -249.830471265 0
76 R -250.535829668 0
76 S -251.76260361 0
76 T -251.643910622 0
76 V -248.903380267 0
76 W -247.426755832 0
76 Y -249.285810203 0
77 A -243.424078316 0
77 C -242.831260994 0
77 D -240.899596503 0
77 E -241.290983908 0
77 F -238.773050704 0
77 G -241.658109696 0
77 H -241.90941705 0
77 I -237.337452697 0
77 K -235.328967731 0
77 L -251.97969273 1
77 M -246.390600067 0
77 N -243.554765877 0
77 P -89.8573416232 0
77 Q -243.744502838 0
77 R -235.33753781 0
77 S -242.805093048 0
77 T -241.416419479 0
77 V -214.519998468 0
77 W -235.968341482 0
77 Y -234.726450794 0
78 A -257.126956116 0
78 C -251.187929206 0
78 D -256.472503393 0
78 E -253.32291189 0
78 F -166.219740462 0
78 G -257.03494297 0
78 H -246.425179555 0
78 I -244.654661735 0
78 K -246.001426073 0
78 L -247.460632307 0
78 M -250.250011751 0
78 N -238.068003549 0
78 P -241.738618713 0
78 Q -247.138714355 0
78 R -250.945767998 0
78 S -259.951541234 1
78 T -250.695215379 0
78 V -247.106164864 0
78 W -128.948632268 0
78 Y -103.243026807 0
79 A -259.497765316 1
79 C -255.870947954 0
79 D -260.730695772 0
79 E -263.737313202 0
79 F -256.681888557 0
79 G -258.174967756 0
79 H -258.733782483 0
79 I -258.470613369 0
79 K -260.202698412 0
79 L -259.50970521 0
79 M -258.824154952 0
79 N -259.190347939 0
79 P -257.920259587 0
79 Q -259.100718904 0
79 R -259.626346599 0
79 S -260.064313714 0
79 T -259.140248774 0
79 V -258.559304082 0
79 W -257.674514891 0
79 Y -256.707818086 0
80 A -257.750914496 0
80 C -254.941037211 0
80 D -259.190217213 0
80 E -260.35187948 0
80 F -256.640770167 0
80 G -256.378798862 0
80 H -258.285318036 0
80 I -257.476128205 0
80 K -259.099216326 1
80 L -259.082877992 0
80 M -257.636437679 0
80 N -258.488822666 0
80 P -249.768723887 0
80 Q -257.089348185 0
80 R -258.90891248 0
80 S -258.257957034 0
80 T -257.433832177 0
80 V -257.511319017 0
80 W -257.644137081 0
80 Y -256.397632436 0
81 A -257.171473671 0
81 C -255.365314359 0
81 D -257.738883419 0
81 E -267.005282851 1
81 F 9.95716622082 0
81 G -254.045743617 0
81 H -200.452429051 0
81 I -251.254257002 0
81 K -246.351687778 0
81 L -256.525177914 0
81 M -255.381432609 0
81 N -253.370515191 0
81 P -224.24654084 0
81 Q -254.612073937 0
81 R -252.221690135 0
81 S -254.41009786 0
81 T -251.091454849 0
81 V -256.110482548 0
81 W -137.058064352 0
81 Y 279.729006176 0
82 A -264.733950873 0
82 C -262.186605043 0
82 D -261.309767226 0
82 E -262.298388397 0
82 F -220.111354667 0
82 G -261.593734897 0
82 H -254.748719378 0
82 I -266.841608465 0
82 K -262.432158271 0
82 L -265.573978039 0
82 M -262.939963642 0
82 N -262.372327906 0
82 P -65.0667169866 0
82 Q -263.29425134 0
82 R -265.802847658 0
82 S -263.655405727 0
82 T -266.161608746 1
82 V -266.775925953 0
82 W -249.236174088 0
82 Y -29.5400721351 0
83 A -264.592923564 0
83 C -261.867478003 0
83 D -264.319024166 0
83 E -265.222054254 0
83 F -263.18612463 0
83 G -263.244913432 0
83 H -264.367734179 0
83 I -264.685637871 0
83 K -265.575497516 1
83 L -265.14342488 0
83 M -264.704497392 0
83 N -264.189762469 0
83 P -5.93349098956 0
83 Q -263.746524921 0
83 R -265.186871928 0
83 S -264.210471174 0
83 T -264.436698172 0
83 V -263.378523617 0
83 W -264.449052002 0
83 Y -263.063152672 0
84 A -264.912753053 0
84 C -262.174085275 0
84 D -265.019020841 0
84 E -265.175057236 0
84 F -264.427915217 0
84 G -263.577110694 0
84 H -265.419767727 0
84 I -263.300589889 0
84 K -265.550025817 0
84 L -265.082488496 0
84 M -264.155315943 0
84 N -264.578979526 0
84 P 63.2185935894 0
84 Q -263.580148423 0
84 R -266.552878996 0
84 S -264.713913687 0
84 T -265.499313824 1
84 V -252.793920428 0
84 W -267.194401694 0
84 Y -264.331165144 0
85 A -261.955586555 0
85 C -260.604944264 0
85 D -261.336873018 0
85 E -262.511098847 0
85 F -264.634869073 0
85 G -258.882978205 0
85 H -262.695579972 0
85 I -262.394542677 0
85 K -257.921350636 0
85 L -267.625247193 1
85 M -263.860326305 0
85 N -261.491333914 0
85 P -26.3255673455 0
85 Q -261.939038049 0
85 R -257.207448311 0
85 S -260.75919298 0
85 T -263.114013802 0
85 V -262.950040069 0
85 W -247.080747101 0
85 Y -263.706659302 0
86 A -256.185264796 0
86 C -252.260835375 0
86 D -253.004413462 0
86 E -254.759408403 0
86 F -177.870341406 0
86 G -253.744723419 0
86 H -253.299852179 0
86 I -246.478898977 0
86 K -255.521166415 0
86 L -259.462276391 0
86 M -260.650423941 1
86 N -254.372816701 0
86 P 23.0476900385 0
86 Q -254.761711639 0
86 R -256.999910612 0
86 S -254.765549145 0
86 T -254.485935249 0
86 V -242.384992736 0
86 W -252.94237633 0
86 Y -4.56572059205 0
87 A -259.556870868 1
87 C -257.247636964 0
87 D -260.847438907 0
87 E -259.707138877 0
87 F -257.005372074 0
87 G -258.270968745 0
87 H -258.738255436 0
87 I -258.358013164 0
87 K -259.78223321 0
87 L -258.940950227 0
87 M -258.278283508 0
87 N -258.949768457 0
87 P 23.9738192089 0
87 Q -258.615613253 0
87 R -259.519992243 0
87 S -258.597761668 0
87 T -259.429555768 0
87 V -253.950951986 0
87 W -258.154980193 0
87 Y -256.924093713 0
88 A -259.612942784 1
88 C -257.301787618 0
88 D -258.217207662 0
88 E -259.214092663 0
88 F -255.68724048 0
88 G -256.217393922 0
88 H -258.454979496 0
88 I -254.555907313 0
88 K -258.548209864 0
88 L -258.757147906 0
88 M -258.051554589 0
88 N -258.888634463 0
88 P -7.27650924356 0
88 Q -257.4062637 0
88 R -257.101507702 0
88 S -257.733558227 0
88 T -258.366929718 0
88 V -256.457326935 0
88 W -255.712103486 0
88 Y -255.743347091 0
89 A -259.311669903 0
89 C -250.175718432 0
89 D -234.477265585 0
89 E -187.995117422 0
89 F -231.974530203 0
89 G -259.481030001 1
89 H -90.2958822234 0
89 I -176.962277848 0
89 K -232.318372783 0
89 L -148.334499262 0
89 M 119.344827035 0
89 N -236.695348437 0
89 P -75.8679822015 0
89 Q -191.881918547 0
89 R -243.530433981 0
89 S -253.021975104 0
89 T -247.186540395 0
89 V -245.567315366 0
89 W -222.271059792 0
89 Y -225.686026312 0
90 A -259.942943491 0
90 C -259.849169546 0
90 D -264.791104118 1
90 E -254.001604179 0
90 F 484.054837881 0
90 G -255.678154619 0
90 H -129.206297199 0
90 I -224.343236752 0
90 K -241.56660574 0
90 L -255.011811503 0
90 M -254.562537419 0
90 N -259.359578919 0
90 P -51.9274371815 0
90 Q -243.682893278 0
90 R -244.621845085 0
90 S -259.5329487 0
90 T -258.825260977 0
90 V -244.078068456 0
90 W 897.335644965 0
90 Y 186.229912739 0
91 A -254.673040189 0
91 C -253.836349886 0
91 D -255.292305641 0
91 E -260.879128452 0
91 F -256.670211928 0
91 G -253.971342963 0
91 H -257.441106084 0
91 I -255.698510055 0
91 K -259.159848535 1
91 L -258.406219277 0
91 M -260.515750092 0
91 N -256.167955809 0
91 P -127.52263751 0
91 Q -256.182218465 0
91 R -258.763731232 0
91 S -258.738021402 0
91 T -255.90572454 0
91 V -255.374162128 0
91 W -255.972030331 0
91 Y -256.06790001 0
92 A -257.078327731 0
92 C -255.823203933 0
92 D -258.623147757 1
92 E -258.951138565 0
92 F -262.102311615 0
92 G -256.799970183 0
92 H -262.826014263 0
92 I -257.715209658 0
92 K -263.004698352 0
92 L -259.347140559 0
92 M -257.715803631 0
92 N -258.98080183 0
92 P -235.748846581 0
92 Q -258.011788643 0
92 R -262.319586979 0
92 S -258.295211603 0
92 T -258.039013533 0
92 V -257.637359712 0
92 W -261.38705109 0
92 Y -261.738718497 0
93 A -253.290191498 0
93 C -252.659916044 0
93 D -253.837120042 0
93 E -254.533446648 0
93 F -254.26125864 0
93 G -259.159969491 1
93 H -255.897936179 0
93 I -211.52985338 0
93 K -256.116948698 0
93 L -255.135906701 0
93 M -253.505489348 0
93 N -256.068515614 0
93 P -171.080286968 0
93 Q -254.84558864 0
93 R -255.537443724 0
93 S -253.374865902 0
93 T -247.53760144 0
93 V -210.869216558 0
93 W -252.793500988 0
93 Y -253.940725761 0
94 A -255.553915968 0
94 C -254.7287612 0
94 D -256.467592048 1
94 E -256.850617671 0
94 F -255.522756311 0
94 G -255.525787771 0
94 H -256.177160776 0
94 I -258.074178109 0
94 K -257.922925046 0
94 L -257.495739624 0
94 M -255.975014581 0
94 N -257.135827085 0
94 P -245.314525348 0
94 Q -256.70220351 0
94 R -257.49356043 0
94 S -257.09430535 0
94 T -257.072199436 0
94 V -257.150556988 0
94 W -254.537357658 0
94 Y -255.515524621 0
95 A -255.117313319 0
95 C -251.73165356 0
95 D -256.71047673 0
95 E -252.718156776 0
95 F -254.063470243 0
95 G -263.14059893 1
95 H -256.301963902 0
95 I -234.663612243 0
95 K -257.179232044 0
95 L -256.194002856 0
95 M -251.22913453 0
95 N -258.476657477 0
95 P -165.685651362 0
95 Q -254.608354208 0
95 R -256.261107776 0
95 S -255.212870121 0
95 T -248.663800303 0
95 V -235.026077367 0
95 W -252.951781696 0
95 Y -253.204271197 0
96 A -267.688875035 0
96 C -264.834634192 0
96 D -261.298310672 0
96 E -263.414521828 0
96 F -260.437745624 0
96 G -263.840859969 0
96 H -264.291775949 0
96 I -265.676973673 0
96 K -266.937172659 1
96 L -251.971911288 0
96 M -268.230794607 0
96 N -265.475922889 0
96 P -139.534479002 0
96 Q -264.93571661 0
96 R -269.696216624 0
96 S -265.298190936 0
96 T -266.785070485 0
96 V -269.119649005 0
96 W -266.783070863 0
96 Y -259.628204706 0
97 A -252.275130278 0
97 C -252.335772224 0
97 D -252.214783423 0
97 E -254.314692833 0
97 F -194.388671889 0
97 G -247.067284781 0
97 H -248.231376984 0
97 I -263.321504128 1
97 K -245.976074342 0
97 L -260.283555327 0
97 M -255.905695562 0
97 N -255.267320522 0
97 P -205.664865628 0
97 Q -255.153035066 0
97 R -238.657852756 0
97 S -251.647386904 0
97 T -256.048992783 0
97 V -260.970919451 0
97 W -29.1334682249 0
97 Y -94.2168213776 0
98 A -252.603882248 0
98 C -256.520315564 0
98 D -258.655810721 0
98 E -252.709194532 0
98 F -249.955771944 0
98 G -255.84950942 1
98 H -251.103810993 0
98 I -252.587959099 0
98 K -255.380775986 0
98 L -239.169525424 0
98 M -254.457462001 0
98 N -260.854657213 0
98 P -243.633390399 0
98 Q -252.975810042 0
98 R -257.017404894 0
98 S -260.162622621 0
98 T -260.640525894 0
98 V -254.491115785 0
98 W -248.063252601 0
98 Y -250.359562729 0
99 A -253.110131896 0
99 C -253.746499197 0
99 D -254.095714682 0
99 E -256.371806599 0
99 F -254.822356014 0
99 G -250.846731159 0
99 H -254.335194226 0
99 I -258.170859686 0
99 K -255.263286977 0
99 L -255.745549636 0
99 M -254.782562099 0
99 N -253.076043632 0
99 P -254.491905606 0
99 Q -254.954923245 0
99 R -255.984192806 0
99 S -251.233998687 0
99 T -256.674033545 0
99 V -258.201730097 1
99 W -243.814236098 0
99 Y -252.729730388 0
100 A -252.262546795 0
100 C -249.074297085 0
100 D -253.027947616 0
100 E -254.986208962 1
100 F -251.285556795 0
100 G -250.503343004 0
100 H -252.15248324 0
100 I -251.361301931 0
100 K -252.557582017 0
100 L -251.94215141 0
100 M -250.882523807 0
100 N -251.517642019 0
100 P -237.973509666 0
100 Q -251.622824617 0
100 R -252.177137716 0
100 S -251.99535475 0
100 T -252.126704952 0
100 V -251.462611931 0
100 W -253.291019114 0
100 Y -251.049376125 0
101 A -255.462819995 0
101 C -256.265210037 0
101 D -259.18758321 0
101 E -263.566829781 1
101 F -254.904900401 0
101 G -252.956118712 0
101 H -258.092419322 0
101 I -223.360815006 0
101 K -257.253871656 0
101 L -259.449403177 0
101 M -256.797843338 0
101 N -257.025162525 0
101 P -229.37392302 0
101 Q -258.21282005 0
101 R -250.992198011 0
101 S -257.901333552 0
101 T -256.377495638 0
101 V -199.29999863 0
101 W -250.765658307 0
101 Y -248.670051302 0
102 A -247.422994987 0
102 C -244.69386917 0
102 D -246.682853559 0
102 E -248.676763949 0
102 F -256.330602727 1
102 G -244.237428825 0
102 H -252.249069087 0
102 I -226.825088798 0
102 K -246.093518742 0
102 L -248.334296195 0
102 M -249.042763282 0
102 N -246.75825623 0
102 P 6.50039993155 0
102 Q -248.188498546 0
102 R -246.727496637 0
102 S -245.51329196 0
102 T -247.022199888 0
102 V -219.29191227 0
102 W -256.269357862 0
102 Y -255.846209493 0
103 A -257.513462354 0
103 C -256.827443946 0
103 D -255.757987159 0
103 E -258.253086899 0
103 F -258.100958741 0
103 G -255.334556556 0
103 H -257.976922391 0
103 I -258.883414313 0
103 K -256.725688492 0
103 L -259.543645231 0
103 M -256.437728552 0
103 N -257.1121406 0
103 P -31.7579059274 0
103 Q -256.720736467 0
103 R -257.031122451 0
103 S -256.288873204 1
103 T -257.090921268 0
103 V -258.463796346 0
103 W -258.500144419 0
103 Y -258.233902003 0
104 A -255.490090876 0
104 C -252.942373051 0
104 D -254.408702058 0
104 E -255.382127126 0
104 F -252.458120243 0
104 G -253.803440796 0
104 H -254.546902648 0
104 I -255.315751787 0
104 K -255.792965366 0
104 L -257.082625472 0
104 M -254.393952019 0
104 N -255.194891698 0
104 P 69.9287961738 0
104 Q -255.67004465 0
104 R -255.527115301 0
104 S -254.088449112 0
104 T -256.503988481 1
104 V -249.745351575 0
104 W -253.324367041 0
104 Y -252.036703849 0
105 A -251.299423841 0
105 C -248.89334203 0
105 D -251.332020807 0
105 E -250.517193506 0
105 F 464.403318481 0
105 G -248.61649675 0
105 H 46.5659929983 0
105 I -229.843099734 0
105 K -247.480518086 0
105 L -257.235683868 1
105 M -252.315891084 0
105 N -250.760771392 0
105 P -62.7557544418 0
105 Q -257.431535051 0
105 R -245.47931479 0
105 S -249.836169317 0
105 T -248.417877534 0
105 V -250.015527508 0
105 W 490.625917212 0
105 Y -128.658666996 0
106 A -246.162601354 0
106 C -246.822388988 0
106 D -241.261564518 0
106 E -245.730422644 0
106 F -239.573855651 0
106 G -242.334446304 0
106 H -242.913289945 0
106 I -250.542827866 0
106 K -233.096139811 0
106 L -245.520941985 0
106 M -241.727637794 0
106 N -246.925598509 0
106 P -120.188301 0
106 Q -243.839042135 0
106 R -246.998826366 0
106 S -244.895577633 0
106 T -247.862872527 0
106 V -253.305466621 1
106 W 16.2386644811 0
106 Y -238.302669415 0
107 A -252.688001197 1
107 C -249.617389847 0
107 D -252.128554184 0
107 E -251.977336519 0
107 F -250.515372204 0
107 G -251.068932221 0
107 H -251.891160176 0
107 I -249.788669102 0
107 K -252.112198208 0
107 L -251.347771961 0
107 M -250.833995364 0
107 N -252.350707452 0
107 P 107.385165561 0
107 Q -250.6328214 0
107 R -251.810974221 0
107 S -251.087329707 0
107 T -251.186197807 0
107 V -243.188684164 0
107 W -256.094861641 0
107 Y -249.420216683 0
108 A -251.498169355 0
108 C -250.225885893 0
108 D -251.718889292 0
108 E -253.661657974 1
108 F -250.411783349 0
108 G -250.602105072 0
108 H -251.59771312 0
108 I -250.201852176 0
108 K -252.257171243 0
108 L -254.178067582 0
108 M -252.314067438 0
108 N -252.692180685 0
108 P -6.3857179516 0
108 Q -253.007245572 0
108 R -253.13373206 0
108 S -251.314944324 0
108 T -250.872555805 0
108 V -249.309186638 0
108 W -252.251816022 0
108 Y -250.373539697 0
109 A -257.523303386 0
109 C -245.711545815 0
109 D -238.587537944 0
109 E -46.9091027173 0
109 F 9.81307203959 0
109 G -253.161344363 0
109 H -44.2519878145 0
109 I -106.568596964 0
109 K -165.14527553 0
109 L 5.64026801827 0
109 M -130.059675343 0
109 N -221.825526481 0
109 P 7.55646615753 0
109 Q 71.9972973451 0
109 R -72.4534988355 0
109 S -256.192984653 1
109 T -225.537456625 0
109 V -189.315594807 0
109 W 777.294141509 0
109 Y 4.3893912381 0
