1 A -129.418460891 0
1 C -128.605823087 0
1 D -131.061662887 0
1 E -130.619502829 0
1 F -128.072989337 0
1 G -130.326257249 0
1 H -129.852481605 0
1 I -129.759049332 0
1 K -128.178491012 0
1 L -130.584494846 0
1 M -130.155295037 1
1 N -129.136039569 0
1 P -132.948659755 0
1 Q -127.758168778 0
1 R -129.05224073 0
1 S -130.944921175 0
1 T -130.086067023 0
1 V -129.174465992 0
1 W -128.805129324 0
1 Y -127.834990417 0
2 A -131.769930785 0
2 C -131.645016973 0
2 D -129.560642764 0
2 E -129.632695489 0
2 F -130.213976722 0
2 G -121.470344895 0
2 H -130.258077909 0
2 I -133.232202014 0
2 K -130.172191397 0
2 L -121.108515843 0
2 M -130.820021797 0
2 N -130.139544774 0
2 P -123.792532619 0
2 Q -130.901679283 0
2 R -130.475801966 0
2 S -131.726705447 0
2 T -132.743789499 0
2 V -134.174687169 1
2 W -128.862493175 0
2 Y -130.633837162 0
3 A -133.356130155 0
3 C -131.006934391 0
3 D -131.263868953 0
3 E -131.507662728 0
3 F -133.470561549 0
3 G -132.325018956 0
3 H -132.40460773 0
3 I -133.276265385 0
3 K -133.940888213 1
3 L -136.649553495 0
3 M -136.760297544 0
3 N -132.95575649 0
3 P -129.31204796 0
3 Q -131.590440305 0
3 R -133.776616904 0
3 S -132.780418671 0
3 T -133.108566408 0
3 V -132.874718458 0
3 W -135.518240504 0
3 Y -133.241642738 0
4 A -129.410725931 0
4 C -131.057752809 0
4 D -128.733628205 0
4 E -127.703619093 0
4 F -116.305825479 0
4 G -123.00328932 0
4 H -124.902858194 0
4 I -133.437996061 0
4 K -92.2039207283 0
4 L -129.631068664 0
4 M -125.208583615 0
4 N -130.541597792 0
4 P -33.070824023 0
4 Q -127.041216582 0
4 R -107.266258288 0
4 S -130.111107217 0
4 T -133.130254231 0
4 V -137.866793385 1
4 W -111.183163027 0
4 Y -105.8038899 0
5 A -142.261405354 0
5 C -138.915653905 0
5 D -140.724613861 0
5 E -140.719748284 0
5 F -135.876277641 0
5 G -141.112454145 0
5 H -141.564732694 0
5 I -142.063394666 0
5 K -141.752169778 1
5 L -141.382756323 0
5 M -140.559492026 0
5 N -140.699723555 0
5 P -141.739054201 0
5 Q -140.842632778 0
5 R -141.593330013 0
5 S -142.442570375 0
5 T -141.288263934 0
5 V -142.261155359 0
5 W -138.644799775 0
5 Y -133.583266232 0
6 A -132.113643651 0
6 C -133.141709041 0
6 D -132.239384495 0
6 E -131.157503043 0
6 F -144.496813693 1
6 G -128.669710482 0
6 H -139.13924726 0
6 I -129.113137482 0
6 K -130.9688782 0
6 L -131.882330763 0
6 M -136.800095163 0
6 N -134.428431021 0
6 P -89.9227884222 0
6 Q -131.370213279 0
6 R -116.894595475 0
6 S -132.369937091 0
6 T -133.077674041 0
6 V -124.297578123 0
6 W -88.0659733324 0
6 Y -141.008246916 0
7 A -141.456707597 0
7 C -140.880484752 0
7 D -139.405996673 0
7 E -142.622051814 0
7 F -139.802024723 0
7 G -139.164972806 0
7 H -143.058661472 0
7 I -144.590169433 0
7 K -142.350579129 1
7 L -141.978202148 0
7 M -143.077407593 0
7 N -141.782071963 0
7 P -132.210576659 0
7 Q -142.633316966 0
7 R -143.691766005 0
7 S -142.22947197 0
7 T -142.808262076 0
7 V -144.649199279 0
7 W -138.786222721 0
7 Y -140.289400286 0
8 A -138.262711482 0
8 C -137.672168152 0
8 D -138.831835859 0
8 E -138.334679147 0
8 F -139.840904353 0
8 G -134.206600445 0
8 H -140.334414762 0
8 I -136.755278947 0
8 K -138.192693773 0
8 L -129.250483543 0
8 M -136.744479273 0
8 N -138.279908892 0
8 P -110.79248458 0
8 Q -136.755851708 0
8 R -137.628569495 0
8 S -139.456703773 0
8 T -137.329627608 0
8 V -137.984536198 0
8 W -139.006286494 0
8 Y -139.404701309 1
9 A -131.603757963 0
9 C -130.368261761 0
9 D -134.183777941 0
9 E -134.830820114 0
9 F -127.790711134 0
9 G -132.057987411 0
9 H -131.051374846 0
9 I -107.033316902 0
9 K -134.540997243 1
9 L -132.635639931 0
9 M -133.61243957 0
9 N -137.073708562 0
9 P -72.8199888363 0
9 Q -131.29309128 0
9 R -134.704275409 0
9 S -131.399834873 0
9 T -125.483315532 0
9 V -118.063386396 0
9 W -131.255751937 0
9 Y -126.618741401 0
10 A -128.997746642 0
10 C -125.217921449 0
10 D -130.098033816 0
10 E -130.30136063 0
10 F -130.405113977 0
10 G -135.637136727 1
10 H -131.708716149 0
10 I -116.535414057 0
10 K -131.625791395 0
10 L -130.046635521 0
10 M -128.530514484 0
10 N -132.651026212 0
10 P -53.8407568946 0
10 Q -128.680595434 0
10 R -131.281070054 0
10 S -131.410290718 0
10 T -126.535356107 0
10 V -116.933933909 0
10 W -128.560192482 0
10 Y -129.50033171 0
11 A -135.988283928 0
11 C -134.585279805 0
11 D -135.798977414 0
11 E -137.504599447 1
11 F -135.667896314 0
11 G -134.086826446 0
11 H -136.22527308 0
11 I -137.244807865 0
11 K -136.347744844 0
11 L -136.60370786 0
11 M -135.365250941 0
11 N -136.190593055 0
11 P 248.865460317 0
11 Q -135.670606332 0
11 R -137.246324995 0
11 S -135.229151971 0
11 T -136.423806678 0
11 V -137.456290389 0
11 W -135.935733822 0
11 Y -135.46880739 0
12 A -133.937841632 0
12 C -133.434446517 0
12 D -140.919335745 0
12 E -142.295190967 1
12 F -139.735501311 0
12 G -132.506856392 0
12 H -139.286684705 0
12 I -142.388926936 0
12 K -135.519192845 0
12 L -142.920067946 0
12 M -140.507963962 0
12 N -134.554226966 0
12 P -134.936291685 0
12 Q -139.106853919 0
12 R -134.848940462 0
12 S -135.056054276 0
12 T -141.89996149 0
12 V -142.284405406 0
12 W -141.760901777 0
12 Y -133.872888555 0
13 A -139.114579306 0
13 C -138.177620731 0
13 D -137.347624691 0
13 E -139.066921931 0
13 F -140.520824187 0
13 G -135.740473427 0
13 H -141.976374446 0
13 I -139.297541425 0
13 K -140.725063027 1
13 L -143.942041135 0
13 M -140.471452352 0
13 N -138.510651476 0
13 P -41.0045784495 0
13 Q -141.274563194 0
13 R -145.010186424 0
13 S -138.084229442 0
13 T -137.932626981 0
13 V -139.023149403 0
13 W -139.775546292 0
13 Y -120.835822541 0
14 A -139.949582184 0
14 C -138.97813541 0
14 D -140.204980343 0
14 E -140.450079027 1
14 F -136.051515719 0
14 G -136.388174078 0
14 H -137.143722934 0
14 I -138.997299641 0
14 K -139.858440277 0
14 L -141.537101749 0
14 M -140.965306892 0
14 N -137.7513731 0
14 P -124.59525246 0
14 Q -139.502058346 0
14 R -140.996789972 0
14 S -139.444432445 0
14 T -140.381382447 0
14 V -141.099484352 0
14 W -137.846676104 0
14 Y -137.282871332 0
15 A -133.085714774 0
15 C -133.709506142 0
15 D -128.218048972 0
15 E -129.14791592 0
15 F -42.2737763668 0
15 G -127.855944261 0
15 H -118.517389409 0
15 I -135.890240281 0
15 K -112.108563492 0
15 L -120.724633433 0
15 M -124.720071429 0
15 N -131.368317713 0
15 P -92.4140874866 0
15 Q -133.042228609 0
15 R -113.332480689 0
15 S -131.785314147 0
15 T -132.722526097 0
15 V -139.574618455 1
15 W -60.0880970987 0
15 Y -106.451403805 0
16 A -130.000501646 0
16 C -129.474064591 0
16 D -130.784063198 1
16 E -131.151509362 0
16 F -124.473234547 0
16 G -128.403796548 0
16 H -127.232471778 0
16 I -132.130073324 0
16 K -129.283527453 0
16 L -129.708601489 0
16 M -130.269775195 0
16 N -130.413392608 0
16 P -131.751368317 0
16 Q -129.456259355 0
16 R -131.078717459 0
16 S -130.531928011 0
16 T -130.73855578 0
16 V -132.206525847 0
16 W -125.171329119 0
16 Y -124.632898149 0
17 A -134.083996641 0
17 C -134.659207813 0
17 D -130.500448146 0
17 E -131.473051368 0
17 F -133.799908355 0
17 G -127.173387868 0
17 H -133.712408736 0
17 I -131.761875636 0
17 K -129.074757664 0
17 L -117.955126362 0
17 M -124.21636252 0
17 N -131.18378582 0
17 P -31.1078951939 0
17 Q -129.718067838 0
17 R -131.50429423 0
17 S -135.420188426 0
17 T -137.06000646 1
17 V -136.912207286 0
17 W -134.96064771 0
17 Y -133.927213767 0
18 A -126.895605156 0
18 C -123.643190905 0
18 D -125.876870243 0
18 E -129.819018109 0
18 F -123.639813511 0
18 G -126.157306702 0
18 H -125.833737104 0
18 I -123.064429643 0
18 K -126.763844533 0
18 L -126.233163564 0
18 M -125.829127999 0
18 N -126.466479662 0
18 P -101.157908495 0
18 Q -125.965952791 0
18 R -130.834677732 0
18 S -126.800343851 1
18 T -124.49581989 0
18 V -123.438700624 0
18 W -128.409518366 0
18 Y -126.823264395 0
19 A -127.349732899 0
19 C -125.345556873 0
19 D -126.837467917 0
19 E -128.233516973 0
19 F -124.636470755 0
19 G -125.858868538 0
19 H -126.901266167 0
19 I -116.736960074 0
19 K -127.985907142 1
19 L -128.911129895 0
19 M -126.197367581 0
19 N -127.450391759 0
19 P 73.3970784891 0
19 Q -128.152795488 0
19 R -128.39836784 0
19 S -127.08699385 0
19 T -125.317552154 0
19 V -117.291376245 0
19 W -130.704428304 0
19 Y -124.733958089 0
20 A -121.633787326 0
20 C -122.71035371 0
20 D -120.889241563 0
20 E -119.383591994 0
20 F -107.631848729 0
20 G -118.444981368 0
20 H -98.7870469979 0
20 I -131.954323399 1
20 K -107.27325955 0
20 L -124.680895857 0
20 M -124.825654788 0
20 N -122.619627445 0
20 P 92.1278759222 0
20 Q -121.989605579 0
20 R -115.638286636 0
20 S -119.985039098 0
20 T -123.817725578 0
20 V -128.229771366 0
20 W -103.517583401 0
20 Y -98.5248801728 0
21 A -124.558647656 0
21 C -118.422401121 0
21 D -126.798476565 0
21 E -126.038944713 0
21 F -123.093334845 0
21 G -127.671824926 0
21 H -125.796621764 0
21 I -125.071631594 0
21 K -129.742905233 1
21 L -129.00975105 0
21 M -123.131885108 0
21 N -124.361095783 0
21 P 91.031468796 0
21 Q -124.754487334 0
21 R -129.462290879 0
21 S -127.167845193 0
21 T -128.376576944 0
21 V -126.196381387 0
21 W -124.675486679 0
21 Y -121.775711263 0
22 A -126.981778661 0
22 C -124.91318298 0
22 D -127.364914663 0
22 E -127.465572289 0
22 F -128.154116787 0
22 G -124.250999325 0
22 H -127.11065781 0
22 I -125.231699087 0
22 K -128.828572977 1
22 L -129.506278297 0
22 M -127.124893566 0
22 N -127.163088628 0
22 P -97.5574439697 0
22 Q -126.158076964 0
22 R -130.229692742 0
22 S -127.097030106 0
22 T -124.76268578 0
22 V -125.438272731 0
22 W -128.105073269 0
22 Y -128.15238498 0
23 A -121.89077029 0
23 C -122.041096763 0
23 D -118.817939172 0
23 E -115.577552547 0
23 F -73.5312224409 0
23 G -116.111704593 0
23 H -103.893525739 0
23 I -123.183379518 0
23 K -112.373051484 0
23 L -122.752458217 0
23 M -112.7251248 0
23 N -121.083619935 0
23 P -111.04143574 0
23 Q -116.805354189 0
23 R -104.328528848 0
23 S -121.348254721 0
23 T -124.084193482 0
23 V -128.485621992 1
23 W 137.00985595 0
23 Y 176.364834071 0
24 A -124.210001853 0
24 C -123.736152285 0
24 D -125.88374787 0
24 E -125.194507476 0
24 F -126.119603583 0
24 G -121.73948682 0
24 H -125.835685501 0
24 I -123.671472332 0
24 K -125.273599591 0
24 L -123.020717369 0
24 M -123.565853306 0
24 N -123.10120652 0
24 P -62.2332272097 0
24 Q -122.710344812 0
24 R -124.921974368 0
24 S -125.608006919 0
24 T -124.724788937 0
24 V -124.424947889 0
24 W -130.553230507 1
24 Y -126.784530767 0
25 A -121.791663758 0
25 C -120.50211326 0
25 D -118.867499345 0
25 E -124.704944477 0
25 F 360.728633553 0
25 G -118.907604379 0
25 H 162.824276365 0
25 I -127.554789386 0
25 K -127.389396018 0
25 L -124.80356157 0
25 M -125.693550128 0
25 N -125.186590697 0
25 P -104.849755696 0
25 Q -127.105726447 0
25 R -131.796692397 1
25 S -123.080268989 0
25 T -122.124383212 0
25 V -124.852583703 0
25 W 226.392495327 0
25 Y 416.006222432 0
26 A -124.491224594 0
26 C -123.445019651 0
26 D -128.301461977 0
26 E -128.97665682 0
26 F -124.702950434 0
26 G -117.313790138 0
26 H -125.63386135 0
26 I -125.490846237 0
26 K -125.363006596 0
26 L -123.736545122 0
26 M -123.35777773 0
26 N -127.101555221 0
26 P -27.795359562 0
26 Q -125.948453463 0
26 R -125.448166644 0
26 S -126.310309619 0
26 T -124.87145376 0
26 V -127.476117054 1
26 W -123.359466347 0
26 Y -124.134385702 0
27 A -123.232810545 0
27 C -111.708026405 0
27 D -126.974689928 0
27 E -116.185440265 0
27 F -112.233793517 0
27 G -129.214887256 1
27 H -114.981140461 0
27 I -102.765136255 0
27 K -125.456168149 0
27 L -114.683327932 0
27 M -114.056714001 0
27 N -125.708383054 0
27 P -62.7491403069 0
27 Q -122.61432025 0
27 R -114.642861513 0
27 S -125.662908101 0
27 T -111.327326803 0
27 V -101.059296043 0
27 W -112.826739024 0
27 Y -112.252258092 0
28 A -129.382593061 0
28 C -127.788617951 0
28 D -131.910206521 0
28 E -131.595165747 0
28 F -129.615890817 0
28 G -129.805811569 0
28 H -131.214835283 0
28 I -129.920019997 0
28 K -131.447938058 1
28 L -131.528247218 0
28 M -130.577169238 0
28 N -131.554422363 0
28 P -127.783068503 0
28 Q -129.809606695 0
28 R -130.784068294 0
28 S -131.714039886 0
28 T -131.622071737 0
28 V -130.043596036 0
28 W -130.454989508 0
28 Y -129.556451529 0
29 A -128.786917237 0
29 C -128.03144644 0
29 D -128.09396794 0
29 E -129.73122344 0
29 F -129.934876235 0
29 G -126.428807239 0
29 H -129.048164848 0
29 I -132.447043942 0
29 K -129.358897987 0
29 L -130.704413655 0
29 M -130.528454135 1
29 N -128.938187212 0
29 P 47.0053647875 0
29 Q -128.96832483 0
29 R -130.185915521 0
29 S -128.540292825 0
29 T -130.867318233 0
29 V -132.023769292 0
29 W -131.028038654 0
29 Y -129.520244508 0
30 A -123.455322659 0
30 C -125.670681402 0
30 D -124.217106462 0
30 E -121.414784312 0
30 F -117.329369525 0
30 G -118.234258103 0
30 H -114.318528242 0
30 I -131.195878351 0
30 K -87.3586874845 0
30 L -129.58307516 0
30 M -119.922921162 0
30 N -126.755259686 0
30 P -57.3155178864 0
30 Q -123.398805805 0
30 R -101.186341574 0
30 S -124.681760586 0
30 T -127.915964913 0
30 V -132.949805452 1
30 W 16.5367556511 0
30 Y -114.718108718 0
31 A -129.836013126 0
31 C -126.464881916 0
31 D -125.308449472 0
31 E -129.105550607 0
31 F -123.783293247 0
31 G -124.971310004 0
31 H -128.27707812 0
31 I -128.706950795 0
31 K -120.145072582 0
31 L -117.746429964 0
31 M -129.19772962 0
31 N -125.299016393 0
31 P -12.1714978687 0
31 Q -130.18991693 0
31 R -131.125442353 0
31 S -127.456169924 1
31 T -128.706423505 0
31 V -131.268796533 0
31 W -109.423493311 0
31 Y -122.538182208 0
32 A -114.239071964 0
32 C -113.92533717 0
32 D -111.126475235 0
32 E -109.410910088 0
32 F -128.108745677 1
32 G -110.272831796 0
32 H -120.168074169 0
32 I -105.369518021 0
32 K -106.878988618 0
32 L -118.637186142 0
32 M -119.582119103 0
32 N -114.661962584 0
32 P -68.8799757028 0
32 Q -112.152877542 0
32 R -112.039653597 0
32 S -113.844932185 0
32 T -110.626825458 0
32 V -98.8225261005 0
32 W -110.073265684 0
32 Y -130.30539835 0
33 A -126.141871377 0
33 C -124.864681918 0
33 D -123.312605314 0
33 E -127.934120254 0
33 F -123.608215974 0
33 G -123.41826648 0
33 H -123.646180755 0
33 I -123.919754418 0
33 K -125.671897288 0
33 L -128.103609976 0
33 M -126.546801164 0
33 N -124.771134622 0
33 P 13.4202409392 0
33 Q -126.033325422 0
33 R -125.197745744 0
33 S -127.215411937 0
33 T -129.078201806 1
33 V -124.322669706 0
33 W -123.413098386 0
33 Y -120.701892924 0
34 A -123.203782186 0
34 C -122.545801431 0
34 D -120.660213741 0
34 E -118.209529667 0
34 F -134.238819659 0
34 G -119.47544662 0
34 H -129.124741426 0
34 I -110.838381662 0
34 K -121.631239636 0
34 L -106.424848358 0
34 M -124.324216794 0
34 N -122.774782099 0
34 P -78.0206493155 0
34 Q -120.274653573 0
34 R -119.336333342 0
34 S -122.574016632 0
34 T -122.898386969 0
34 V -101.169105067 0
34 W -133.529192812 0
34 Y -134.425257838 1
35 A -123.505162781 0
35 C -121.100223689 0
35 D -129.113675237 1
35 E -123.749581719 0
35 F -120.906949846 0
35 G -121.167983467 0
35 H -124.488884078 0
35 I -125.524434838 0
35 K -124.264048319 0
35 L -124.019732963 0
35 M -123.001694389 0
35 N -127.691373529 0
35 P 91.8040314239 0
35 Q -122.48512892 0
35 R -124.238627419 0
35 S -123.729164788 0
35 T -122.702890925 0
35 V -125.109240413 0
35 W -119.565295311 0
35 Y -119.117472796 0
36 A -125.665424239 0
36 C -122.118518114 0
36 D -130.180087891 1
36 E -128.656935663 0
36 F -125.074847394 0
36 G -122.243727823 0
36 H -128.190499056 0
36 I 55.4827953134 0
36 K -124.427953739 0
36 L -125.212092649 0
36 M -125.058368703 0
36 N -126.813368707 0
36 P 181.155544405 0
36 Q -127.453198846 0
36 R -127.172894275 0
36 S -123.341493702 0
36 T -122.336205907 0
36 V -109.281644631 0
36 W -127.219484563 0
36 Y -125.614320077 0
37 A -125.57077166 0
37 C -124.192649294 0
37 D -128.662534955 0
37 E -127.247833924 0
37 F -125.587071745 0
37 G -124.806107728 0
37 H -127.495401856 0
37 I -109.052209226 0
37 K -127.883560031 0
37 L -125.867189622 0
37 M -125.497897059 0
37 N -128.813877754 1
37 P -78.2948814417 0
37 Q -125.95858157 0
37 R -127.199634267 0
37 S -127.091929102 0
37 T -121.726613786 0
37 V -113.742758054 0
37 W -124.376158067 0
37 Y -124.918079617 0
38 A -115.338289257 0
38 C -106.925355461 0
38 D -116.05457796 0
38 E -112.553734961 0
38 F -113.373706048 0
38 G -128.756686453 1
38 H -115.865478904 0
38 I -104.316844438 0
38 K -116.003925341 0
38 L -112.606854926 0
38 M -111.004388561 0
38 N -117.069453841 0
38 P -0.439976165891 0
38 Q -112.345877079 0
38 R -116.444037043 0
38 S -117.275589019 0
38 T -109.332597128 0
38 V -105.006638464 0
38 W -110.499282088 0
38 Y -110.97284332 0
39 A -126.542549961 0
39 C -125.635484219 0
39 D -128.323907217 0
39 E -127.993375458 0
39 F -127.135273229 0
39 G -126.126595072 0
39 H -127.896460928 0
39 I -125.948697025 0
39 K -128.477558261 1
39 L -128.302409922 0
39 M -126.620129113 0
39 N -126.85471423 0
39 P -7.63416731576 0
39 Q -127.247508629 0
39 R -130.206992093 0
39 S -127.501817252 0
39 T -127.756621493 0
39 V -126.496825763 0
39 W -126.029710725 0
39 Y -127.238651978 0
40 A -126.54691177 0
40 C -126.526091711 0
40 D -126.003262296 0
40 E -130.746731008 0
40 F -124.044219981 0
40 G -124.290648844 0
40 H -126.421224483 0
40 I -126.010640292 0
40 K -126.42917554 0
40 L -120.80886602 0
40 M -128.002967967 0
40 N -125.722291071 0
40 P -125.17638035 0
40 Q -127.07209651 0
40 R -127.276972698 0
40 S -126.875344962 0
40 T -129.529753478 1
40 V -126.520828329 0
40 W -125.021779408 0
40 Y -123.349321622 0
41 A -120.427822569 0
41 C -81.9229701341 0
41 D -94.2360294202 0
41 E -91.9583028371 0
41 F -112.245691451 0
41 G -129.614702219 1
41 H -115.233915077 0
41 I -81.2827837313 0
41 K -75.2233247487 0
41 L -69.5736680468 0
41 M -90.8876573652 0
41 N -118.490338552 0
41 P 50.9963062337 0
41 Q -88.6817634189 0
41 R -86.0087269586 0
41 S -110.360390651 0
41 T -78.8231141219 0
41 V -86.2676461837 0
41 W -113.85925615 0
41 Y -114.673494081 0
42 A -125.12815839 0
42 C -123.147346863 0
42 D -122.380346987 0
42 E -125.599954583 0
42 F -126.766654176 0
42 G -121.957462708 0
42 H -126.925648225 0
42 I -124.834008556 0
42 K -125.869243187 0
42 L -124.541434365 0
42 M -124.440860395 0
42 N -124.954862685 0
42 P -106.514099578 0
42 Q -124.270095943 0
42 R -125.891006241 1
42 S -124.122807679 0
42 T -123.897546806 0
42 V -125.260051508 0
42 W -127.661105649 0
42 Y -126.872150414 0
43 A -128.090550955 0
43 C -86.5637041023 0
43 D -112.362567202 0
43 E -77.5039807923 0
43 F 86.3387650656 0
43 G -132.93553012 1
43 H -11.5544161823 0
43 I -80.6822607131 0
43 K -76.1131802469 0
43 L -101.286683481 0
43 M 5.75604412512 0
43 N -115.430661197 0
43 P -94.9514257979 0
43 Q -104.168187629 0
43 R -88.5201157733 0
43 S -122.628620313 0
43 T -112.684417461 0
43 V -79.0865053107 0
43 W -75.1853427655 0
43 Y 130.384954546 0
44 A -134.712885329 1
44 C -132.382428139 0
44 D -131.902866002 0
44 E -127.912076587 0
44 F -134.584156585 0
44 G -132.029104518 0
44 H -133.683079077 0
44 I -119.084499215 0
44 K -131.624580028 0
44 L -116.748839319 0
44 M -130.862468775 0
44 N -133.273010834 0
44 P -105.079809035 0
44 Q -132.170244104 0
44 R -132.40195278 0
44 S -135.303685026 0
44 T -133.252697598 0
44 V -110.741699131 0
44 W -134.785039618 0
44 Y -134.20538792 0
45 A -127.45637791 0
45 C -128.02271284 0
45 D -127.706306418 0
45 E -126.590891746 0
45 F -26.8979515998 0
45 G -120.215250035 0
45 H -105.766551504 0
45 I -125.457167519 0
45 K -122.186671261 0
45 L -129.682307053 0
45 M -131.059208095 0
45 N -133.560699882 0
45 P -101.949666019 0
45 Q -126.566415847 0
45 R -123.582189929 0
45 S -127.575361705 0
45 T -130.38971811 0
45 V -134.525651968 1
45 W -91.7877368946 0
45 Y -11.1282635801 0
46 A -131.113367769 0
46 C -129.147091958 0
46 D -130.821910968 0
46 E -130.632202074 0
46 F -130.739810701 0
46 G -129.490608277 0
46 H -132.961105693 0
46 I -127.682171944 0
46 K -129.999535387 0
46 L -127.103314444 0
46 M -129.553545208 0
46 N -130.992856418 0
46 P -130.732107949 0
46 Q -129.005111349 0
46 R -129.382325799 0
46 S -130.577380464 1
46 T -128.890380979 0
46 V -129.213287346 0
46 W -132.038447232 0
46 Y -130.676661383 0
47 A -129.267071065 0
47 C -128.016270201 0
47 D -125.941223805 0
47 E -131.916022154 1
47 F -125.02851211 0
47 G -126.172623435 0
47 H -128.268551181 0
47 I -126.61304345 0
47 K -127.831849361 0
47 L -126.5193552 0
47 M -127.695613922 0
47 N -126.683619744 0
47 P 29.7263704664 0
47 Q -129.744351392 0
47 R -129.193304109 0
47 S -129.017199424 0
47 T -128.921314688 0
47 V -127.111138036 0
47 W -128.017891062 0
47 Y -127.683277319 0
48 A -127.610626575 0
48 C -126.365300296 0
48 D -128.861858193 0
48 E -128.914261605 0
48 F -124.937608625 0
48 G -126.521221678 0
48 H -126.455657959 0
48 I -126.679801182 0
48 K -129.603479814 1
48 L -127.594403662 0
48 M -126.983828473 0
48 N -127.594805739 0
48 P -112.768991043 0
48 Q -126.326473756 0
48 R -127.411221549 0
48 S -128.0622356 0
48 T -127.145598173 0
48 V -126.436254178 0
48 W -125.837623814 0
48 Y -125.029580906 0
49 A -124.940933257 0
49 C -123.963466016 0
49 D -128.442146184 1
49 E -126.533112563 0
49 F -124.320291282 0
49 G -124.099905581 0
49 H -125.810925003 0
49 I -122.123696568 0
49 K -136.499809604 0
49 L -127.017651187 0
49 M -124.878959048 0
49 N -125.767843009 0
49 P 133.065377316 0
49 Q -124.311482903 0
49 R -133.649511719 0
49 S -125.520608699 0
49 T -125.377239748 0
49 V -123.151893465 0
49 W -124.524119742 0
49 Y -111.658551666 0
50 A -129.374519509 1
50 C -122.625077394 0
50 D -100.622644861 0
50 E -109.110814735 0
50 F 135.065039461 0
50 G -123.507219216 0
50 H 158.699809266 0
50 I -61.6998894438 0
50 K -97.6478054595 0
50 L -76.8974900108 0
50 M -81.7104462535 0
50 N -117.363863955 0
50 P 164.755908128 0
50 Q -86.8531916611 0
50 R 41.7563942145 0
50 S -125.845236382 0
50 T -118.409133283 0
50 V -122.070075025 0
50 W 235.471873769 0
50 Y 181.735671411 0
51 A -127.374333709 0
51 C -125.092048573 0
51 D -127.890481828 0
51 E -127.732054569 0
51 F -130.213570552 0
51 G -123.141057569 0
51 H -130.967592255 0
51 I -123.280562829 0
51 K -127.35302605 0
51 L -127.983211071 0
51 M -126.509656695 0
51 N -127.018662043 0
51 P -131.695536375 1
51 Q -130.316294407 0
51 R -127.235959586 0
51 S -127.843922694 0
51 T -127.018302511 0
51 V -124.479926896 0
51 W -130.173521261 0
51 Y -130.172386317 0
52 A -126.343021286 0
52 C -122.952576158 0
52 D -127.989857492 0
52 E -127.864438889 0
52 F -124.136663003 0
52 G -125.331264141 0
52 H -125.745014633 0
52 I -126.049393453 0
52 K -129.760421501 1
52 L -126.668391309 0
52 M -125.425070863 0
52 N -126.091995521 0
52 P -126.538931702 0
52 Q -128.162550431 0
52 R -127.126431284 0
52 S -126.941926012 0
52 T -127.212541323 0
52 V -126.078958715 0
52 W -125.006642061 0
52 Y -123.918383333 0
53 A -128.333877415 0
53 C -125.167548324 0
53 D -127.533182173 0
53 E -128.536862878 1
53 F -124.444239906 0
53 G -125.397797436 0
53 H -122.962625511 0
53 I -124.958777741 0
53 K -127.641205733 0
53 L -121.760284608 0
53 M -126.853325895 0
53 N -126.206197747 0
53 P -111.079623147 0
53 Q -126.817028604 0
53 R -128.283794882 0
53 S -126.935005757 0
53 T -127.549912932 0
53 V -127.169852427 0
53 W -123.106483633 0
53 Y -124.662552941 0
54 A -121.298810521 0
54 C -119.399263234 0
54 D -119.590541082 0
54 E -123.380034914 0
54 F -120.017062372 0
54 G -117.067957832 0
54 H -121.818901223 0
54 I -118.135037429 0
54 K -113.205119581 0
54 L -130.222455283 1
54 M -123.863983812 0
54 N -119.414555855 0
54 P -55.3281751225 0
54 Q -123.633895491 0
54 R -113.06395723 0
54 S -119.630460277 0
54 T -121.641863263 0
54 V -123.923586192 0
54 W -98.479062029 0
54 Y -113.234728921 0
55 A -124.850538858 0
55 C -125.812838129 0
55 D -126.406459474 0
55 E -128.669888578 0
55 F -126.725011777 0
55 G -123.175772811 0
55 H -128.23152155 0
55 I -130.461094001 0
55 K -128.917065155 0
55 L -133.366360042 1
55 M -132.049821973 0
55 N -128.610309137 0
55 P 42.3038528152 0
55 Q -128.597317253 0
55 R -130.42458004 0
55 S -126.922493899 0
55 T -126.437837543 0
55 V -128.211928215 0
55 W -126.984539996 0
55 Y -126.825633009 0
56 A -129.380008258 0
56 C -127.323741447 0
56 D -131.144596823 1
56 E -129.861005762 0
56 F -126.886915071 0
56 G -127.308465726 0
56 H -127.981081573 0
56 I -128.334411589 0
56 K -128.636817198 0
56 L -129.709591336 0
56 M -127.40368792 0
56 N -126.505808242 0
56 P 244.354017757 0
56 Q -127.521061634 0
56 R -127.863584162 0
56 S -127.775982457 0
56 T -129.295153362 0
56 V -129.426057126 0
56 W -128.605281409 0
56 Y -126.687666841 0
57 A -129.292302483 0
57 C -126.372481137 0
57 D -129.5385773 0
57 E -128.475433845 0
57 F -127.623387001 0
57 G -126.167001688 0
57 H -129.41116034 0
57 I -130.327809323 0
57 K -128.365830102 0
57 L -128.736089985 0
57 M -132.049638504 1
57 N -128.971888692 0
57 P 70.0773010317 0
57 Q -129.61965178 0
57 R -130.436249072 0
57 S -128.108022177 0
57 T -128.159148203 0
57 V -128.752617905 0
57 W -123.765326662 0
57 Y -127.003124707 0
58 A -125.54205552 0
58 C -124.405142034 0
58 D -122.074633169 0
58 E -130.88496299 0
58 F -121.43276464 0
58 G -122.82508542 0
58 H -121.84528185 0
58 I -64.5829408541 0
58 K -124.1939237 0
58 L -136.211822495 1
58 M -130.369395859 0
58 N -125.617995072 0
58 P 132.73632099 0
58 Q -130.157119467 0
58 R -127.686215919 0
58 S -125.195859277 0
58 T -126.745896779 0
58 V -126.152767241 0
58 W -123.397855217 0
58 Y -117.566063153 0
59 A -131.415630463 1
59 C -128.031579673 0
59 D -129.633222758 0
59 E -131.048493045 0
59 F -128.663580311 0
59 G -129.367153754 0
59 H -131.154009935 0
59 I -129.35411076 0
59 K -131.632268978 0
59 L -131.319968834 0
59 M -130.15729541 0
59 N -130.054136385 0
59 P 178.577546451 0
59 Q -129.502468306 0
59 R -131.388863774 0
59 S -129.785677838 0
59 T -125.170419515 0
59 V -130.107929513 0
59 W -129.275712016 0
59 Y -129.665249627 0
60 A -130.057460822 0
60 C -127.016012824 0
60 D -128.854863276 0
60 E -131.328442506 0
60 F -128.410831647 0
60 G -128.256809014 0
60 H -129.65510421 0
60 I -129.893970429 0
60 K -129.754165493 0
60 L -129.416428458 0
60 M -127.949896466 0
60 N -128.447323503 0
60 P 132.50589858 0
60 Q -129.646880768 0
60 R -129.903337929 1
60 S -129.310521424 0
60 T -129.449069479 0
60 V -128.986835431 0
60 W -129.232701976 0
60 Y -128.261591756 0
61 A -131.003867455 1
61 C -130.792629584 0
61 D -126.310138481 0
61 E -130.399313082 0
61 F -128.265431473 0
61 G -128.359310262 0
61 H -129.081329576 0
61 I -120.615718825 0
61 K -128.852887168 0
61 L -12.7493272781 0
61 M -131.636430088 0
61 N -127.551267957 0
61 P 219.862992219 0
61 Q -129.443407326 0
61 R -127.760712327 0
61 S -131.762701476 0
61 T -126.648155323 0
61 V -119.741707809 0
61 W -131.873717886 0
61 Y -129.079642924 0
62 A -127.543401689 0
62 C -127.742812008 0
62 D -129.252830219 0
62 E -130.530667846 1
62 F -122.866632871 0
62 G -126.312219088 0
62 H -124.5368939 0
62 I -125.243246051 0
62 K -127.037101997 0
62 L -131.268444583 0
62 M -129.111064379 0
62 N -129.373697907 0
62 P 168.280109186 0
62 Q -127.997154009 0
62 R -128.472207878 0
62 S -127.100489732 0
62 T -127.089402853 0
62 V -124.7637376 0
62 W -122.756864074 0
62 Y -122.605466072 0
63 A -129.019862302 0
63 C -128.937182511 0
63 D -128.099328732 0
63 E -129.887010192 0
63 F -127.661638401 0
63 G -129.183111621 0
63 H -129.678848577 0
63 I -124.268020826 0
63 K -130.105679874 0
63 L -129.231824477 0
63 M -129.346645966 0
63 N -130.39773947 0
63 P 118.666732616 0
63 Q -128.731034023 0
63 R -129.757702582 1
63 S -129.598496243 0
63 T -126.239335293 0
63 V -123.942408076 0
63 W -129.680626811 0
63 Y -127.72351183 0
64 A -132.046546093 0
64 C -130.622843468 0
64 D -132.738143708 0
64 E -131.910032993 1
64 F -130.149575735 0
64 G -130.799828507 0
64 H -129.210824775 0
64 I -131.788792047 0
64 K -131.747580977 0
64 L -132.526344278 0
64 M -130.907798691 0
64 N -132.106176714 0
64 P 156.17767181 0
64 Q -130.49702631 0
64 R -135.532647674 0
64 S -134.025484093 0
64 T -130.106343344 0
64 V -131.263218975 0
64 W -133.177937663 0
64 Y -129.709784665 0
65 A -127.259728694 0
65 C -126.877210461 0
65 D -127.576324406 0
65 E -128.539882381 0
65 F -127.088878179 0
65 G -127.598859197 0
65 H -129.086551125 0
65 I -128.512083586 0
65 K -129.489869526 1
65 L -129.117143723 0
65 M -127.759452893 0
65 N -129.39082014 0
65 P -119.858797429 0
65 Q -130.487649941 0
65 R -129.24996594 0
65 S -128.799794982 0
65 T -130.206537864 0
65 V -128.703958466 0
65 W -126.123903013 0
65 Y -127.516046257 0
66 A -125.89276802 0
66 C -124.296517821 0
66 D -126.141069221 0
66 E -126.637227983 0
66 F -124.429910602 0
66 G -127.574909236 0
66 H -126.676631072 0
66 I -126.193148599 0
66 K -127.227094062 1
66 L -126.745059388 0
66 M -126.164808111 0
66 N -126.427578688 0
66 P -90.2392415615 0
66 Q -126.129321662 0
66 R -127.295550753 0
66 S -125.369714071 0
66 T -125.538990182 0
66 V -126.368773106 0
66 W -125.133917185 0
66 Y -124.296667237 0
