1 A -287.854474692 0
1 C -285.530981113 0
1 D -289.763775678 0
1 E -289.014615913 0
1 F -286.291633905 0
1 G -287.832545881 0
1 H -289.802232305 0
1 I -285.965978337 0
1 K -288.328778239 0
1 L -289.114890004 0
1 M -285.91371573 0
1 N -288.561521091 0
1 P -291.165052046 0
1 Q -286.225011106 0
1 R -287.755016069 0
1 S -289.958142479 1
1 T -286.882207359 0
1 V -285.589952333 0
1 W -287.632975093 0
1 Y -286.343877287 0
2 A -282.716756793 0
2 C -280.194232179 0
2 D -289.035202829 1
2 E -286.536973733 0
2 F -282.38047791 0
2 G -284.185207317 0
2 H -282.928429415 0
2 I -281.768761136 0
2 K -285.362340862 0
2 L -282.686738424 0
2 M -284.133285966 0
2 N -283.173468318 0
2 P -283.96645383 0
2 Q -285.053686133 0
2 R -282.807478548 0
2 S -285.076021736 0
2 T -283.336527352 0
2 V -279.305011181 0
2 W -281.424783991 0
2 Y -282.288828027 0
3 A -280.44530864 0
3 C -280.15865754 0
3 D -279.205274326 0
3 E -280.139212527 0
3 F -279.97053726 0
3 G -279.159028987 0
3 H -282.948542124 0
3 I -266.414857492 0
3 K -288.614052478 1
3 L -285.7309313 0
3 M -282.428391933 0
3 N -283.292553915 0
3 P -263.620667936 0
3 Q -284.019858478 0
3 R -283.535371573 0
3 S -281.034287183 0
3 T -282.273142869 0
3 V -265.866516274 0
3 W -279.756821915 0
3 Y -280.346455662 0
4 A -281.683955547 0
4 C -281.234687431 0
4 D -280.64809897 0
4 E -281.097463784 0
4 F -187.279552623 0
4 G -277.964205903 0
4 H -280.022536505 0
4 I -290.354604405 1
4 K -269.3808187 0
4 L -285.966408323 0
4 M -270.663926875 0
4 N -283.997396361 0
4 P -118.585998768 0
4 Q -281.981981939 0
4 R -277.723911044 0
4 S -282.204091386 0
4 T -285.00664741 0
4 V -288.292379903 0
4 W -187.780424188 0
4 Y 131.797958003 0
5 A -285.871397614 0
5 C -284.77917187 0
5 D -285.424397108 0
5 E -286.278134291 0
5 F -285.112018164 0
5 G -282.895732075 0
5 H -287.235214371 0
5 I -288.703446157 1
5 K -288.147960433 0
5 L -288.730972006 0
5 M -287.694156889 0
5 N -285.152773254 0
5 P -162.437448363 0
5 Q -287.448110228 0
5 R -288.009593265 0
5 S -285.449887212 0
5 T -287.231066799 0
5 V -289.00059668 0
5 W -287.880940286 0
5 Y -284.603762519 0
6 A -286.930375007 0
6 C -286.28296584 0
6 D -288.868703798 0
6 E -289.237799736 0
6 F -289.576040285 0
6 G -284.776033508 0
6 H -289.256524835 1
6 I -289.676664066 0
6 K -289.806163477 0
6 L -288.082239718 0
6 M -290.716122542 0
6 N -288.627769049 0
6 P -287.116216123 0
6 Q -288.619503488 0
6 R -289.49967574 0
6 S -288.501177188 0
6 T -288.48272813 0
6 V -289.276161679 0
6 W -289.625476005 0
6 Y -290.756543014 0
7 A -278.813833362 0
7 C -279.624763096 0
7 D -277.775625037 0
7 E -279.344241614 0
7 F -273.909291136 0
7 G -275.662446811 0
7 H -278.782801453 0
7 I -281.099534218 0
7 K -268.258725781 0
7 L -288.856231557 1
7 M -278.231399622 0
7 N -279.497160718 0
7 P -159.721592743 0
7 Q -278.611139196 0
7 R -257.312632323 0
7 S -278.203089309 0
7 T -278.727203996 0
7 V -280.599689562 0
7 W -222.070581681 0
7 Y -268.71613937 0
8 A -282.684424853 0
8 C -281.493770537 0
8 D -281.990369967 0
8 E -284.22606756 0
8 F -285.229652739 0
8 G -282.398897299 0
8 H -281.135027304 0
8 I -274.872284991 0
8 K -284.024801845 0
8 L -283.823331114 0
8 M -282.563131946 0
8 N -283.552969466 0
8 P -264.009959122 0
8 Q -282.243111637 0
8 R -285.527649973 0
8 S -285.580611203 0
8 T -287.158980946 1
8 V -277.165208642 0
8 W -284.298047372 0
8 Y -284.274704197 0
9 A -277.738219301 0
9 C -275.37087598 0
9 D -287.55487199 1
9 E -277.918572321 0
9 F -250.53271961 0
9 G -275.762894678 0
9 H -277.289251458 0
9 I -273.705011055 0
9 K -279.053855573 0
9 L -270.998846073 0
9 M -275.052358851 0
9 N -277.412512123 0
9 P -264.912152129 0
9 Q -274.538319131 0
9 R -276.665677146 0
9 S -276.803704372 0
9 T -277.02401519 0
9 V -276.445835856 0
9 W -274.123206008 0
9 Y -246.338847609 0
10 A -284.741154234 0
10 C -282.059775402 0
10 D -286.994016876 1
10 E -287.768350164 0
10 F -283.487929576 0
10 G -283.991360279 0
10 H -285.547513957 0
10 I -284.082457635 0
10 K -286.303535566 0
10 L -285.799004226 0
10 M -284.662961719 0
10 N -285.510240829 0
10 P -267.736835713 0
10 Q -285.472408024 0
10 R -285.57811384 0
10 S -286.120518907 0
10 T -285.695487727 0
10 V -284.340764937 0
10 W -283.970592028 0
10 Y -283.626254666 0
11 A -285.282901826 0
11 C -283.201796921 0
11 D -285.521398779 0
11 E -284.542485629 0
11 F -283.346310013 0
11 G -284.258417266 0
11 H -284.940811377 0
11 I -275.08764052 0
11 K -286.010748478 0
11 L -286.251709013 0
11 M -285.868982647 0
11 N -285.84092717 0
11 P -249.89224602 0
11 Q -284.595405776 0
11 R -285.940452928 0
11 S -287.166416663 1
11 T -285.79810287 0
11 V -277.136805776 0
11 W -285.078587304 0
11 Y -282.081321365 0
12 A -278.939782968 0
12 C -276.517223122 0
12 D -278.899936687 0
12 E -279.704608559 0
12 F -289.501571834 1
12 G -276.154681006 0
12 H -284.711532982 0
12 I -278.9685638 0
12 K -278.240860916 0
12 L -281.095921224 0
12 M -279.802403458 0
12 N -278.516049001 0
12 P -185.040335739 0
12 Q -277.536534954 0
12 R -279.085836109 0
12 S -278.141027313 0
12 T -280.652882424 0
12 V -277.175950276 0
12 W -286.621314513 0
12 Y -283.456778068 0
13 A -287.075677116 0
13 C -284.239645542 0
13 D -288.201463424 1
13 E -289.649174152 0
13 F -284.991461507 0
13 G -286.707748 0
13 H -286.63646013 0
13 I -288.572277536 0
13 K -287.825937717 0
13 L -285.998477023 0
13 M -286.167288272 0
13 N -286.562762249 0
13 P -275.09435771 0
13 Q -285.770537903 0
13 R -286.810954431 0
13 S -287.512905085 0
13 T -288.821426452 0
13 V -288.64988399 0
13 W -282.940087426 0
13 Y -285.142153213 0
14 A -288.507057571 0
14 C -285.250829288 0
14 D -289.963834558 0
14 E -289.850769193 0
14 F -287.837804791 0
14 G -287.432206507 0
14 H -288.645181205 0
14 I -288.444392607 0
14 K -289.406787897 0
14 L -288.983138203 0
14 M -287.579056131 0
14 N -287.744898089 0
14 P -272.176875846 0
14 Q -287.538900167 0
14 R -289.533725412 0
14 S -288.879067709 0
14 T -288.692334596 1
14 V -288.42579008 0
14 W -287.338085518 0
14 Y -287.490911773 0
15 A -287.373501054 0
15 C -285.376415739 0
15 D -288.383486988 1
15 E -289.046315698 0
15 F -287.060623564 0
15 G -284.797767429 0
15 H -287.725440756 0
15 I -288.725291359 0
15 K -288.604549708 0
15 L -290.668286859 0
15 M -288.248569185 0
15 N -287.9314708 0
15 P -133.219533442 0
15 Q -287.314049645 0
15 R -287.836711702 0
15 S -286.947962855 0
15 T -287.093511532 0
15 V -288.183463496 0
15 W -284.645629676 0
15 Y -286.863889781 0
16 A -279.401827765 0
16 C -280.435078195 0
16 D -276.049707875 0
16 E -274.586911868 0
16 F -254.689993549 0
16 G -273.34536844 0
16 H -266.884416744 0
16 I -282.403488631 0
16 K -252.381945158 0
16 L -275.54244832 0
16 M -270.28870558 0
16 N -277.627213625 0
16 P -202.015536189 0
16 Q -273.86904348 0
16 R -256.093947363 0
16 S -277.100078818 0
16 T -282.522055175 0
16 V -288.747613274 1
16 W -132.778217192 0
16 Y -237.891078632 0
17 A -283.791115751 0
17 C -283.143070093 0
17 D -285.093785438 0
17 E -285.14780574 0
17 F -167.202499134 0
17 G -281.524128503 0
17 H -287.357167956 0
17 I -286.808188083 0
17 K -284.476025424 0
17 L -290.088162376 1
17 M -283.615616379 0
17 N -288.067544169 0
17 P -85.5006630981 0
17 Q -284.857124618 0
17 R -285.101727687 0
17 S -283.772303695 0
17 T -284.549992444 0
17 V -285.193892218 0
17 W -285.283099686 0
17 Y -165.708632802 0
18 A -286.024145212 0
18 C -285.445997861 0
18 D -285.73338388 0
18 E -287.326681002 0
18 F -286.298182304 0
18 G -285.974099667 0
18 H -289.108459453 0
18 I -272.99829767 0
18 K -287.146632377 1
18 L -288.794577298 0
18 M -286.774227969 0
18 N -288.585374874 0
18 P -75.917998627 0
18 Q -286.737075906 0
18 R -287.760406271 0
18 S -286.719426791 0
18 T -286.854601978 0
18 V -271.752324139 0
18 W -286.394483441 0
18 Y -285.912746042 0
19 A -288.70929072 1
19 C -286.461556384 0
19 D -282.45952238 0
19 E -284.205171008 0
19 F -280.064633631 0
19 G -285.953729892 0
19 H -293.400345376 0
19 I -285.232410756 0
19 K -285.547065224 0
19 L -275.398305763 0
19 M -285.786844344 0
19 N -287.603178487 0
19 P -51.6312863678 0
19 Q -284.688641042 0
19 R -287.786716914 0
19 S -286.949783827 0
19 T -284.916867382 0
19 V -286.624644439 0
19 W -282.588219626 0
19 Y -277.721198445 0
20 A -284.385085587 0
20 C -283.253042601 0
20 D -287.841135495 1
20 E -286.523503178 0
20 F -284.628970463 0
20 G -281.79180452 0
20 H -285.480999352 0
20 I -286.632304379 0
20 K -286.327954443 0
20 L -286.276324019 0
20 M -284.27379984 0
20 N -286.594211336 0
20 P -283.786426604 0
20 Q -284.903414331 0
20 R -285.732767738 0
20 S -286.292218049 0
20 T -285.388469403 0
20 V -286.160519651 0
20 W -283.778559955 0
20 Y -284.202285368 0
21 A -270.890689898 0
21 C -268.495251308 0
21 D -271.090751576 0
21 E -270.174315859 0
21 F -266.464042749 0
21 G -288.785822446 1
21 H -269.138604595 0
21 I -263.016903507 0
21 K -270.653934103 0
21 L -271.24773588 0
21 M -269.229609777 0
21 N -272.25307635 0
21 P -196.381463593 0
21 Q -266.305352772 0
21 R -269.680072763 0
21 S -273.732046936 0
21 T -267.442143797 0
21 V -263.575952555 0
21 W -267.236446673 0
21 Y -266.367243593 0
22 A -288.875202224 1
22 C -280.563825129 0
22 D -283.614964838 0
22 E -284.228399022 0
22 F -276.803577468 0
22 G -284.948667324 0
22 H -281.462820737 0
22 I -282.997564937 0
22 K -278.395472041 0
22 L -282.597868625 0
22 M -282.758508623 0
22 N -273.205236946 0
22 P -288.833627194 0
22 Q -281.260941565 0
22 R -267.445887653 0
22 S -287.286478945 0
22 T -280.338646623 0
22 V -280.10782176 0
22 W -277.484357358 0
22 Y -269.549897448 0
23 A -278.719986867 0
23 C -280.420147384 0
23 D -276.338265092 0
23 E -278.900171244 0
23 F -268.078712108 0
23 G -274.325366221 0
23 H -271.357930209 0
23 I -287.627841796 1
23 K -274.883954762 0
23 L -285.251149321 0
23 M -282.209125433 0
23 N -279.597572534 0
23 P -227.24716606 0
23 Q -279.369411935 0
23 R -279.083454557 0
23 S -279.105327226 0
23 T -282.819016754 0
23 V -284.616934138 0
23 W -277.019082935 0
23 Y -267.768510388 0
24 A -278.36693478 0
24 C -278.659793284 0
24 D -278.985819053 0
24 E -281.327106891 0
24 F -266.171193536 0
24 G -272.169541015 0
24 H -276.184121569 0
24 I -279.6331608 0
24 K -272.328678066 0
24 L -289.603525083 1
24 M -284.869722259 0
24 N -280.066465425 0
24 P -203.636745825 0
24 Q -280.334953063 0
24 R -273.820250234 0
24 S -279.002635165 0
24 T -278.777165197 0
24 V -273.108649741 0
24 W -229.327003708 0
24 Y -249.455057621 0
25 A -280.007753422 0
25 C -282.101712623 0
25 D -278.626928094 0
25 E -273.168127828 0
25 F -227.544018273 0
25 G -273.057857484 0
25 H -275.505293039 0
25 I -281.724548649 0
25 K -250.065521939 0
25 L -281.460513083 0
25 M -258.938180606 0
25 N -280.37103108 0
25 P -190.885011165 0
25 Q -268.14534978 0
25 R -262.814499178 0
25 S -278.931823012 0
25 T -282.790151446 0
25 V -289.477205962 1
25 W -254.532731038 0
25 Y -204.604276399 0
26 A -286.688034837 0
26 C -287.218036453 0
26 D -289.820913616 1
26 E -284.249429386 0
26 F -288.957343818 0
26 G -281.873695263 0
26 H -291.769476069 0
26 I -280.51682566 0
26 K -273.542637213 0
26 L -280.47394703 0
26 M -288.23822034 0
26 N -289.993671248 0
26 P -163.470195874 0
26 Q -284.931812475 0
26 R -266.294256405 0
26 S -287.344744701 0
26 T -288.468742613 0
26 V -288.698105798 0
26 W -285.931195136 0
26 Y -270.670414846 0
27 A -276.051838403 0
27 C -275.490221026 0
27 D -275.578594856 0
27 E -274.169091316 0
27 F -288.11165835 1
27 G -271.567509707 0
27 H -281.629758127 0
27 I -279.552760027 0
27 K -271.817179905 0
27 L -275.696971118 0
27 M -278.23408677 0
27 N -277.809220207 0
27 P -178.439606499 0
27 Q -273.864304107 0
27 R -276.564493693 0
27 S -275.63656819 0
27 T -272.51450272 0
27 V -278.079805442 0
27 W -268.653632489 0
27 Y -287.034963885 0
28 A -288.786664579 0
28 C -290.308592839 0
28 D -287.906889433 0
28 E -289.208633355 0
28 F -292.250361268 0
28 G -287.059050357 0
28 H -292.676187653 0
28 I -291.191846422 0
28 K -288.184716712 0
28 L -291.04594712 0
28 M -291.0597369 0
28 N -292.561765776 0
28 P -218.329039115 0
28 Q -289.170138945 0
28 R -289.472638095 0
28 S -291.919904313 0
28 T -289.067111448 0
28 V -291.985372901 0
28 W -294.915633818 1
28 Y -286.756206011 0
29 A -293.433565577 1
29 C -282.125433342 0
29 D -275.008890158 0
29 E -211.209994106 0
29 F 1.83704205411 0
29 G -288.265787655 0
29 H -203.680101328 0
29 I -175.394953812 0
29 K -276.33430914 0
29 L -249.537873267 0
29 M -273.717778954 0
29 N -276.670267 0
29 P -244.304093317 0
29 Q -237.332263868 0
29 R -274.877376791 0
29 S -289.530179988 0
29 T -283.984122851 0
29 V -281.16648416 0
29 W -164.867244351 0
29 Y -12.809860686 0
30 A -290.808610966 0
30 C -288.853536826 0
30 D -292.42846655 0
30 E -293.566337076 1
30 F -290.597622615 0
30 G -289.315105645 0
30 H -291.668239094 0
30 I -289.857765317 0
30 K -291.666290595 0
30 L -290.773069 0
30 M -291.150007328 0
30 N -290.774832255 0
30 P -290.427155134 0
30 Q -290.767175874 0
30 R -291.998747187 0
30 S -292.368445338 0
30 T -291.714209368 0
30 V -290.253920753 0
30 W -292.25294232 0
30 Y -290.539242142 0
31 A -285.998341831 0
31 C -284.300770769 0
31 D -287.45979017 0
31 E -287.69660115 0
31 F -287.000739159 0
31 G -285.71363121 0
31 H -287.562224656 0
31 I -285.370253167 0
31 K -287.682655039 0
31 L -287.276828055 0
31 M -286.067733121 0
31 N -287.125203612 0
31 P -268.64220711 0
31 Q -287.45379864 0
31 R -288.799753091 0
31 S -288.2499538 0
31 T -287.545995163 0
31 V -285.618934815 0
31 W -293.95046597 1
31 Y -286.524446986 0
32 A -294.281975015 1
32 C -294.281975015 1
32 D -294.281975015 1
32 E -294.281975015 1
32 F -294.281975015 1
32 G -294.281975015 1
32 H -294.281975015 1
32 I -294.281975015 1
32 K -294.281975015 1
32 L -294.281975015 1
32 M -294.281975015 1
32 N -294.281975015 1
32 P -294.281975015 1
32 Q -294.281975015 1
32 R -294.281975015 1
32 S -294.281975015 1
32 T -294.281975015 1
32 V -294.281975015 1
32 W -294.281975015 1
32 Y -294.281975015 1
33 A -293.195201301 0
33 C -281.413007438 0
33 D -284.313030071 0
33 E -285.515038437 0
33 F -287.22500449 0
33 G -288.724293812 1
33 H -283.611869087 0
33 I -285.517980776 0
33 K -283.373504803 0
33 L -292.657498416 0
33 M -281.995331623 0
33 N -285.122925436 0
33 P -273.981541209 0
33 Q -281.226516584 0
33 R -283.50644622 0
33 S -281.966914139 0
33 T -282.616515914 0
33 V -284.868729286 0
33 W -281.051135218 0
33 Y -281.390927407 0
34 A -295.221165204 0
34 C -292.142948898 0
34 D -296.381849668 0
34 E -297.766381516 0
34 F -293.250583329 0
34 G -293.458227495 0
34 H -294.890648338 0
34 I -281.150884874 0
34 K -295.79346769 0
34 L -294.55919969 0
34 M -294.050926322 0
34 N -295.269235435 0
34 P -288.117724478 1
34 Q -294.998907047 0
34 R -294.715667054 0
34 S -294.919742356 0
34 T -293.020887881 0
34 V -286.490640209 0
34 W -293.111597084 0
34 Y -293.13489779 0
35 A -287.910012409 1
35 C -287.910012409 1
35 D -287.910012409 1
35 E -287.910012409 1
35 F -287.910012409 1
35 G -287.910012409 1
35 H -287.910012409 1
35 I -287.910012409 1
35 K -287.910012409 1
35 L -287.910012409 1
35 M -287.910012409 1
35 N -287.910012409 1
35 P -287.910012409 1
35 Q -287.910012409 1
35 R -287.910012409 1
35 S -287.910012409 1
35 T -287.910012409 1
35 V -287.910012409 1
35 W -287.910012409 1
35 Y -287.910012409 1
36 A -287.513741058 0
36 C -291.522167875 0
36 D -285.960847089 0
36 E -288.125764617 0
36 F -284.966534722 0
36 G -286.250453158 0
36 H -286.515128834 0
36 I -293.370630005 0
36 K -295.825260977 1
36 L -295.745778139 0
36 M -294.276093672 0
36 N -294.447863846 0
36 P -87.4472049513 0
36 Q -293.651228098 0
36 R -294.196838354 0
36 S -293.391225121 0
36 T -293.152377256 0
36 V -293.167852787 0
36 W -287.828693543 0
36 Y -284.884872285 0
37 A -288.202992332 0
37 C -285.748079847 0
37 D -287.908399819 0
37 E -288.278492638 0
37 F -284.988735187 0
37 G -286.231735604 0
37 H -287.505797628 0
37 I -284.533613172 0
37 K -287.93823487 0
37 L -286.700566914 0
37 M -287.623366031 1
37 N -287.923895883 0
37 P -24.6605373665 0
37 Q -286.843439991 0
37 R -287.286466268 0
37 S -287.020322016 0
37 T -285.492535822 0
37 V -283.24971462 0
37 W -287.525840093 0
37 Y -285.102204678 0
38 A -280.995159114 0
38 C -282.170797967 0
38 D -280.88187515 0
38 E -278.90154513 0
38 F -247.940249899 0
38 G -279.713056469 0
38 H -279.025876144 0
38 I -287.39300238 1
38 K -277.585972239 0
38 L -282.827725732 0
38 M -283.744641046 0
38 N -280.117024079 0
38 P -122.889930946 0
38 Q -281.097514783 0
38 R -276.632676112 0
38 S -280.890257742 0
38 T -284.113534405 0
38 V -284.45250206 0
38 W -171.771167784 0
38 Y -240.048424274 0
39 A -290.572781765 1
39 C -276.631485644 0
39 D -278.864028027 0
39 E -277.676476252 0
39 F -278.119974444 0
39 G -281.360731013 0
39 H -274.171710264 0
39 I -271.804736301 0
39 K -278.898098704 0
39 L -288.928621825 0
39 M -275.537145136 0
39 N -278.378526187 0
39 P 37.5559213804 0
39 Q -276.713368914 0
39 R -279.540904834 0
39 S -279.071435102 0
39 T -280.330942764 0
39 V -279.415721671 0
39 W -259.721154924 0
39 Y -277.057108718 0
40 A -289.250223019 0
40 C -287.322713853 0
40 D -290.103698263 0
40 E -290.961648466 0
40 F -290.112253203 0
40 G -288.592512051 0
40 H -290.830555684 0
40 I -287.795391903 0
40 K -290.81354289 0
40 L -289.369351747 0
40 M -288.829599114 0
40 N -289.185785966 0
40 P -288.692546216 1
40 Q -289.1240904 0
40 R -289.806731719 0
40 S -290.906237923 0
40 T -289.45580787 0
40 V -288.673166012 0
40 W -289.506749093 0
40 Y -289.523918996 0
41 A -283.966384615 0
41 C -282.087207643 0
41 D -283.963556355 0
41 E -282.0586515 0
41 F -284.765728616 0
41 G -281.511277624 0
41 H -284.541487361 0
41 I -289.435739984 1
41 K -283.344867939 0
41 L -286.3027424 0
41 M -284.353145588 0
41 N -284.000944534 0
41 P -219.406086281 0
41 Q -283.818835898 0
41 R -284.095612665 0
41 S -283.97267973 0
41 T -285.229124147 0
41 V -287.839441688 0
41 W -281.163880383 0
41 Y -284.318997622 0
42 A -284.202274079 0
42 C -282.358111221 0
42 D -282.852080173 0
42 E -284.133077885 0
42 F -279.807860382 0
42 G -279.119247864 0
42 H -284.712204222 0
42 I -282.399114126 0
42 K -276.599340484 0
42 L -290.334120178 1
42 M -284.135310427 0
42 N -284.390072779 0
42 P -136.457483537 0
42 Q -285.163075499 0
42 R -273.679186165 0
42 S -282.980618225 0
42 T -282.573507931 0
42 V -281.719621021 0
42 W -264.345422708 0
42 Y -279.905613768 0
43 A -287.141239566 0
43 C -287.086459645 0
43 D -292.025125967 1
43 E -290.370325094 0
43 F -281.52144628 0
43 G -285.178095432 0
43 H -284.558505842 0
43 I -288.40440495 0
43 K -286.317579089 0
43 L -285.651454132 0
43 M -284.712956363 0
43 N -289.222902569 0
43 P -95.8517605231 0
43 Q -287.492483544 0
43 R -285.144357161 0
43 S -286.286182514 0
43 T -286.586377556 0
43 V -287.153607434 0
43 W -284.254444153 0
43 Y -282.597163264 0
44 A -287.932717305 0
44 C -284.815384773 0
44 D -286.830325573 0
44 E -287.659903001 1
44 F -284.784995917 0
44 G -286.036199622 0
44 H -286.292275888 0
44 I -284.70871252 0
44 K -286.244893908 0
44 L -287.484799335 0
44 M -287.542713366 0
44 N -286.214930963 0
44 P -45.7659768547 0
44 Q -287.838863941 0
44 R -285.643877665 0
44 S -286.530138052 0
44 T -282.435155891 0
44 V -285.928361184 0
44 W -285.071300986 0
44 Y -284.897743857 0
45 A -284.084675642 0
45 C -283.290657109 0
45 D -280.31786494 0
45 E -281.841100416 0
45 F -275.687446013 0
45 G -279.451782201 0
45 H -281.886763718 0
45 I -289.106585859 1
45 K -263.28793609 0
45 L -268.426239275 0
45 M -284.345273523 0
45 N -282.909930315 0
45 P -76.1335056542 0
45 Q -282.775965104 0
45 R -275.159306021 0
45 S -282.238361129 0
45 T -285.173971541 0
45 V -287.08359313 0
45 W -194.761254397 0
45 Y -256.221393854 0
46 A -289.038966574 1
46 C -273.143821991 0
46 D -266.82836309 0
46 E -271.869914932 0
46 F -63.7921417163 0
46 G -284.720905984 0
46 H -1.18220824654 0
46 I -265.429177675 0
46 K -253.860211368 0
46 L -191.284197762 0
46 M -278.079862976 0
46 N -259.148924826 0
46 P 6.30086920438 0
46 Q -275.31344891 0
46 R -278.314254458 0
46 S -284.467584287 0
46 T -281.270819967 0
46 V -242.2522376 0
46 W 151.625296998 0
46 Y -190.72122706 0
47 A -285.901567095 0
47 C -283.006227582 0
47 D -288.759155895 1
47 E -287.280643581 0
47 F -283.563428778 0
47 G -284.341469435 0
47 H -285.467452907 0
47 I -285.297624619 0
47 K -286.487148785 0
47 L -286.365653151 0
47 M -284.341692041 0
47 N -286.529716852 0
47 P -141.122990961 0
47 Q -285.526038422 0
47 R -285.738313601 0
47 S -285.45707231 0
47 T -285.81965907 0
47 V -285.750163471 0
47 W -284.322794363 0
47 Y -283.780446879 0
48 A -287.065331307 0
48 C -285.195929849 0
48 D -290.750826023 0
48 E -289.859773775 1
48 F -284.805028457 0
48 G -282.718431014 0
48 H -288.452779133 0
48 I -286.537259783 0
48 K -285.619572569 0
48 L -287.107730096 0
48 M -286.331888091 0
48 N -286.103786901 0
48 P -15.8249755659 0
48 Q -285.978179761 0
48 R -285.894276444 0
48 S -286.504866019 0
48 T -286.706551909 0
48 V -286.23509215 0
48 W -284.383701831 0
48 Y -284.151819844 0
49 A -282.068382707 0
49 C -281.789083005 0
49 D -282.641231947 0
49 E -285.465602607 0
49 F -290.343220343 0
49 G -280.192653789 0
49 H -288.190771159 0
49 I -267.138191287 0
49 K -287.323633831 0
49 L -283.927023648 0
49 M -285.118833589 0
49 N -286.104586508 0
49 P 4.30601236456 0
49 Q -285.643425927 0
49 R -286.324141173 0
49 S -281.493410421 0
49 T -282.528770671 0
49 V -262.78102473 0
49 W -269.742948167 0
49 Y -288.947089173 1
50 A -290.795562958 0
50 C -288.398081135 0
50 D -291.377815247 0
50 E -291.074008967 0
50 F -290.988996606 0
50 G -288.983272908 0
50 H -291.593098659 0
50 I -289.270607952 0
50 K -290.811086655 0
50 L -291.754041722 0
50 M -289.323923362 0
50 N -290.360440729 0
50 P -50.116246742 0
50 Q -289.212895834 1
50 R -290.502442606 0
50 S -291.351347728 0
50 T -288.214621434 0
50 V -288.635525139 0
50 W -290.658104582 0
50 Y -290.610769319 0
51 A -279.271310838 0
51 C -273.288849505 0
51 D -280.362877191 0
51 E -276.969224213 0
51 F -279.713673909 0
51 G -288.893126873 1
51 H -282.124000802 0
51 I -266.319322688 0
51 K -281.162613807 0
51 L -279.628977469 0
51 M -276.127098428 0
51 N -281.329181792 0
51 P -176.75572259 0
51 Q -278.106326927 0
51 R -279.563198688 0
51 S -281.865539749 0
51 T -276.130794149 0
51 V -266.65449128 0
51 W -279.566628387 0
51 Y -280.544147243 0
52 A -285.367285225 0
52 C -285.137721944 0
52 D -286.687937818 0
52 E -288.130463882 0
52 F -287.296957261 0
52 G -283.029344764 0
52 H -288.002798706 0
52 I -288.711211286 0
52 K -288.931208024 1
52 L -288.86401481 0
52 M -286.330843777 0
52 N -286.918177678 0
52 P 31.7511793405 0
52 Q -286.653720436 0
52 R -289.019722911 0
52 S -285.826897409 0
52 T -287.915852723 0
52 V -288.545414586 0
52 W -286.016415445 0
52 Y -287.546678665 0
53 A -278.651135973 0
53 C -279.938754543 0
53 D -276.193310632 0
53 E -278.726695626 0
53 F -183.846663153 0
53 G -274.23243952 0
53 H -264.59643208 0
53 I -273.369312855 0
53 K -269.246022589 0
53 L -289.254793265 1
53 M -281.389255702 0
53 N -279.451745485 0
53 P -187.188293997 0
53 Q -278.416545241 0
53 R -258.6276166 0
53 S -278.474352981 0
53 T -280.880451351 0
53 V -283.977056352 0
53 W -215.713877009 0
53 Y -43.7233275685 0
54 A -288.44292059 0
54 C -285.063235504 0
54 D -288.513374154 0
54 E -289.505274997 0
54 F -289.344313138 0
54 G -282.735017709 0
54 H -289.106378241 0
54 I -290.019005269 0
54 K -289.757166858 0
54 L -291.23355376 0
54 M -291.279342636 0
54 N -289.357849503 0
54 P -221.040065286 0
54 Q -288.818335344 0
54 R -288.251811427 0
54 S -287.929077998 0
54 T -288.242543008 1
54 V -289.25738432 0
54 W -289.018317282 0
54 Y -289.206885917 0
55 A -282.060655063 0
55 C -283.588264437 0
55 D -279.642294015 0
55 E -275.979575631 0
55 F -265.555932783 0
55 G -277.388880168 0
55 H -272.221337804 0
55 I -288.452005698 0
55 K -251.392305641 0
55 L -289.355745117 0
55 M -274.111431507 0
55 N -282.805182994 0
55 P -272.275633728 0
55 Q -271.853534648 0
55 R -147.455912802 0
55 S -281.948207624 0
55 T -284.582369547 0
55 V -289.401233187 1
55 W -217.975353261 0
55 Y -263.62884314 0
56 A -288.698132384 1
56 C -276.86991919 0
56 D -269.229764436 0
56 E -268.951017828 0
56 F -247.083579954 0
56 G -283.350420219 0
56 H -263.825384096 0
56 I -140.158650523 0
56 K -258.848896399 0
56 L -190.573003545 0
56 M -270.450071908 0
56 N -264.734088946 0
56 P -237.803959612 0
56 Q -272.412939163 0
56 R -261.345890084 0
56 S -285.378907769 0
56 T -280.02793355 0
56 V -274.947507705 0
56 W -176.335995638 0
56 Y -245.844269298 0
57 A -286.964383706 0
57 C -285.720975623 0
57 D -283.63019496 0
57 E -287.518616795 0
57 F -280.735548238 0
57 G -284.215855436 0
57 H -285.573815896 0
57 I -287.056030144 0
57 K -289.427561394 1
57 L -281.02715677 0
57 M -288.036991993 0
57 N -284.897381579 0
57 P -248.596925877 0
57 Q -288.023865329 0
57 R -289.420491402 0
57 S -286.95606735 0
57 T -285.525201873 0
57 V -287.449071533 0
57 W -285.709459191 0
57 Y -285.36169759 0
58 A -279.746357201 0
58 C -279.658825443 0
58 D -276.759459287 0
58 E -276.669859165 0
58 F -219.315622009 0
58 G -274.115756273 0
58 H -269.257520751 0
58 I -286.009885314 0
58 K -271.94186104 0
58 L -288.724390163 1
58 M -282.632108663 0
58 N -279.978207742 0
58 P -245.839692184 0
58 Q -280.474521693 0
58 R -251.944207443 0
58 S -280.231730642 0
58 T -280.55283744 0
58 V -284.589262942 0
58 W -107.30677915 0
58 Y -204.544229386 0
59 A -283.508588861 0
59 C -290.947225361 0
59 D -295.177387921 0
59 E -288.879194646 0
59 F -277.245413862 0
59 G -281.076594025 0
59 H -291.832441727 0
59 I -293.591592517 0
59 K -283.847602665 0
59 L -286.018547735 0
59 M -290.167267532 0
59 N -296.135289681 1
59 P -280.77214517 0
59 Q -290.322082712 0
59 R -283.279423139 0
59 S -289.971317174 0
59 T -290.455090692 0
59 V -292.79358485 0
59 W -269.431698423 0
59 Y -276.046925603 0
60 A -282.126118882 0
60 C -282.768019137 0
60 D -283.22732678 0
60 E -285.35992754 0
60 F -280.854971509 0
60 G -280.235870479 0
60 H -281.642538953 0
60 I -288.08226271 1
60 K -281.705114475 0
60 L -282.562779534 0
60 M -282.927135183 0
60 N -284.016514317 0
60 P -157.837545296 0
60 Q -282.252690416 0
60 R -295.664272349 0
60 S -283.421801509 0
60 T -285.414335765 0
60 V -285.996473461 0
60 W -279.21625104 0
60 Y -277.838444114 0
61 A -290.242236371 0
61 C -288.469234124 0
61 D -294.260376535 1
61 E -289.829231608 0
61 F -287.827529254 0
61 G -280.107004579 0
61 H -289.673845161 0
61 I -290.099856049 0
61 K -290.323693972 0
61 L -290.195520215 0
61 M -290.688767641 0
61 N -289.485981359 0
61 P -266.966815118 0
61 Q -287.462596204 0
61 R -289.895991278 0
61 S -281.68087196 0
61 T -291.260217017 0
61 V -291.762620338 0
61 W -287.875434103 0
61 Y -279.290937184 0
62 A -286.68059687 0
62 C -284.269837347 0
62 D -287.888390617 0
62 E -288.635222681 0
62 F -284.295176244 0
62 G -284.72013389 0
62 H -286.87902708 0
62 I -286.042869696 0
62 K -288.036300364 0
62 L -288.475142932 0
62 M -286.642670081 0
62 N -287.181768268 0
62 P -253.755140802 0
62 Q -287.169119241 1
62 R -294.43333855 0
62 S -286.365795044 0
62 T -285.152210755 0
62 V -285.995104475 0
62 W -293.759049039 0
62 Y -290.8639284 0
63 A -283.849673325 0
63 C -281.916654463 0
63 D -284.487889291 0
63 E -280.909739102 0
63 F -285.117305225 0
63 G -269.641376456 0
63 H -285.459446053 0
63 I -264.922708071 0
63 K -271.96442906 0
63 L -193.63063661 0
63 M -270.809690754 0
63 N -287.834421575 1
63 P -95.9515270528 0
63 Q -282.294800911 0
63 R -276.427904723 0
63 S -280.961151919 0
63 T -276.245661726 0
63 V -235.244739028 0
63 W -281.571934034 0
63 Y -286.413457035 0
64 A -283.383832387 0
64 C -281.776179969 0
64 D -284.06952263 0
64 E -284.210853746 0
64 F -282.497722069 0
64 G -283.440995726 0
64 H -285.549191352 0
64 I -282.764744091 0
64 K -284.757361276 0
64 L -281.510823921 0
64 M -283.044117268 0
64 N -283.28414421 0
64 P -287.637568829 1
64 Q -284.067568059 0
64 R -284.459385205 0
64 S -286.028499276 0
64 T -285.276033888 0
64 V -282.692198611 0
64 W -283.976407774 0
64 Y -282.21873172 0
65 A -285.617994426 0
65 C -281.621612356 0
65 D -286.570906213 0
65 E -285.97059313 0
65 F -284.309693791 0
65 G -286.813504024 1
65 H -285.853265758 0
65 I -284.090073331 0
65 K -285.79246308 0
65 L -286.121454042 0
65 M -283.457732767 0
65 N -284.367746586 0
65 P -255.878280316 0
65 Q -284.460663411 0
65 R -287.281416443 0
65 S -285.042961653 0
65 T -283.897959176 0
65 V -284.610840042 0
65 W -284.402985441 0
65 Y -283.804817007 0
66 A -282.945033068 0
66 C -281.77908648 0
66 D -280.57999912 0
66 E -283.622732639 0
66 F -160.39429376 0
66 G -278.857194939 0
66 H -222.343483117 0
66 I -284.860533 0
66 K -268.302434572 0
66 L -280.047943429 0
66 M -278.236343501 0
66 N -281.933949647 0
66 P -248.591121649 0
66 Q -284.192336126 0
66 R -267.253313741 0
66 S -282.943241047 0
66 T -287.336981458 1
66 V -285.009664691 0
66 W -196.278338637 0
66 Y -149.241192093 0
67 A -287.497504334 1
67 C -272.519937138 0
67 D -272.406678467 0
67 E -276.488418936 0
67 F -238.900718512 0
67 G -275.411586252 0
67 H -267.493271636 0
67 I -266.711586023 0
67 K -276.241133962 0
67 L -275.464612974 0
67 M -279.317354434 0
67 N -272.277502853 0
67 P -264.850935687 0
67 Q -279.060941665 0
67 R -277.613504516 0
67 S -275.055742797 0
67 T -270.482598306 0
67 V -274.859723644 0
67 W -280.575326855 0
67 Y -270.226440481 0
68 A -286.61884704 0
68 C -284.312131344 0
68 D -287.239425526 0
68 E -287.570095905 0
68 F -284.595176231 0
68 G -286.00268121 0
68 H -285.841188543 0
68 I -285.445320721 0
68 K -287.787560944 0
68 L -286.380954823 0
68 M -285.990787902 0
68 N -286.418187969 0
68 P -287.092343104 1
68 Q -285.370796474 0
68 R -287.247133914 0
68 S -287.471578187 0
68 T -285.255417366 0
68 V -285.343060735 0
68 W -285.451614753 0
68 Y -284.359358513 0
69 A -285.90279598 0
69 C -283.598716791 0
69 D -284.473209977 0
69 E -285.696353213 0
69 F -283.336918011 0
69 G -284.285402893 0
69 H -284.811048354 0
69 I -283.436613966 0
69 K -287.072302014 1
69 L -286.53318036 0
69 M -285.246666984 0
69 N -285.427865994 0
69 P -61.0099213757 0
69 Q -285.758419458 0
69 R -286.266304963 0
69 S -285.268304112 0
69 T -284.07685622 0
69 V -284.042934956 0
69 W -284.822872259 0
69 Y -283.23142873 0
70 A -278.838965318 0
70 C -279.488785076 0
70 D -281.306922193 0
70 E -281.780329551 0
70 F -287.867455014 0
70 G -277.3535896 0
70 H -285.711448702 0
70 I -267.998895508 0
70 K -282.167020004 0
70 L -280.531631495 0
70 M -282.01583317 0
70 N -282.794947336 0
70 P -98.8134835688 0
70 Q -281.649017268 0
70 R -280.777424043 0
70 S -279.096746106 0
70 T -279.636525708 0
70 V -272.347739197 0
70 W -285.703605618 0
70 Y -287.299018056 1
71 A -294.414627798 0
71 C -293.029852868 0
71 D -298.679821887 0
71 E -295.902722467 0
71 F -294.883530683 0
71 G -298.097409107 1
71 H -296.47709822 0
71 I -260.063267781 0
71 K -296.486568581 0
71 L -295.332838868 0
71 M -294.270716575 0
71 N -299.227733876 0
71 P -234.625553587 0
71 Q -295.822479563 0
71 R -295.373786287 0
71 S -293.873744522 0
71 T -287.637312481 0
71 V -275.183753946 0
71 W -294.132389658 0
71 Y -294.64166209 0
72 A -288.723410087 0
72 C -290.566792397 0
72 D -288.716785141 0
72 E -286.224648494 0
72 F -262.041112554 0
72 G -286.082262726 0
72 H -284.883200412 0
72 I -299.115176338 1
72 K -272.315829391 0
72 L -294.489060526 0
72 M -287.056827854 0
72 N -291.410951745 0
72 P -150.57458778 0
72 Q -285.174445052 0
72 R -289.503234333 0
72 S -288.635807006 0
72 T -290.887051559 0
72 V -295.596168844 0
72 W -211.031063586 0
72 Y -264.864341615 0
73 A -295.189826348 0
73 C -295.172301919 0
73 D -298.199271387 0
73 E -297.138239563 0
73 F -296.815385731 0
73 G -295.66570088 0
73 H -297.585497662 0
73 I -295.940315727 0
73 K -297.772341412 0
73 L -297.819678825 0
73 M -296.162645535 0
73 N -297.561715548 0
73 P -290.080166279 0
73 Q -296.646365096 0
73 R -297.68460641 1
73 S -298.066483734 0
73 T -298.552089006 0
73 V -296.078457285 0
73 W -297.131706994 0
73 Y -296.443774785 0
74 A -296.3677044 0
74 C -295.884223615 0
74 D -298.727609276 0
74 E -297.032658318 0
74 F -293.915270481 0
74 G -298.310559441 1
74 H -295.956645307 0
74 I -292.962716873 0
74 K -296.6858692 0
74 L -294.548128266 0
74 M -296.924234871 0
74 N -297.230465041 0
74 P -249.933228477 0
74 Q -296.355372552 0
74 R -297.140929619 0
74 S -297.823504916 0
74 T -297.23983737 0
74 V -291.450949355 0
74 W -293.624459267 0
74 Y -293.561946325 0
75 A -288.797020905 0
75 C -288.55801788 0
75 D -282.83761405 0
75 E -287.642417344 0
75 F -277.597612425 0
75 G -283.395466539 0
75 H -273.956240992 0
75 I -298.618278792 1
75 K -274.925465317 0
75 L -284.951713682 0
75 M -286.765232961 0
75 N -286.716355484 0
75 P -272.811350041 0
75 Q -288.609538681 0
75 R -278.666885895 0
75 S -288.093907743 0
75 T -292.314715963 0
75 V -295.621094305 0
75 W -273.569209527 0
75 Y -275.039865644 0
76 A -281.424326835 0
76 C -279.592982432 0
76 D -276.030109339 0
76 E -267.730623291 0
76 F -176.468732179 0
76 G -278.09315903 0
76 H -36.7398123926 0
76 I -227.206710989 0
76 K -237.233992771 0
76 L -270.182530746 0
76 M -248.319626986 0
76 N -280.982092159 0
76 P -287.714041923 1
76 Q -270.537516174 0
76 R -242.168712923 0
76 S -280.464852198 0
76 T -281.568838253 0
76 V -281.983087524 0
76 W 372.077867647 0
76 Y 492.792679301 0
77 A -285.498264676 0
77 C -285.082311308 0
77 D -293.753669699 0
77 E -273.706501408 0
77 F -270.956568843 0
77 G -279.324153432 0
77 H -292.225180409 0
77 I -292.466103003 0
77 K -291.916891669 0
77 L -298.84622975 0
77 M -295.731569833 0
77 N -295.600278061 0
77 P -194.892887067 0
77 Q -291.982646093 0
77 R -291.770725015 0
77 S -284.45032223 0
77 T -298.826385817 1
77 V -281.554076263 0
77 W -288.427573129 0
77 Y -260.871880091 0
78 A -278.901221363 0
78 C -279.108342328 0
78 D -279.851603589 0
78 E -281.908435477 0
78 F -280.36345314 0
78 G -274.232862963 0
78 H -281.677533235 0
78 I -282.776172704 0
78 K -275.982216921 0
78 L -288.742570537 1
78 M -282.632487885 0
78 N -281.495855302 0
78 P -221.319138973 0
78 Q -281.376172274 0
78 R -274.274914972 0
78 S -279.055187773 0
78 T -278.776113834 0
78 V -277.58721999 0
78 W -271.277474382 0
78 Y -276.504717217 0
79 A -280.230566465 0
79 C -280.938020604 0
79 D -280.402090085 0
79 E -280.893026244 0
79 F -282.567970651 0
79 G -274.151560994 0
79 H -281.733101096 0
79 I -285.419650367 0
79 K -278.27323636 0
79 L -288.398734353 1
79 M -281.391045929 0
79 N -281.623096194 0
79 P -226.641986748 0
79 Q -280.855939488 0
79 R -283.887724701 0
79 S -279.385104009 0
79 T -280.35570064 0
79 V -284.87426133 0
79 W -277.134505451 0
79 Y -281.475668479 0
80 A -278.181556818 0
80 C -278.785284212 0
80 D -278.850862388 0
80 E -279.800454328 0
80 F -263.630800625 0
80 G -272.620586746 0
80 H -280.660006284 0
80 I -264.975369072 0
80 K -274.635730303 0
80 L -289.404918913 1
80 M -282.699874771 0
80 N -280.463360933 0
80 P -200.859873969 0
80 Q -280.363172567 0
80 R -263.031781168 0
80 S -278.48387948 0
80 T -281.288608452 0
80 V -284.124830933 0
80 W -237.785871543 0
80 Y -256.062009177 0
81 A -274.90546883 0
81 C -276.057409974 0
81 D -274.206789503 0
81 E -270.846213593 0
81 F -288.79251652 1
81 G -271.195745208 0
81 H -280.121610223 0
81 I -281.338475426 0
81 K -261.127440199 0
81 L -277.720451305 0
81 M -277.514241258 0
81 N -277.023760768 0
81 P -202.325521705 0
81 Q -272.086757196 0
81 R -246.713195757 0
81 S -274.077510455 0
81 T -276.89913562 0
81 V -280.790590027 0
81 W -252.984149165 0
81 Y -278.756687957 0
82 A -285.180386772 0
82 C -284.704855192 0
82 D -284.64750706 0
82 E -285.083395499 0
82 F -281.082570866 0
82 G -281.454196529 0
82 H -284.802880085 0
82 I -288.851329974 0
82 K -288.290615355 1
82 L -287.537982254 0
82 M -286.10860526 0
82 N -284.577284881 0
82 P -250.257648164 0
82 Q -287.373061381 0
82 R -287.059904414 0
82 S -285.782031554 0
82 T -285.145905694 0
82 V -288.012139253 0
82 W -282.839038431 0
82 Y -281.186664725 0
83 A -284.395982887 0
83 C -282.826096355 0
83 D -288.040614343 0
83 E -286.12330488 0
83 F -284.733478796 0
83 G -284.930159315 0
83 H -286.851841005 0
83 I -249.360239018 0
83 K -286.856022632 0
83 L -284.852246766 0
83 M -284.184258061 0
83 N -288.331013897 1
83 P -224.439706412 0
83 Q -284.623201738 0
83 R -286.007263919 0
83 S -285.524409488 0
83 T -279.419810905 0
83 V -271.117834796 0
83 W -283.533104311 0
83 Y -284.40120623 0
84 A -284.185246941 0
84 C -281.246043575 0
84 D -275.917205734 0
84 E -223.80585777 0
84 F -239.868700896 0
84 G -290.446985391 1
84 H -223.645461257 0
84 I -195.570963641 0
84 K -280.990539995 0
84 L -213.001861598 0
84 M -279.534086022 0
84 N -278.196746694 0
84 P -209.738787607 0
84 Q -222.734630454 0
84 R -281.183906542 0
84 S -283.948464167 0
84 T -265.427905122 0
84 V -190.902784852 0
84 W -181.102025554 0
84 Y -229.383755686 0
85 A -287.642239818 0
85 C -285.556137124 0
85 D -287.411746402 0
85 E -288.260791509 1
85 F -286.939257992 0
85 G -285.825273306 0
85 H -289.469563282 0
85 I -287.782051732 0
85 K -288.4995854 0
85 L -287.483144182 0
85 M -287.374321506 0
85 N -287.515194926 0
85 P -115.019521709 0
85 Q -286.973253705 0
85 R -289.95243391 0
85 S -288.56226423 0
85 T -288.642250544 0
85 V -287.633061832 0
85 W -286.338975233 0
85 Y -286.801687864 0
86 A -283.033304449 0
86 C -283.386320888 0
86 D -278.531514284 0
86 E -267.030854732 0
86 F -257.327274978 0
86 G -279.279151631 0
86 H -265.679126799 0
86 I -289.700774987 0
86 K -281.544324212 0
86 L -258.469503063 0
86 M -278.126870149 0
86 N -281.027309169 0
86 P -283.219134828 0
86 Q -245.108331849 0
86 R -281.328307671 0
86 S -282.710021064 0
86 T -284.953389671 0
86 V -289.176919658 1
86 W 267.808092104 0
86 Y -253.743541125 0
87 A -288.77810715 1
87 C -285.746270563 0
87 D -285.468380859 0
87 E -288.335179683 0
87 F -266.22249477 0
87 G -285.43021123 0
87 H -284.989337818 0
87 I -275.959814968 0
87 K -288.045016669 0
87 L -269.75700777 0
87 M -285.536665351 0
87 N -286.870442832 0
87 P -58.8859160272 0
87 Q -287.253131262 0
87 R -288.815334999 0
87 S -287.412144825 0
87 T -287.713641974 0
87 V -286.579657287 0
87 W -285.564356164 0
87 Y -266.989389608 0
88 A -288.12346029 1
88 C -282.317764183 0
88 D -287.10452229 0
88 E -280.981270432 0
88 F -277.028830556 0
88 G -283.370518956 0
88 H -278.267588781 0
88 I -280.913628187 0
88 K -280.658728117 0
88 L -276.105110005 0
88 M -282.521722755 0
88 N -283.642773026 0
88 P -237.947991472 0
88 Q -281.887405206 0
88 R -281.083090616 0
88 S -286.379199266 0
88 T -279.413793717 0
88 V -282.893469944 0
88 W -276.585314708 0
88 Y -276.084072279 0
89 A -286.983495227 0
89 C -283.968645294 0
89 D -284.539067538 0
89 E -287.852722502 0
89 F -287.525461304 0
89 G -283.552306525 0
89 H -287.263803547 0
89 I -286.469034229 0
89 K -288.383877764 0
89 L -285.358187753 0
89 M -287.360135632 0
89 N -285.251760136 0
89 P -267.98192751 0
89 Q -286.035117555 0
89 R -287.342928204 0
89 S -287.690172435 0
89 T -287.807323223 1
89 V -286.762026522 0
89 W -286.955705834 0
89 Y -287.536570999 0
90 A -286.055254153 0
90 C -285.09053518 0
90 D -283.747385661 0
90 E -285.243902837 0
90 F -288.810910217 0
90 G -281.419229053 0
90 H -289.172602396 0
90 I -285.115993933 0
90 K -287.437649568 1
90 L -287.960521376 0
90 M -285.983071724 0
90 N -285.118237938 0
90 P -207.954782913 0
90 Q -285.287646854 0
90 R -285.908807692 0
90 S -286.893106834 0
90 T -284.796217181 0
90 V -286.237057695 0
90 W -287.892192191 0
90 Y -287.864310439 0
91 A -284.042226045 0
91 C -284.013434394 0
91 D -293.975404895 0
91 E -297.734347602 0
91 F -299.020188286 0
91 G -281.604197396 0
91 H -297.704267885 0
91 I -287.238991173 0
91 K -296.029684312 0
91 L -298.638010159 0
91 M -296.817898892 0
91 N -284.033996486 0
91 P -276.612016339 0
91 Q -295.453208668 0
91 R -297.463108283 0
91 S -284.931789485 0
91 T -285.782435408 0
91 V -287.229696418 1
91 W -294.568367763 0
91 Y -299.667095021 0
92 A -269.983085637 0
92 C -268.443461455 0
92 D -274.05321953 0
92 E -265.94284769 0
92 F -265.388617609 0
92 G -287.591629344 1
92 H -268.721150628 0
92 I -262.918891415 0
92 K -267.487646526 0
92 L -269.071964683 0
92 M -267.747125866 0
92 N -272.167191857 0
92 P -179.746897835 0
92 Q -264.981761035 0
92 R -265.51480118 0
92 S -271.568239468 0
92 T -263.927830413 0
92 V -263.000126983 0
92 W -267.639352764 0
92 Y -265.552412634 0
93 A -288.835651561 1
93 C -284.93529494 0
93 D -288.18645923 0
93 E -288.502851233 0
93 F -286.942618139 0
93 G -284.565152736 0
93 H -288.348785817 0
93 I -265.755376118 0
93 K -284.881812273 0
93 L -287.190321276 0
93 M -284.563157058 0
93 N -286.759732867 0
93 P -291.052805464 0
93 Q -287.016379606 0
93 R -285.216094552 0
93 S -288.462786209 0
93 T -285.194087822 0
93 V -278.417957094 0
93 W -288.054939355 0
93 Y -286.856523528 0
94 A -283.726400549 0
94 C -283.207781314 0
94 D -279.839350645 0
94 E -283.474108835 0
94 F -241.826930054 0
94 G -281.557887957 0
94 H -277.858171657 0
94 I -281.765797424 0
94 K -270.305211994 0
94 L -287.701353571 1
94 M -284.317156888 0
94 N -281.312626467 0
94 P -260.763544509 0
94 Q -283.966683215 0
94 R -280.133811864 0
94 S -284.178920164 0
94 T -281.622599786 0
94 V -283.510525243 0
94 W -274.956085404 0
94 Y -240.824404724 0
95 A -282.289491037 0
95 C -280.034788063 0
95 D -284.931885186 0
95 E -283.698240574 0
95 F -281.803005345 0
95 G -282.473132072 0
95 H -283.87183427 0
95 I -274.901929216 0
95 K -282.963177563 0
95 L -282.876072963 0
95 M -282.285326232 0
95 N -282.108193863 0
95 P -278.343619415 0
95 Q -281.62067424 0
95 R -282.255790955 0
95 S -285.559546093 1
95 T -284.212885146 0
95 V -275.936901159 0
95 W -280.634429994 0
95 Y -280.538504558 0
96 A -286.315710129 0
96 C -284.101028095 0
96 D -284.032879748 0
96 E -287.669590954 0
96 F -286.911947891 0
96 G -281.29898268 0
96 H -282.867618176 0
96 I -284.853219455 0
96 K -288.467413749 1
96 L -285.022950184 0
96 M -284.803689555 0
96 N -283.360444399 0
96 P -283.418676502 0
96 Q -286.423756498 0
96 R -287.954472446 0
96 S -286.426962007 0
96 T -288.146474652 0
96 V -285.068716142 0
96 W -284.42541006 0
96 Y -286.615984775 0
97 A -288.846890629 0
97 C -285.734454624 0
97 D -290.524496247 0
97 E -291.645268743 0
97 F -287.933411897 0
97 G -287.810452987 1
97 H -288.963102474 0
97 I -288.980834262 0
97 K -289.871863552 0
97 L -289.413097976 0
97 M -288.270368126 0
97 N -288.803655721 0
97 P -273.193175161 0
97 Q -288.796016028 0
97 R -289.295474628 0
97 S -289.198065867 0
97 T -288.968155488 0
97 V -289.064326652 0
97 W -287.792203851 0
97 Y -288.057993109 0
98 A -285.987787026 0
98 C -282.249664146 0
98 D -286.029127539 0
98 E -287.974823929 0
98 F -281.620123776 0
98 G -283.538736727 0
98 H -284.771907 0
98 I -283.750163745 0
98 K -284.974303666 0
98 L -286.093551209 0
98 M -285.530219213 0
98 N -283.727463517 0
98 P -226.695448416 0
98 Q -287.931842731 1
98 R -284.936615626 0
98 S -284.599583117 0
98 T -285.139585405 0
98 V -284.42370719 0
98 W -283.090311185 0
98 Y -281.403370834 0
99 A -283.185500519 0
99 C -281.218531547 0
99 D -280.867774294 0
99 E -283.272537698 0
99 F -278.80381812 0
99 G -279.482389575 0
99 H -282.252214061 0
99 I -261.827236637 0
99 K -275.615726819 0
99 L -289.817384701 1
99 M -286.175386239 0
99 N -281.3342667 0
99 P -70.9848457277 0
99 Q -283.626657464 0
99 R -279.390238333 0
99 S -281.158104148 0
99 T -282.663137909 0
99 V -255.394162218 0
99 W -268.426034419 0
99 Y -267.61181938 0
100 A -287.785470547 0
100 C -286.590137687 0
100 D -285.052671953 0
100 E -287.047136618 0
100 F -282.30423946 0
100 G -285.773297519 0
100 H -283.377089897 0
100 I -289.296091761 0
100 K -289.624995492 1
100 L -284.69455383 0
100 M -288.148147191 0
100 N -287.42770972 0
100 P -13.764817537 0
100 Q -288.704311883 0
100 R -288.951808375 0
100 S -286.928806114 0
100 T -285.308176295 0
100 V -288.547287738 0
100 W -267.974236255 0
100 Y -282.20537337 0
101 A -288.683202555 0
101 C -286.011821554 0
101 D -288.667457316 0
101 E -289.833450323 1
101 F -286.949091619 0
101 G -287.395249547 0
101 H -288.280302286 0
101 I -288.35353904 0
101 K -289.676621029 0
101 L -289.445087696 0
101 M -288.568895072 0
101 N -288.464624925 0
101 P -67.9819791293 0
101 Q -288.01316487 0
101 R -289.202666888 0
101 S -288.227621342 0
101 T -288.206773136 0
101 V -288.293657342 0
101 W -288.08002887 0
101 Y -286.872539027 0
102 A -281.208479719 0
102 C -279.581620324 0
102 D -280.675814188 0
102 E -281.209312117 0
102 F -289.023474584 1
102 G -279.32263792 0
102 H -285.138070559 0
102 I -280.94748111 0
102 K -281.734458491 0
102 L -284.328157271 0
102 M -282.632859997 0
102 N -280.967954389 0
102 P -34.5476553684 0
102 Q -280.59876555 0
102 R -280.391793417 0
102 S -281.320202053 0
102 T -282.254077217 0
102 V -282.185649524 0
102 W -281.401028915 0
102 Y -285.948094588 0
103 A -279.007885851 0
103 C -278.415648401 0
103 D -278.504635024 0
103 E -279.51263699 0
103 F -276.444003228 0
103 G -275.275293699 0
103 H -280.28148249 0
103 I -283.394594436 0
103 K -265.083693134 0
103 L -290.597556831 1
103 M -279.633690072 0
103 N -280.893182271 0
103 P -95.2617567994 0
103 Q -279.27081373 0
103 R -265.946066115 0
103 S -277.181947071 0
103 T -276.73167978 0
103 V -271.571035681 0
103 W -238.14445665 0
103 Y -273.411180408 0
104 A -286.967644016 0
104 C -284.432094229 0
104 D -289.422675638 1
104 E -288.837866434 0
104 F -283.326809523 0
104 G -285.49835421 0
104 H -285.032718496 0
104 I -285.740776065 0
104 K -286.662740606 0
104 L -287.840092646 0
104 M -287.005413799 0
104 N -288.009673041 0
104 P 0.430562488312 0
104 Q -286.293717836 0
104 R -286.254193137 0
104 S -286.105860533 0
104 T -285.639072585 0
104 V -284.398231758 0
104 W -283.943234111 0
104 Y -283.403717419 0
105 A -288.290808076 1
105 C -285.54955509 0
105 D -286.922399561 0
105 E -286.326433226 0
105 F -284.646557248 0
105 G -286.597732654 0
105 H -286.753697881 0
105 I -284.263263755 0
105 K -287.338895684 0
105 L -286.109614726 0
105 M -286.033044103 0
105 N -287.896830114 0
105 P -27.2312558633 0
105 Q -285.667657123 0
105 R -287.231331794 0
105 S -287.22067345 0
105 T -285.910122269 0
105 V -279.669445382 0
105 W -287.427953814 0
105 Y -284.57989084 0
106 A -284.442322107 0
106 C -285.309157448 0
106 D -282.603071778 0
106 E -285.74862699 0
106 F -285.20069426 0
106 G -282.399069699 0
106 H -287.419621956 0
106 I -285.30885286 0
106 K -283.80495714 0
106 L -285.338095238 0
106 M -284.730853807 0
106 N -289.263209686 1
106 P -161.500169171 0
106 Q -287.01612514 0
106 R -286.669050221 0
106 S -284.55904828 0
106 T -285.860752022 0
106 V -286.490207533 0
106 W -285.24645706 0
106 Y -285.807036395 0
107 A -279.051779362 0
107 C -279.931894512 0
107 D -281.985766217 0
107 E -282.708175786 0
107 F -278.263286781 0
107 G -278.569727431 0
107 H -279.13819392 0
107 I -281.929353837 0
107 K -279.694137448 0
107 L -289.486481325 1
107 M -286.79977838 0
107 N -283.382487102 0
107 P -12.9568688181 0
107 Q -283.045718693 0
107 R -283.763767265 0
107 S -280.004402613 0
107 T -281.223724178 0
107 V -279.207925411 0
107 W -66.4488129487 0
107 Y -278.218415635 0
108 A -287.098857464 1
108 C -285.351005265 0
108 D -285.070944989 0
108 E -286.759148142 0
108 F -284.827300728 0
108 G -287.638220241 0
108 H -285.363006444 0
108 I -277.980955639 0
108 K -288.296968488 0
108 L -286.03474629 0
108 M -286.849296063 0
108 N -285.700127027 0
108 P -214.285032083 0
108 Q -285.124536694 0
108 R -287.179261915 0
108 S -287.099094664 0
108 T -287.030836975 0
108 V -281.750120025 0
108 W -281.935919407 0
108 Y -283.636648652 0
