1 A -486.15606398 0
1 C -484.604563241 0
1 D -486.879468349 0
1 E -486.232555932 1
1 F -481.200550794 0
1 G -485.226945434 0
1 H -488.106161454 0
1 I -483.552414309 0
1 K -486.272760087 0
1 L -484.654231255 0
1 M -485.741953264 0
1 N -485.66216909 0
1 P -489.153105965 0
1 Q -486.035001468 0
1 R -485.633315701 0
1 S -486.021033973 0
1 T -485.051133613 0
1 V -482.653346286 0
1 W -482.917449066 0
1 Y -480.885624453 0
2 A -485.426141594 0
2 C -482.949609641 0
2 D -480.438007023 0
2 E -486.753749458 0
2 F -482.031594762 0
2 G -483.094614323 0
2 H -489.348148664 0
2 I -453.768890888 0
2 K -488.07257523 0
2 L -481.444373101 0
2 M -486.987799446 0
2 N -482.810808169 0
2 P -468.812507588 0
2 Q -486.385791781 0
2 R -487.937187065 0
2 S -490.568449644 1
2 T -489.269813952 0
2 V -453.783562241 0
2 W -480.232884972 0
2 Y -482.290289683 0
3 A -481.185922562 0
3 C -480.572369405 0
3 D -477.64946152 0
3 E -482.679360097 0
3 F -445.530013643 0
3 G -474.702613786 0
3 H -473.550326381 0
3 I -487.182173664 1
3 K -476.575847105 0
3 L -481.827746788 0
3 M -484.48017762 0
3 N -480.500473901 0
3 P -453.634156076 0
3 Q -484.06339948 0
3 R -477.167710449 0
3 S -481.511771452 0
3 T -482.940057106 0
3 V -485.580820761 0
3 W -451.004836313 0
3 Y -428.820008348 0
4 A -476.010319184 0
4 C -474.364603989 0
4 D -474.757079109 0
4 E -472.666165129 0
4 F -481.949183361 0
4 G -467.904470633 0
4 H -481.571457627 0
4 I -478.10576517 0
4 K -477.636082962 0
4 L -480.083571344 0
4 M -476.888410989 0
4 N -478.105966396 0
4 P -449.704409942 0
4 Q -474.360639488 0
4 R -481.847666803 1
4 S -475.773755138 0
4 T -474.481110566 0
4 V -471.053681436 0
4 W -461.500546729 0
4 Y -480.212631843 0
5 A -474.883152512 0
5 C -474.595375658 0
5 D -469.538661742 0
5 E -471.809554399 0
5 F -464.858215778 0
5 G -470.364166127 0
5 H -466.544408462 0
5 I -475.98627527 0
5 K -468.448249742 0
5 L -474.315963277 0
5 M -480.76549001 1
5 N -473.732660257 0
5 P -399.510021979 0
5 Q -473.194937057 0
5 R -462.641727797 0
5 S -475.079545045 0
5 T -475.142935087 0
5 V -475.010865318 0
5 W -399.332218512 0
5 Y -464.140513076 0
6 A -472.533859442 0
6 C -472.50403703 0
6 D -469.391511477 0
6 E -467.387636727 0
6 F -468.182807015 0
6 G -466.041790292 0
6 H -467.497357084 0
6 I -475.114411437 0
6 K -462.926100584 0
6 L -463.729514294 0
6 M -449.493594384 0
6 N -468.928425833 0
6 P -423.843902353 0
6 Q -468.333376187 0
6 R -451.492123242 0
6 S -470.940636666 0
6 T -473.559713576 0
6 V -477.350935203 1
6 W -360.15326071 0
6 Y -465.518468447 0
7 A -466.953446943 0
7 C -468.143889756 0
7 D -468.315755983 0
7 E -468.19550362 0
7 F -457.561958696 0
7 G -462.835516518 0
7 H -459.877530505 0
7 I -473.515510363 0
7 K -463.28624768 0
7 L -476.807933488 1
7 M -473.816250241 0
7 N -469.892907615 0
7 P -379.52700253 0
7 Q -470.024628619 0
7 R -460.454443684 0
7 S -468.070291065 0
7 T -467.138879477 0
7 V -456.260245614 0
7 W -454.647375642 0
7 Y -452.99404736 0
8 A -466.927683282 0
8 C -467.625117421 0
8 D -467.300389477 0
8 E -468.356040101 0
8 F -465.09106287 0
8 G -463.039252441 0
8 H -467.426480353 0
8 I -476.389482371 1
8 K -463.027573719 0
8 L -475.840768562 0
8 M -472.430447191 0
8 N -468.700015549 0
8 P -396.891299616 0
8 Q -471.029872106 0
8 R -449.163695687 0
8 S -467.679393447 0
8 T -469.926204647 0
8 V -472.941004905 0
8 W -388.293891028 0
8 Y -453.385896603 0
9 A -469.194123343 0
9 C -454.708069996 0
9 D -450.202330145 0
9 E -430.533863404 0
9 F -294.336847355 0
9 G -475.432834704 1
9 H -341.373486404 0
9 I -366.561712974 0
9 K -398.405776475 0
9 L -418.268509826 0
9 M -432.708341628 0
9 N -443.160766584 0
9 P -417.33830818 0
9 Q -430.311299176 0
9 R -418.985292812 0
9 S -463.846190477 0
9 T -449.222881038 0
9 V -373.550787292 0
9 W -298.942678371 0
9 Y -278.850690882 0
10 A -471.511637635 0
10 C -466.673421605 0
10 D -458.283974876 0
10 E -466.052802546 0
10 F -470.371399818 0
10 G -468.718635655 0
10 H -467.822771577 0
10 I -437.402311397 0
10 K -392.624621038 0
10 L -470.089763542 0
10 M -469.220389319 0
10 N -467.105600165 0
10 P -477.203827791 1
10 Q -468.154273883 0
10 R -469.876365492 0
10 S -470.029664639 0
10 T -468.898518237 0
10 V -466.393515853 0
10 W -466.576413957 0
10 Y -466.126533521 0
11 A -471.525768217 0
11 C -468.880918461 0
11 D -472.146821229 0
11 E -474.820014693 0
11 F -448.734559063 0
11 G -467.948353407 0
11 H -468.435150138 0
11 I -466.797970463 0
11 K -464.477130392 0
11 L -465.394939778 0
11 M -468.072493007 0
11 N -470.846656485 0
11 P -475.011449909 1
11 Q -471.079896137 0
11 R -461.687135072 0
11 S -470.916341691 0
11 T -466.732818191 0
11 V -467.659310097 0
11 W -464.2220179 0
11 Y -448.517231558 0
12 A -466.686813077 0
12 C -427.354794792 0
12 D -433.461567219 0
12 E -112.164225129 0
12 F -338.058228219 0
12 G -476.635231248 1
12 H -378.470642224 0
12 I -398.895720372 0
12 K 85.388622107 0
12 L -101.835200721 0
12 M -370.877296547 0
12 N -411.288665231 0
12 P -345.88853854 0
12 Q -365.480648205 0
12 R -287.235960106 0
12 S -454.15946573 0
12 T -429.378606275 0
12 V -388.970722571 0
12 W -115.904530036 0
12 Y -328.542108099 0
13 A -475.287548962 1
13 C -471.460093993 0
13 D -470.702997356 0
13 E -431.949336321 0
13 F -370.451244609 0
13 G -471.819133929 0
13 H -447.831401822 0
13 I -375.578815386 0
13 K -129.245132456 0
13 L -361.029909541 0
13 M -266.496467983 0
13 N -456.831002052 0
13 P -276.531565186 0
13 Q -188.392191023 0
13 R -382.183719234 0
13 S -472.66443155 0
13 T -469.858781253 0
13 V -466.480397445 0
13 W -29.6247083928 0
13 Y -337.252439236 0
14 A -463.63223609 0
14 C -454.569429352 0
14 D -457.776056402 0
14 E -456.018203456 0
14 F -456.397708653 0
14 G -475.600783207 1
14 H -458.243356109 0
14 I -435.899522363 0
14 K -456.063744488 0
14 L -460.583668999 0
14 M -452.64945437 0
14 N -459.593057099 0
14 P -314.212460341 0
14 Q -457.255041694 0
14 R -459.167615065 0
14 S -458.713502997 0
14 T -445.941242926 0
14 V -434.465437363 0
14 W -426.053081345 0
14 Y -454.559187127 0
15 A -476.16214931 0
15 C -475.049431905 0
15 D -472.310397173 0
15 E -475.53951791 0
15 F -91.8148178898 0
15 G -473.59889722 0
15 H -443.465470449 0
15 I -475.052860465 0
15 K -477.347174489 1
15 L -476.188225128 0
15 M -476.759206712 0
15 N -473.719953231 0
15 P -459.245121133 0
15 Q -473.480847376 0
15 R -474.667249451 0
15 S -476.379355681 0
15 T -477.355893918 0
15 V -473.22886312 0
15 W -467.028879014 0
15 Y -465.680455797 0
16 A -476.970001099 0
16 C -476.870281576 0
16 D -491.733415573 0
16 E -483.610539176 0
16 F -478.628749953 0
16 G -476.609152993 1
16 H -479.962443945 0
16 I -477.329403133 0
16 K -490.36180525 0
16 L -480.648459486 0
16 M -489.740869466 0
16 N -477.720393711 0
16 P -463.316521059 0
16 Q -480.176734127 0
16 R -487.446973726 0
16 S -480.156409567 0
16 T -479.154906323 0
16 V -477.239583335 0
16 W -477.562462251 0
16 Y -477.950194352 0
17 A -475.514657808 0
17 C -475.864303535 0
17 D -479.206494764 0
17 E -481.148117802 0
17 F -477.830329577 0
17 G -473.867321497 0
17 H -478.953631969 0
17 I -479.798168754 0
17 K -478.210261997 0
17 L -481.349536592 0
17 M -477.543621733 0
17 N -477.571133305 0
17 P -403.694013861 0
17 Q -477.978934388 0
17 R -479.599615019 0
17 S -478.308516395 0
17 T -478.8017052 1
17 V -480.411914995 0
17 W -478.084390589 0
17 Y -477.570969918 0
18 A -476.753397259 0
18 C -475.989975303 0
18 D -477.15653467 0
18 E -478.084149285 0
18 F -467.983280499 0
18 G -472.683013732 0
18 H -474.409236792 0
18 I -476.919207881 0
18 K -468.488648278 0
18 L -478.420573758 0
18 M -480.523053576 0
18 N -478.034800923 0
18 P -348.349430144 0
18 Q -480.711523376 1
18 R -470.576391163 0
18 S -476.228865092 0
18 T -477.255731602 0
18 V -479.646954682 0
18 W -422.340776724 0
18 Y -461.789652936 0
19 A -482.611460452 1
19 C -464.029876888 0
19 D -453.92685611 0
19 E -453.342067959 0
19 F -386.105554899 0
19 G -471.408135597 0
19 H -423.283264372 0
19 I -431.821012416 0
19 K -458.616348193 0
19 L -434.031542061 0
19 M -429.867820552 0
19 N -457.176897046 0
19 P -325.512393654 0
19 Q -432.613066667 0
19 R -453.58887482 0
19 S -468.10844953 0
19 T -437.701598202 0
19 V -432.231603238 0
19 W -413.602517576 0
19 Y -362.523928694 0
20 A -483.58345812 0
20 C -481.095635722 0
20 D -492.519033434 0
20 E -492.964348666 0
20 F -494.363261119 0
20 G -482.645435997 0
20 H -492.271101364 0
20 I -493.200358699 0
20 K -493.534912703 0
20 L -493.578192784 0
20 M -492.602486959 0
20 N -493.052095939 0
20 P -483.522645026 1
20 Q -493.717550066 0
20 R -495.238926573 0
20 S -484.018299638 0
20 T -492.369816942 0
20 V -483.197188024 0
20 W -494.707207179 0
20 Y -492.681921969 0
21 A -481.948088327 0
21 C -479.328801193 0
21 D -480.695177132 0
21 E -481.439712679 0
21 F -482.851731294 0
21 G -478.810194049 0
21 H -482.898296122 0
21 I -463.702111154 0
21 K -482.455188315 0
21 L -481.112744967 0
21 M -482.199706392 0
21 N -483.159186725 1
21 P -408.363319573 0
21 Q -480.717842608 0
21 R -481.819185895 0
21 S -481.137032138 0
21 T -479.347872042 0
21 V -421.348832776 0
21 W -482.628862515 0
21 Y -482.559073306 0
22 A -481.436026685 0
22 C -480.606529494 0
22 D -480.097317149 0
22 E -482.464617277 0
22 F -462.069246083 0
22 G -478.130866459 0
22 H -476.062063079 0
22 I -483.329220045 0
22 K -475.504089028 0
22 L -489.884865024 1
22 M -480.393798337 0
22 N -482.844069135 0
22 P -368.837912631 0
22 Q -480.640197057 0
22 R -471.57681176 0
22 S -480.296813397 0
22 T -482.640420629 0
22 V -480.63065634 0
22 W -458.349962831 0
22 Y -422.500264172 0
23 A -489.668890832 0
23 C -486.828352836 0
23 D -483.915856057 0
23 E -489.403166545 0
23 F -488.382953574 0
23 G -487.174579521 0
23 H -489.90950083 0
23 I -470.498472321 0
23 K -489.364371602 0
23 L -487.975874785 0
23 M -488.423638097 0
23 N -486.304865494 0
23 P -161.443031299 0
23 Q -487.949102737 1
23 R -499.974367158 0
23 S -488.397472443 0
23 T -489.914738763 0
23 V -485.572050661 0
23 W -487.9586433 0
23 Y -488.194289827 0
24 A -489.115526657 0
24 C -486.460163035 0
24 D -488.474956808 0
24 E -489.398241756 1
24 F -487.623522614 0
24 G -487.839883622 0
24 H -489.003336372 0
24 I -488.396354525 0
24 K -489.885011058 0
24 L -489.162964364 0
24 M -488.510957408 0
24 N -488.652682173 0
24 P -255.040924009 0
24 Q -487.948218352 0
24 R -490.07311688 0
24 S -488.688871141 0
24 T -489.128103904 0
24 V -487.522442235 0
24 W -488.449396619 0
24 Y -487.497927867 0
25 A -487.4410994 0
25 C -484.871186133 0
25 D -486.991789612 0
25 E -488.002314749 0
25 F -490.540648517 0
25 G -483.743985862 0
25 H -489.200418886 0
25 I -474.259813366 0
25 K -487.620771189 0
25 L -486.548671096 0
25 M -487.406841133 0
25 N -485.118446462 0
25 P -210.426114731 0
25 Q -487.004491275 0
25 R -490.410819422 1
25 S -486.196767894 0
25 T -488.433428728 0
25 V -479.669381666 0
25 W -488.652756866 0
25 Y -489.804140387 0
26 A -483.425406587 0
26 C -483.468275831 0
26 D -486.641756341 0
26 E -486.251374709 0
26 F -495.49416437 1
26 G -480.163709849 0
26 H -490.952853051 0
26 I -480.367120289 0
26 K -482.637485341 0
26 L -484.024272894 0
26 M -488.385847697 0
26 N -488.901671693 0
26 P -245.984601898 0
26 Q -486.607102567 0
26 R -478.610451649 0
26 S -482.963704534 0
26 T -485.084412586 0
26 V -478.445382845 0
26 W -474.126307441 0
26 Y -492.802515637 0
27 A -486.091754597 0
27 C -484.797013826 0
27 D -487.694724725 0
27 E -487.359274561 0
27 F -484.403668784 0
27 G -486.642485937 0
27 H -487.436566661 1
27 I -456.742552859 0
27 K -489.427894949 0
27 L -487.11099765 0
27 M -485.954805945 0
27 N -488.976860784 0
27 P -448.900625577 0
27 Q -488.560355178 0
27 R -487.459488161 0
27 S -486.214174908 0
27 T -481.620079807 0
27 V -473.914916855 0
27 W -485.55415754 0
27 Y -484.206260453 0
28 A -485.017042179 1
28 C -483.626610875 0
28 D -469.441874227 0
28 E -436.166507769 0
28 F -290.288673924 0
28 G -480.67443959 0
28 H -395.37331905 0
28 I -424.278344557 0
28 K -414.372102317 0
28 L -348.345450572 0
28 M -414.853054254 0
28 N -456.308398643 0
28 P -444.404040709 0
28 Q -413.404716634 0
28 R -260.746602864 0
28 S -481.638937069 0
28 T -455.635972901 0
28 V -484.694828103 0
28 W -147.269262051 0
28 Y 347.016690758 0
29 A -484.398045381 1
29 C -482.228280983 0
29 D -480.647766028 0
29 E -482.112619153 0
29 F -483.447860557 0
29 G -478.987224485 0
29 H -472.371923861 0
29 I -478.556729879 0
29 K -482.12708966 0
29 L -481.690450435 0
29 M -483.657992123 0
29 N -482.017968696 0
29 P -283.539735107 0
29 Q -481.543375497 0
29 R -481.165131252 0
29 S -482.62822703 0
29 T -481.474311907 0
29 V -480.987044148 0
29 W -482.538623351 0
29 Y -483.508159698 0
30 A -471.740168083 0
30 C -471.943760519 0
30 D -474.200283209 0
30 E -473.057623435 0
30 F -471.120943666 0
30 G -468.613893656 0
30 H -480.610434642 1
30 I -472.278117209 0
30 K -474.563307628 0
30 L -479.04920379 0
30 M -475.155184709 0
30 N -476.323653543 0
30 P -465.758855532 0
30 Q -473.303752948 0
30 R -478.289627797 0
30 S -472.589900679 0
30 T -470.238976279 0
30 V -473.133870827 0
30 W -478.385895711 0
30 Y -460.982252388 0
31 A -466.216426131 0
31 C -468.070123679 0
31 D -468.153186932 0
31 E -467.380586559 0
31 F -463.758445672 0
31 G -461.590879459 0
31 H -463.868077447 0
31 I -472.86419155 0
31 K -465.241202324 0
31 L -476.366158286 1
31 M -472.474737165 0
31 N -471.177590993 0
31 P -387.905827257 0
31 Q -468.506812342 0
31 R -466.526227175 0
31 S -465.433948426 0
31 T -464.701177503 0
31 V -472.589526311 0
31 W -461.336452974 0
31 Y -445.027090002 0
32 A -475.023998738 1
32 C -474.862322376 0
32 D -474.18769739 0
32 E -470.662926193 0
32 F -473.278656876 0
32 G -469.968746372 0
32 H -475.807392254 0
32 I -463.327853778 0
32 K -470.338569929 0
32 L -460.814038008 0
32 M -473.0874905 0
32 N -478.246306543 0
32 P -462.158947273 0
32 Q -471.351811419 0
32 R -472.561718901 0
32 S -475.697797257 0
32 T -472.471333856 0
32 V -464.328141555 0
32 W -475.273590948 0
32 Y -472.891416562 0
33 A -476.851842759 0
33 C -474.76006141 0
33 D -474.578667285 0
33 E -470.893039502 0
33 F -378.911459008 0
33 G -474.466738667 0
33 H -436.288000567 0
33 I -475.745756648 0
33 K -464.36150181 0
33 L -470.553824331 0
33 M -476.731036992 0
33 N -474.596238402 0
33 P -417.005074488 0
33 Q -473.077812862 0
33 R -435.252509228 0
33 S -476.885219856 0
33 T -478.027250022 1
33 V -476.792738115 0
33 W -421.489439916 0
33 Y -407.156196143 0
34 A -478.933339041 0
34 C -475.581547077 0
34 D -482.317900088 0
34 E -484.628890397 0
34 F -473.71437236 0
34 G -476.395475904 1
34 H -476.009392186 0
34 I -477.576819464 0
34 K -476.615996297 0
34 L -481.018420694 0
34 M -479.161173545 0
34 N -477.540006758 0
34 P -464.690966662 0
34 Q -477.475215582 0
34 R -477.021053809 0
34 S -479.113358626 0
34 T -478.331397063 0
34 V -476.851356168 0
34 W -478.162096313 0
34 Y -472.950493722 0
35 A -477.272516633 0
35 C -475.149010902 0
35 D -480.478115383 1
35 E -480.206713481 0
35 F -478.050509334 0
35 G -475.03572336 0
35 H -487.405133993 0
35 I -477.165000597 0
35 K -478.864928308 0
35 L -478.694009894 0
35 M -487.942751797 0
35 N -478.282487306 0
35 P -450.546165059 0
35 Q -480.195656835 0
35 R -488.142732894 0
35 S -477.014426573 0
35 T -476.658028279 0
35 V -477.544073584 0
35 W -477.205656199 0
35 Y -477.487388147 0
36 A -477.982462182 0
36 C -475.469661717 0
36 D -478.299219469 0
36 E -479.76058324 0
36 F -480.008196172 0
36 G -475.915242066 0
36 H -480.142537253 0
36 I -477.459114108 0
36 K -478.850795544 0
36 L -481.187390799 0
36 M -482.442004097 1
36 N -478.112200732 0
36 P -257.986494916 0
36 Q -480.142698057 0
36 R -478.177711189 0
36 S -476.577026789 0
36 T -476.261737497 0
36 V -474.034226417 0
36 W -479.3471939 0
36 Y -479.095250283 0
37 A -474.595845508 0
37 C -473.478140811 0
37 D -473.917445043 0
37 E -475.132306457 0
37 F -477.778353055 0
37 G -471.389690811 0
37 H -473.343323113 0
37 I -475.648562438 0
37 K -474.444078346 0
37 L -482.73777864 1
37 M -477.827446704 0
37 N -475.751099177 0
37 P -283.528953376 0
37 Q -474.558250311 0
37 R -476.71782268 0
37 S -473.295343004 0
37 T -471.979588381 0
37 V -457.21911517 0
37 W -461.593448121 0
37 Y -474.70973839 0
38 A -478.788318492 0
38 C -476.703309707 0
38 D -479.399998752 0
38 E -480.879664932 0
38 F -483.120279151 0
38 G -476.873694075 0
38 H -481.706111211 0
38 I -480.732408691 0
38 K -479.483712612 0
38 L -483.501586483 0
38 M -481.847115764 0
38 N -480.652069398 0
38 P -288.786817632 0
38 Q -478.523637894 0
38 R -482.102587027 1
38 S -477.677204536 0
38 T -476.98731002 0
38 V -477.836197266 0
38 W -485.031993593 0
38 Y -481.39551872 0
39 A -482.135621593 0
39 C -479.782049693 0
39 D -481.510283692 0
39 E -482.056973612 0
39 F -479.522846835 0
39 G -480.639724238 0
39 H -482.108462141 0
39 I -481.311873697 0
39 K -481.944752349 0
39 L -481.853676023 0
39 M -480.007021412 0
39 N -482.031360474 0
39 P -132.64587346 0
39 Q -480.702554063 0
39 R -481.673915805 0
39 S -480.815788292 1
39 T -482.214658632 0
39 V -477.988827553 0
39 W -482.005477921 0
39 Y -479.332333912 0
40 A -480.610502661 0
40 C -479.481248121 0
40 D -480.945882882 0
40 E -486.424609858 0
40 F -480.401212482 0
40 G -477.180236755 0
40 H -482.704279013 0
40 I -421.420100265 0
40 K -480.911303535 0
40 L -483.378524679 0
40 M -480.737928644 0
40 N -481.602771343 0
40 P -315.359864034 0
40 Q -483.655294764 1
40 R -480.42766973 0
40 S -478.204755546 0
40 T -477.896284591 0
40 V -425.49201239 0
40 W -481.332148153 0
40 Y -481.94979093 0
41 A -477.490525112 0
41 C -477.736708203 0
41 D -475.01213048 0
41 E -477.88595144 0
41 F -474.275886317 0
41 G -475.424962333 0
41 H -475.410845442 0
41 I -481.602352496 1
41 K -474.986298128 0
41 L -476.234817163 0
41 M -476.155498181 0
41 N -475.430891525 0
41 P -253.532393515 0
41 Q -476.367477382 0
41 R -476.088269818 0
41 S -476.774880483 0
41 T -478.397989478 0
41 V -480.39007244 0
41 W -474.764393997 0
41 Y -473.507233289 0
42 A -480.463610037 1
42 C -477.587988957 0
42 D -479.575528481 0
42 E -479.656689371 0
42 F -477.746215884 0
42 G -478.718611107 0
42 H -480.194227649 0
42 I -478.840759852 0
42 K -479.326408706 0
42 L -480.657552603 0
42 M -479.89567261 0
42 N -480.034561274 0
42 P -175.679600527 0
42 Q -479.247867618 0
42 R -479.510864416 0
42 S -479.043200913 0
42 T -478.729561161 0
42 V -476.599175356 0
42 W -478.119451079 0
42 Y -477.447503423 0
43 A -479.943109582 0
43 C -477.838902542 0
43 D -478.839679494 0
43 E -479.43987924 0
43 F -476.573501933 0
43 G -478.3584791 0
43 H -479.084689579 0
43 I -475.514204673 0
43 K -479.942456539 1
43 L -480.899654521 0
43 M -481.342575409 0
43 N -480.23928701 0
43 P -233.003192114 0
43 Q -479.114210932 0
43 R -480.116264106 0
43 S -478.996072872 0
43 T -476.127376309 0
43 V -475.121034074 0
43 W -479.506259569 0
43 Y -476.340996475 0
44 A -480.620035741 0
44 C -479.602980523 0
44 D -481.197821612 0
44 E -481.542968818 0
44 F -480.595214711 0
44 G -483.835117049 1
44 H -482.313261774 0
44 I -445.028497807 0
44 K -483.011902349 0
44 L -482.245866445 0
44 M -481.780166622 0
44 N -483.294662279 0
44 P -341.566014992 0
44 Q -481.966162345 0
44 R -483.080093032 0
44 S -480.208877949 0
44 T -474.442284895 0
44 V -457.209432295 0
44 W -480.399859203 0
44 Y -480.361286745 0
45 A -481.249890338 0
45 C -479.543449557 0
45 D -482.575272032 0
45 E -481.515185335 0
45 F -479.194494675 0
45 G -480.558566071 0
45 H -483.009832821 0
45 I -475.918745356 0
45 K -481.615638416 0
45 L -482.009387035 0
45 M -480.183175547 0
45 N -480.890878277 0
45 P -311.127375366 0
45 Q -480.979059234 0
45 R -480.580527472 0
45 S -485.777164556 0
45 T -486.62396716 1
45 V -477.333579304 0
45 W -478.3589504 0
45 Y -478.416840085 0
46 A -480.111232606 0
46 C -476.904348694 0
46 D -481.565683374 0
46 E -483.612951756 0
46 F -477.665440582 0
46 G -479.039568433 0
46 H -480.759863093 0
46 I -479.109351493 0
46 K -481.176925101 0
46 L -480.889752105 0
46 M -479.697067756 0
46 N -480.183253811 0
46 P -478.441746688 0
46 Q -480.108949867 1
46 R -480.660286221 0
46 S -481.27959241 0
46 T -479.952672381 0
46 V -479.179713938 0
46 W -480.890650969 0
46 Y -477.893550553 0
47 A -481.030467885 0
47 C -480.942982661 0
47 D -482.213924632 0
47 E -483.389302941 0
47 F -480.161569575 0
47 G -480.188972053 0
47 H -481.261982576 0
47 I -485.485008274 0
47 K -482.528256481 0
47 L -487.749909367 1
47 M -484.262023973 0
47 N -481.210005482 0
47 P -462.692992029 0
47 Q -482.949686857 0
47 R -484.622871184 0
47 S -481.563524281 0
47 T -484.704859324 0
47 V -485.036054648 0
47 W -481.177697991 0
47 Y -480.324100958 0
48 A -288.877306892 0
48 C -228.309829656 0
48 D -97.8698885331 0
48 E 358.739442486 0
48 F 1121.87712675 0
48 G -488.880279201 1
48 H 505.913713234 0
48 I 357.029126501 0
48 K 228.617636982 0
48 L 377.416173162 0
48 M 682.148424269 0
48 N -119.143667805 0
48 P -206.401564141 0
48 Q -14.4036647252 0
48 R 142.668854729 0
48 S -285.778721694 0
48 T -23.5050638904 0
48 V 284.013419917 0
48 W 737.796517445 0
48 Y 760.270340286 0
49 A -485.291477017 0
49 C -484.050657606 0
49 D -485.907918914 0
49 E -485.938170388 0
49 F -482.466321202 0
49 G -483.591344927 0
49 H -485.034547219 0
49 I -486.118159907 0
49 K -486.935202869 0
49 L -488.141592167 1
49 M -487.493009708 0
49 N -486.759756133 0
49 P -206.769545276 0
49 Q -485.281608439 0
49 R -487.333101949 0
49 S -484.782647945 0
49 T -484.72103259 0
49 V -485.2936905 0
49 W -481.676637946 0
49 Y -482.38356792 0
50 A -481.409672973 0
50 C -479.681355144 0
50 D -483.755649099 0
50 E -483.479233696 1
50 F -479.631899904 0
50 G -480.489383367 0
50 H -481.557540045 0
50 I -480.958810679 0
50 K -482.255562959 0
50 L -482.422258715 0
50 M -481.337989816 0
50 N -482.151035708 0
50 P -287.604443249 0
50 Q -480.833634047 0
50 R -482.234278595 0
50 S -481.588671967 0
50 T -481.576037062 0
50 V -481.537186123 0
50 W -480.71996611 0
50 Y -479.637101733 0
51 A -483.638819428 1
51 C -481.797102091 0
51 D -486.424328937 0
51 E -454.54429257 0
51 F -471.015933764 0
51 G -478.897146592 0
51 H -481.566564138 0
51 I -478.648006275 0
51 K -442.42995374 0
51 L -474.678502631 0
51 M -461.185344708 0
51 N -484.440534191 0
51 P -177.376478609 0
51 Q -458.134574595 0
51 R -470.15498937 0
51 S -481.218115846 0
51 T -481.039823151 0
51 V -452.813504544 0
51 W -457.494513263 0
51 Y -460.603175936 0
52 A -479.124587779 0
52 C -475.576586047 0
52 D -474.494345864 0
52 E -479.242287334 0
52 F -472.085097284 0
52 G -477.014004818 0
52 H -478.339535794 0
52 I -469.618502438 0
52 K -481.879629665 1
52 L -479.952063153 0
52 M -477.966145121 0
52 N -477.231813472 0
52 P -285.037774915 0
52 Q -478.62509303 0
52 R -479.455388249 0
52 S -476.902726791 0
52 T -471.242453145 0
52 V -467.170013726 0
52 W -475.824771905 0
52 Y -473.49151857 0
53 A -480.477976749 0
53 C -477.775518802 0
53 D -480.373604156 0
53 E -481.666400314 0
53 F -478.270043625 0
53 G -479.357968311 0
53 H -480.314068389 0
53 I -480.069829461 0
53 K -481.519347566 1
53 L -481.231992279 0
53 M -479.915387872 0
53 N -480.462411799 0
53 P -370.779062032 0
53 Q -479.993393756 0
53 R -479.732373415 0
53 S -480.251556467 0
53 T -478.199926691 0
53 V -480.403783433 0
53 W -478.466779766 0
53 Y -478.547769794 0
54 A -477.396420284 0
54 C -475.434966991 0
54 D -476.552736638 0
54 E -477.873737464 0
54 F -475.061503047 0
54 G -475.234678559 0
54 H -476.466249337 0
54 I -481.765880037 1
54 K -478.095606706 0
54 L -479.344929361 0
54 M -477.310284271 0
54 N -476.168082413 0
54 P -342.573817244 0
54 Q -477.444973336 0
54 R -477.840373352 0
54 S -476.63608133 0
54 T -479.435149783 0
54 V -479.674942022 0
54 W -475.686073637 0
54 Y -475.061997276 0
55 A -476.469387315 0
55 C -475.767710758 0
55 D -476.146835878 0
55 E -477.428406189 0
55 F -467.995376114 0
55 G -475.29140629 0
55 H -474.707696855 0
55 I -481.093573413 0
55 K -477.362525272 0
55 L -482.081040055 0
55 M -481.500295485 1
55 N -477.045920293 0
55 P -238.290873626 0
55 Q -477.871098852 0
55 R -477.866874451 0
55 S -476.728357999 0
55 T -477.211824202 0
55 V -478.556043125 0
55 W -472.412793218 0
55 Y -465.747546117 0
56 A -477.733009718 0
56 C -476.038986501 0
56 D -480.45540761 1
56 E -476.298131926 0
56 F -465.132761564 0
56 G -475.950499373 0
56 H -473.834306012 0
56 I -473.16326581 0
56 K -476.755445019 0
56 L -469.284932631 0
56 M -475.22009431 0
56 N -473.385208742 0
56 P -251.006892447 0
56 Q -474.81104112 0
56 R -476.262220134 0
56 S -476.703856544 0
56 T -475.07700331 0
56 V -475.600344483 0
56 W -473.420032912 0
56 Y -464.05703241 0
57 A -479.207184753 0
57 C -478.038842299 0
57 D -477.669691502 0
57 E -478.927001341 0
57 F -475.757110961 0
57 G -478.736315907 0
57 H -478.60053566 0
57 I -471.391720378 0
57 K -480.011392611 0
57 L -479.360552331 0
57 M -478.277053961 0
57 N -480.057423351 0
57 P -317.552197363 0
57 Q -479.331422809 1
57 R -479.67505059 0
57 S -479.300698267 0
57 T -476.453852391 0
57 V -472.297975593 0
57 W -478.598260316 0
57 Y -476.005707375 0
58 A -467.743024714 0
58 C -84.4403757919 0
58 D -223.25513965 0
58 E -107.352039406 0
58 F 1078.73990734 0
58 G -478.583836778 1
58 H 874.583434058 0
58 I 149.203511428 0
58 K -11.0399083711 0
58 L 334.223385864 0
58 M -10.2733805213 0
58 N -159.112655112 0
58 P -355.600665888 0
58 Q -165.616455584 0
58 R 249.824044406 0
58 S -454.972898321 0
58 T -312.216749304 0
58 V 74.8409005002 0
58 W 1221.02909244 0
58 Y 1125.57258428 0
59 A -474.857507125 0
59 C -473.825002668 0
59 D -475.86863404 0
59 E -476.072098969 0
59 F -474.028602709 0
59 G -478.295489839 1
59 H -476.191540374 0
59 I -405.128878549 0
59 K -471.624073944 0
59 L -477.412723013 0
59 M -475.77966174 0
59 N -477.295038157 0
59 P -265.193012197 0
59 Q -475.036540647 0
59 R -476.121053354 0
59 S -474.554633454 0
59 T -472.481802136 0
59 V -428.859202899 0
59 W -473.515012292 0
59 Y -474.229544912 0
60 A -470.867855736 0
60 C -471.056250688 0
60 D -472.206112707 0
60 E -472.868198944 0
60 F -473.567352998 0
60 G -467.333206845 0
60 H -474.145873659 0
60 I -474.396078777 0
60 K -467.717275027 0
60 L -476.115403133 1
60 M -473.467952249 0
60 N -472.737840501 0
60 P -462.775193533 0
60 Q -471.8352705 0
60 R -474.447600024 0
60 S -470.911442014 0
60 T -473.300777542 0
60 V -473.236119196 0
60 W -469.497957496 0
60 Y -471.704088868 0
61 A -469.52915523 0
61 C -470.265970671 0
61 D -471.581816016 0
61 E -474.836376762 0
61 F -412.903790799 0
61 G -466.264665807 0
61 H -471.394572333 0
61 I -478.025212749 0
61 K -464.412014276 0
61 L -471.651781158 0
61 M -473.378846849 0
61 N -472.681310916 0
61 P -471.341380362 0
61 Q -473.913795896 0
61 R -465.860100014 0
61 S -469.581721576 0
61 T -471.583953121 0
61 V -475.501720852 1
61 W -457.964789186 0
61 Y -348.451792406 0
62 A -474.219128783 0
62 C -472.065361356 0
62 D -474.973502783 0
62 E -478.218323559 0
62 F -474.475894779 0
62 G -472.162673189 0
62 H -475.893382722 0
62 I -466.534859007 0
62 K -477.110253348 0
62 L -473.769120965 0
62 M -472.932489412 0
62 N -473.406109693 0
62 P -478.984699633 0
62 Q -476.94887801 0
62 R -473.596523661 0
62 S -475.415644152 1
62 T -468.375589619 0
62 V -466.827990184 0
62 W -475.325519887 0
62 Y -474.685198469 0
63 A -474.100677187 0
63 C -471.675154329 0
63 D -478.201684133 1
63 E -477.906028829 0
63 F -403.216362562 0
63 G -472.011492802 0
63 H -470.955867637 0
63 I -471.709267895 0
63 K -472.40876975 0
63 L -457.009368597 0
63 M -470.875040788 0
63 N -474.411050243 0
63 P -471.897308644 0
63 Q -472.888438674 0
63 R -471.758050217 0
63 S -473.540137433 0
63 T -473.711658597 0
63 V -474.973042282 0
63 W -447.625577731 0
63 Y -468.128777661 0
64 A -474.987929315 0
64 C -472.87383261 0
64 D -478.792085948 1
64 E -479.208125922 0
64 F -473.404412722 0
64 G -474.753923078 0
64 H -475.439736103 0
64 I -474.857177026 0
64 K -476.144393349 0
64 L -475.730159728 0
64 M -474.894725779 0
64 N -476.617007892 0
64 P -455.744455419 0
64 Q -474.364048115 0
64 R -475.514707184 0
64 S -476.449761356 0
64 T -475.823798607 0
64 V -475.074616493 0
64 W -474.456728357 0
64 Y -473.564384472 0
65 A -473.687074934 0
65 C -471.91732518 0
65 D -477.302231589 0
65 E -473.511785583 0
65 F -474.076194055 0
65 G -470.739702921 0
65 H -476.236371832 0
65 I -480.160677864 1
65 K -476.333037005 0
65 L -478.112673692 0
65 M -475.779829017 0
65 N -476.138496941 0
65 P -388.42377303 0
65 Q -476.612945782 0
65 R -475.677853653 0
65 S -473.206811023 0
65 T -474.974979227 0
65 V -476.512384998 0
65 W -474.216050839 0
65 Y -473.66345384 0
66 A -475.600600829 0
66 C -474.502413985 0
66 D -474.286377272 0
66 E -475.775113188 0
66 F -465.859084367 0
66 G -472.138425385 0
66 H -473.362158929 0
66 I -477.155679158 0
66 K -472.393821571 0
66 L -481.079723735 0
66 M -479.461667299 1
66 N -476.124232853 0
66 P -333.147336953 0
66 Q -476.554346192 0
66 R -473.292860171 0
66 S -474.118229869 0
66 T -475.066499543 0
66 V -470.71210079 0
66 W -473.341728495 0
66 Y -463.971575977 0
67 A -479.249298841 0
67 C -478.431186051 0
67 D -477.468400001 0
67 E -475.15399421 0
67 F -473.496423592 0
67 G -474.777019466 0
67 H -476.086041588 0
67 I -474.672784216 0
67 K -472.244025733 0
67 L -477.085836007 0
67 M -473.08679894 0
67 N -477.724884566 0
67 P -228.494735878 0
67 Q -472.477714123 0
67 R -471.615498536 0
67 S -477.990165558 0
67 T -480.128905253 0
67 V -482.335318578 1
67 W -473.865911971 0
67 Y -423.249020036 0
68 A -479.533045835 0
68 C -476.792827888 0
68 D -478.758238393 0
68 E -478.922043421 0
68 F -476.233695773 0
68 G -477.996538542 0
68 H -478.36315043 0
68 I -478.885309153 0
68 K -482.04484357 0
68 L -479.650282352 0
68 M -478.959708876 0
68 N -479.047736272 1
68 P -236.768667985 0
68 Q -479.346223911 0
68 R -479.530377562 0
68 S -478.594602346 0
68 T -479.394423276 0
68 V -477.299597985 0
68 W -477.912052666 0
68 Y -476.325505357 0
69 A -474.513359206 0
69 C -473.557242276 0
69 D -473.682388538 0
69 E -479.888164446 0
69 F -435.362138224 0
69 G -472.680577185 0
69 H -477.281720029 0
69 I -478.989261981 0
69 K -478.660801421 0
69 L -483.177893202 0
69 M -484.150193408 1
69 N -474.727459039 0
69 P -248.923333112 0
69 Q -479.29430014 0
69 R -480.497748356 0
69 S -473.944079028 0
69 T -476.059617081 0
69 V -475.704313112 0
69 W -475.695762815 0
69 Y -443.265944531 0
70 A -473.602724954 0
70 C -472.91155102 0
70 D -472.61234901 0
70 E -474.355079896 0
70 F -464.607764527 0
70 G -470.189149281 0
70 H -471.222880748 0
70 I -481.036350604 1
70 K -469.29024025 0
70 L -476.660394245 0
70 M -480.37233568 0
70 N -473.600012862 0
70 P -340.905838615 0
70 Q -473.81686994 0
70 R -467.616806284 0
70 S -472.418022715 0
70 T -475.645349557 0
70 V -478.350916792 0
70 W -451.280812476 0
70 Y -470.079627411 0
71 A -484.073780143 0
71 C -479.920860228 0
71 D -480.115769227 0
71 E -483.176763232 0
71 F -481.530813909 0
71 G -482.026546627 0
71 H -482.549419026 0
71 I -479.427603698 0
71 K -484.141003324 1
71 L -481.624242703 0
71 M -483.057624553 0
71 N -481.407147188 0
71 P -140.894913442 0
71 Q -481.549100713 0
71 R -484.420301781 0
71 S -482.822426441 0
71 T -481.889950561 0
71 V -475.994198642 0
71 W -479.973974019 0
71 Y -481.125229553 0
72 A -482.281096042 0
72 C -479.720113109 0
72 D -482.394703078 1
72 E -483.242443639 0
72 F -480.585571286 0
72 G -480.869472522 0
72 H -481.726695135 0
72 I -482.331693187 0
72 K -483.392397276 0
72 L -483.159167565 0
72 M -482.420002462 0
72 N -482.342920869 0
72 P -282.144853392 0
72 Q -481.716693661 0
72 R -483.227508056 0
72 S -481.824019322 0
72 T -482.061682823 0
72 V -482.002589019 0
72 W -481.633971605 0
72 Y -480.719368921 0
73 A -480.814493093 0
73 C -478.67940178 0
73 D -477.886995257 0
73 E -482.445200882 1
73 F -480.381181766 0
73 G -477.224540249 0
73 H -481.566416954 0
73 I -475.162854423 0
73 K -480.720240682 0
73 L -478.927428985 0
73 M -479.542117242 0
73 N -479.794125506 0
73 P -370.768606246 0
73 Q -481.856613891 0
73 R -480.404437363 0
73 S -479.246662736 0
73 T -476.881053211 0
73 V -462.304954395 0
73 W -479.564467285 0
73 Y -480.186583428 0
74 A -476.872630398 0
74 C -476.812259192 0
74 D -477.844808129 0
74 E -479.991534583 0
74 F -482.922140733 0
74 G -473.053002774 0
74 H -481.120294629 0
74 I -480.582570982 0
74 K -473.033997123 0
74 L -486.356362012 1
74 M -480.131968737 0
74 N -479.664030817 0
74 P -284.551423709 0
74 Q -479.923831605 0
74 R -472.603949661 0
74 S -476.743020297 0
74 T -477.247936061 0
74 V -478.517381372 0
74 W -394.268917206 0
74 Y -447.349540434 0
75 A -481.904508308 0
75 C -479.521023663 0
75 D -480.80938465 0
75 E -482.189332172 0
75 F -480.230628261 0
75 G -479.926125798 0
75 H -481.621598021 0
75 I -481.93442782 0
75 K -483.014967888 0
75 L -483.232189552 0
75 M -480.183640098 0
75 N -481.739910203 0
75 P -166.376032956 0
75 Q -480.916406328 0
75 R -481.851814806 0
75 S -481.284641249 0
75 T -483.253817886 1
75 V -475.424675705 0
75 W -479.194882629 0
75 Y -479.969924496 0
76 A -478.190761909 0
76 C -477.557093703 0
76 D -480.023989802 0
76 E -479.634635346 0
76 F -480.663188378 0
76 G -477.900540509 0
76 H -481.966201429 0
76 I -479.204781667 0
76 K -480.095256916 0
76 L -480.359109492 0
76 M -478.151025928 0
76 N -481.068657588 1
76 P -301.652379354 0
76 Q -478.43390636 0
76 R -480.547860274 0
76 S -479.094976242 0
76 T -479.985956627 0
76 V -478.007034798 0
76 W -478.726526216 0
76 Y -480.3049565 0
77 A -473.163211674 0
77 C -473.165142181 0
77 D -478.752788185 0
77 E -474.499868335 0
77 F -476.894799526 0
77 G -465.981441685 0
77 H -476.399350961 0
77 I -462.801856826 0
77 K -473.941111591 0
77 L -476.645378315 0
77 M -474.633502282 0
77 N -482.671013848 1
77 P -175.406255513 0
77 Q -475.481093577 0
77 R -477.137893031 0
77 S -474.837932923 0
77 T -475.579976964 0
77 V -467.487760984 0
77 W -468.086810676 0
77 Y -476.25753685 0
78 A -480.035787244 0
78 C -476.891688681 0
78 D -482.051159691 0
78 E -482.207539929 0
78 F -479.468629856 0
78 G -479.539004338 0
78 H -481.920767371 0
78 I -478.184958003 0
78 K -480.897219505 0
78 L -479.520678818 0
78 M -479.678088396 0
78 N -480.342729608 0
78 P -482.361519029 1
78 Q -479.453664061 0
78 R -480.046485079 0
78 S -481.230348801 0
78 T -479.273500354 0
78 V -478.369461554 0
78 W -481.761219515 0
78 Y -479.641574389 0
79 A -482.78562403 1
79 C -479.273437417 0
79 D -482.829523119 0
79 E -483.700137497 0
79 F -480.004532475 0
79 G -480.977636335 0
79 H -481.756040777 0
79 I -475.591677566 0
79 K -482.777527949 0
79 L -482.668449908 0
79 M -485.753184674 0
79 N -482.506878714 0
79 P -456.580030642 0
79 Q -481.787442008 0
79 R -483.428626794 0
79 S -482.868965578 0
79 T -480.699780019 0
79 V -475.837511974 0
79 W -481.170896398 0
79 Y -479.806648785 0
80 A -478.621207112 0
80 C -479.345117099 1
80 D -473.148834997 0
80 E -468.782117394 0
80 F -399.588029121 0
80 G -475.203870436 0
80 H -446.731239376 0
80 I -471.897988377 0
80 K -395.313690838 0
80 L -469.314046302 0
80 M -460.559727646 0
80 N -478.825676136 0
80 P -373.176334755 0
80 Q -454.981555485 0
80 R -102.548594091 0
80 S -477.2817265 0
80 T -478.34406266 0
80 V -476.871320687 0
80 W -388.570197774 0
80 Y -384.701650921 0
81 A -477.203533307 0
81 C -475.016866802 0
81 D -477.427257603 0
81 E -477.813949817 0
81 F -475.148601572 0
81 G -476.109302279 0
81 H -477.583289928 0
81 I -476.293648203 0
81 K -478.184951254 1
81 L -478.271429038 0
81 M -476.730862553 0
81 N -477.550298058 0
81 P -230.611571141 0
81 Q -476.909112105 0
81 R -485.401908789 0
81 S -476.909891516 0
81 T -476.239822227 0
81 V -476.249881404 0
81 W -477.395446163 0
81 Y -475.026724443 0
82 A -486.968908008 0
82 C -484.258632831 0
82 D -487.406804144 0
82 E -487.157274082 0
82 F -486.123751405 0
82 G -485.652642521 0
82 H -487.532170185 0
82 I -486.964783317 0
82 K -487.490692807 0
82 L -488.080289665 0
82 M -487.084370597 0
82 N -488.138518882 1
82 P -396.579378634 0
82 Q -488.077967301 0
82 R -492.041637884 0
82 S -488.813723118 0
82 T -488.698403096 0
82 V -487.313317752 0
82 W -486.370133129 0
82 Y -485.819833443 0
83 A -382.59787404 0
83 C -373.529246891 0
83 D -362.878077381 0
83 E -347.804573774 0
83 F -312.474241165 0
83 G -486.730616244 1
83 H -265.624791878 0
83 I -133.558714784 0
83 K -315.841022023 0
83 L -80.004711109 0
83 M -321.377787163 0
83 N -349.190175277 0
83 P -301.751389184 0
83 Q -333.502616152 0
83 R -300.698179192 0
83 S -381.698129755 0
83 T -326.800136487 0
83 V -315.213612126 0
83 W -247.175995829 0
83 Y -315.200885659 0
84 A -468.764460189 0
84 C -467.367640266 0
84 D -464.69235362 0
84 E -464.394103687 0
84 F -480.075051688 1
84 G -464.316640102 0
84 H -472.076942752 0
84 I -467.148333222 0
84 K -467.893753667 0
84 L -450.606572415 0
84 M -470.24950768 0
84 N -467.488190915 0
84 P -432.358182338 0
84 Q -465.582806326 0
84 R -470.087011837 0
84 S -468.023272087 0
84 T -467.325510204 0
84 V -470.0774727 0
84 W -478.083401866 0
84 Y -476.369538961 0
85 A -465.105593247 0
85 C -466.737735903 0
85 D -468.661401079 0
85 E -467.643561288 0
85 F -471.013938169 0
85 G -459.051744197 0
85 H -468.91758119 0
85 I -480.535853519 1
85 K -447.063560114 0
85 L -476.271096564 0
85 M -448.193252573 0
85 N -471.325208492 0
85 P -386.377189471 0
85 Q -463.401135359 0
85 R -428.761163031 0
85 S -465.78943202 0
85 T -472.832272795 0
85 V -477.953799393 0
85 W -338.569786745 0
85 Y -461.90718962 0
86 A -467.613690371 0
86 C -467.583627264 0
86 D -468.040093095 0
86 E -467.121264371 0
86 F -468.424272706 0
86 G -463.818525507 0
86 H -467.926357383 0
86 I -452.339690859 0
86 K -461.13783882 0
86 L -475.996126368 1
86 M -471.567127084 0
86 N -469.682655024 0
86 P -328.052610352 0
86 Q -467.864867362 0
86 R -458.239934027 0
86 S -467.270823692 0
86 T -463.729898648 0
86 V -433.03206459 0
86 W -454.605656409 0
86 Y -464.483149711 0
87 A -472.331709539 0
87 C -471.987570989 0
87 D -476.183155925 1
87 E -471.431062781 0
87 F -387.871286793 0
87 G -464.569680703 0
87 H -471.151366119 0
87 I -385.067063287 0
87 K -468.064211064 0
87 L -460.101219769 0
87 M -468.018885363 0
87 N -474.285499748 0
87 P -376.444122229 0
87 Q -471.683608147 0
87 R -472.450013886 0
87 S -472.980213121 0
87 T -472.45211213 0
87 V -475.519991374 0
87 W -448.771935945 0
87 Y -386.079099977 0
88 A -465.563825889 0
88 C -465.213627111 0
88 D -465.770782242 0
88 E -467.612859454 0
88 F -464.543970607 0
88 G -477.049321153 1
88 H -464.897797895 0
88 I -437.814109095 0
88 K -466.354160023 0
88 L -464.752474541 0
88 M -465.387696376 0
88 N -467.835773945 0
88 P -362.367611427 0
88 Q -466.979005009 0
88 R -463.998326311 0
88 S -464.532390197 0
88 T -458.045946082 0
88 V -438.746643784 0
88 W -459.27739801 0
88 Y -466.027858656 0
89 A -465.963910206 0
89 C -463.895652034 0
89 D -465.302265739 0
89 E -463.837114381 0
89 F -476.554122426 1
89 G -459.039585457 0
89 H -471.414283908 0
89 I -467.22058414 0
89 K -463.943618943 0
89 L -459.431335728 0
89 M -469.192746126 0
89 N -466.469469343 0
89 P -392.224384283 0
89 Q -466.126241111 0
89 R -465.800245865 0
89 S -466.806765193 0
89 T -466.935461138 0
89 V -468.205072533 0
89 W -452.872869588 0
89 Y -477.263270703 0
90 A -471.347763641 0
90 C -466.168671691 0
90 D -460.155689564 0
90 E -460.220815965 0
90 F -424.633765693 0
90 G -467.05834477 0
90 H -438.876669823 0
90 I -402.071795763 0
90 K -425.185828656 0
90 L -335.995676999 0
90 M -455.243263582 0
90 N -439.195791008 0
90 P -476.581557225 1
90 Q -456.970767007 0
90 R -343.637063543 0
90 S -468.473294856 0
90 T -430.3204659 0
90 V -425.937859693 0
90 W -140.117912229 0
90 Y -9.24851244822 0
91 A -476.108883191 0
91 C -474.495059811 0
91 D -472.943690477 0
91 E -475.391484635 0
91 F -475.327552016 0
91 G -474.202415494 0
91 H -467.905409202 0
91 I -474.352736888 0
91 K -474.616448862 0
91 L -473.289283717 0
91 M -474.866735323 0
91 N -474.953439179 0
91 P -439.741951235 0
91 Q -473.594629041 0
91 R -477.308848769 1
91 S -476.72067112 0
91 T -473.048097974 0
91 V -474.017673952 0
91 W -451.225989558 0
91 Y -474.495826655 0
92 A -474.372897454 0
92 C -471.31056896 0
92 D -472.848731114 0
92 E -470.133198634 0
92 F -445.720174271 0
92 G -471.055438991 0
92 H -462.13962588 0
92 I -463.177993809 0
92 K -471.267377533 0
92 L -473.365432642 0
92 M -471.117731018 0
92 N -473.336366677 0
92 P -417.786065433 0
92 Q -471.633309102 0
92 R -472.549866792 0
92 S -475.816968449 0
92 T -477.013825934 1
92 V -469.835870576 0
92 W -291.129358844 0
92 Y -443.906468256 0
93 A -480.63137835 0
93 C -470.034018632 0
93 D -472.945178061 0
93 E -473.797248166 0
93 F -467.449857332 0
93 G -472.766656939 0
93 H -469.160146064 0
93 I -478.870818687 1
93 K -473.089306047 0
93 L -484.819106332 0
93 M -475.463642701 0
93 N -473.408438865 0
93 P -470.612709371 0
93 Q -473.450130169 0
93 R -472.696973315 0
93 S -472.478790871 0
93 T -474.044520339 0
93 V -474.713418898 0
93 W -459.178139582 0
93 Y -467.046203469 0
94 A -487.13592328 0
94 C -483.374650527 0
94 D -486.355904648 0
94 E -487.653834153 0
94 F -484.05664583 0
94 G -485.803519629 0
94 H -485.852188284 0
94 I -484.011991334 0
94 K -487.367302482 0
94 L -486.418602923 0
94 M -485.486317485 0
94 N -486.230649318 0
94 P -476.726136707 1
94 Q -485.420690682 0
94 R -487.470589545 0
94 S -486.873759394 0
94 T -485.353865985 0
94 V -486.3518383 0
94 W -484.537828078 0
94 Y -483.651700898 0
95 A -472.663308205 0
95 C -471.331820478 0
95 D -471.139799313 0
95 E -475.459832902 0
95 F -296.446478745 0
95 G -468.772926103 0
95 H -386.360619105 0
95 I -468.184207814 0
95 K -468.075846899 0
95 L -471.461152417 0
95 M -472.116048678 0
95 N -472.263099224 0
95 P -437.725312785 0
95 Q -478.886890937 1
95 R -466.995449269 0
95 S -470.089945481 0
95 T -470.016282195 0
95 V -467.331851286 0
95 W -381.369126716 0
95 Y -152.818144949 0
96 A -478.384747507 1
96 C -464.037786342 0
96 D -470.24576479 0
96 E -467.911173402 0
96 F -445.807478808 0
96 G -472.853284672 0
96 H -462.285447287 0
96 I -407.47395932 0
96 K -453.637822213 0
96 L -384.679451507 0
96 M -441.752393173 0
96 N -470.593514622 0
96 P -268.070475047 0
96 Q -470.867926786 0
96 R -461.230136171 0
96 S -474.867081658 0
96 T -476.297536258 0
96 V -430.894475455 0
96 W -451.739845754 0
96 Y -422.36648129 0
97 A -476.026606288 0
97 C -475.120361375 0
97 D -476.560227967 0
97 E -478.989718206 1
97 F -474.427841594 0
97 G -474.056502039 0
97 H -475.512721323 0
97 I -477.844364876 0
97 K -477.047120336 0
97 L -476.31752586 0
97 M -476.583225063 0
97 N -476.697182367 0
97 P -229.709225562 0
97 Q -477.288028636 0
97 R -478.240724292 0
97 S -475.58158772 0
97 T -475.610772516 0
97 V -477.751824858 0
97 W -475.283999253 0
97 Y -474.282284629 0
98 A -477.3403674 0
98 C -474.823399961 0
98 D -476.473545171 0
98 E -478.309244299 0
98 F -475.533256097 0
98 G -474.468626581 0
98 H -476.659093919 0
98 I -470.388283402 0
98 K -478.358734647 1
98 L -477.615935188 0
98 M -477.732828401 0
98 N -477.120577691 0
98 P -258.909619402 0
98 Q -476.991514183 0
98 R -479.916737506 0
98 S -475.771388016 0
98 T -473.62254696 0
98 V -461.331653562 0
98 W -475.888255113 0
98 Y -475.575550241 0
99 A -477.566267464 0
99 C -476.216106961 0
99 D -478.647318018 0
99 E -478.851785791 0
99 F -473.603339777 0
99 G -474.341621332 0
99 H -479.47498397 0
99 I -460.258872717 0
99 K -465.633033014 0
99 L -485.924805429 1
99 M -477.511623873 0
99 N -478.825038747 0
99 P -206.405739105 0
99 Q -478.808697092 0
99 R -462.634894236 0
99 S -476.581297685 0
99 T -479.036800154 0
99 V -454.669292743 0
99 W -468.48471901 0
99 Y -471.799605971 0
100 A -483.391895623 0
100 C -478.985221082 0
100 D -482.989133391 1
100 E -484.366503053 0
100 F -482.910582266 0
100 G -481.780445756 0
100 H -483.081697122 0
100 I -469.201941425 0
100 K -483.907183508 0
100 L -483.628576205 0
100 M -484.034586102 0
100 N -481.108606044 0
100 P -194.383861516 0
100 Q -481.93045674 0
100 R -483.823697363 0
100 S -482.454379722 0
100 T -483.966348374 0
100 V -470.535338688 0
100 W -483.886753355 0
100 Y -482.794898387 0
101 A -485.644937924 0
101 C -483.022431411 0
101 D -484.045331995 0
101 E -486.70864765 0
101 F -483.783958135 0
101 G -484.113460963 0
101 H -484.930308123 0
101 I -485.979086242 0
101 K -486.642759974 0
101 L -486.506716912 0
101 M -485.808609989 0
101 N -485.09862537 0
101 P -273.059691703 0
101 Q -486.71635749 1
101 R -486.014078132 0
101 S -485.024439221 0
101 T -485.66337335 0
101 V -485.837671426 0
101 W -484.233612799 0
101 Y -483.881490297 0
102 A -482.673529436 0
102 C -482.175397411 0
102 D -483.35059735 0
102 E -485.274200532 0
102 F -489.063647467 0
102 G -480.796129019 0
102 H -486.749967534 0
102 I -488.274516174 0
102 K -484.270864177 0
102 L -489.115635703 0
102 M -486.704556752 1
102 N -483.457663065 0
102 P -203.446973788 0
102 Q -484.369654044 0
102 R -484.842619638 0
102 S -483.809597024 0
102 T -485.959757517 0
102 V -486.248024738 0
102 W -487.743564157 0
102 Y -487.668802869 0
103 A -480.52997335 0
103 C -479.642519874 0
103 D -480.371131883 0
103 E -480.175424708 0
103 F -476.677973656 0
103 G -477.823981956 0
103 H -480.539246521 0
103 I -456.883719969 0
103 K -453.266534722 0
103 L -488.281615152 1
103 M -470.162611626 0
103 N -481.95016454 0
103 P -246.31071062 0
103 Q -480.316007485 0
103 R -434.442153146 0
103 S -479.168261791 0
103 T -479.926076961 0
103 V -480.275671695 0
103 W -474.138787972 0
103 Y -475.312878646 0
104 A -482.246494615 0
104 C -480.050031654 0
104 D -480.740095361 0
104 E -482.25928463 0
104 F -480.62067998 0
104 G -480.656425653 0
104 H -481.959032727 0
104 I -480.977827986 0
104 K -482.522113353 1
104 L -482.293928743 0
104 M -480.518743166 0
104 N -482.103161229 0
104 P -177.886719758 0
104 Q -480.89217092 0
104 R -483.3503875 0
104 S -481.590968645 0
104 T -482.247578116 0
104 V -471.299689564 0
104 W -481.798505486 0
104 Y -480.39367136 0
105 A -483.289810039 0
105 C -478.916293123 0
105 D -484.669228566 0
105 E -485.766375537 1
105 F -480.164867241 0
105 G -481.889260424 0
105 H -481.903819928 0
105 I -481.685965864 0
105 K -482.974315273 0
105 L -483.540565288 0
105 M -481.361291005 0
105 N -483.195870046 0
105 P -236.053641763 0
105 Q -482.074501909 0
105 R -482.927906309 0
105 S -482.566285252 0
105 T -482.073814304 0
105 V -481.199885684 0
105 W -480.975640878 0
105 Y -480.177045249 0
106 A -484.74619736 0
106 C -482.556000481 0
106 D -484.108782074 0
106 E -484.001893483 0
106 F -483.315745199 0
106 G -482.943383416 0
106 H -485.515890586 0
106 I -480.913007248 0
106 K -486.298076325 0
106 L -486.474417031 0
106 M -485.822046128 0
106 N -485.0858651 0
106 P -277.235848276 0
106 Q -485.585627435 1
106 R -486.000341264 0
106 S -484.142366635 0
106 T -482.67611396 0
106 V -480.149673979 0
106 W -482.359011638 0
106 Y -483.184840042 0
107 A -480.232665312 0
107 C -479.146868293 0
107 D -481.693264258 0
107 E -481.263909547 0
107 F -480.178446087 0
107 G -484.196516172 1
107 H -482.069829135 0
107 I -445.768856809 0
107 K -482.805767939 0
107 L -481.2671561 0
107 M -479.869950889 0
107 N -483.23190061 0
107 P -367.77194981 0
107 Q -480.556210139 0
107 R -482.091534055 0
107 S -480.075621014 0
107 T -473.970496609 0
107 V -458.044210295 0
107 W -479.172540159 0
107 Y -479.988160906 0
108 A -483.042358242 0
108 C -481.707944265 0
108 D -478.527517308 0
108 E -485.016317199 0
108 F -481.189847724 0
108 G -469.552670635 0
108 H -482.506136474 0
108 I -476.443999358 0
108 K -485.455022401 0
108 L -483.302535733 0
108 M -484.89679465 0
108 N -481.303402958 0
108 P -303.876213374 0
108 Q -485.067667328 0
108 R -486.615863877 0
108 S -479.370483142 0
108 T -482.147755341 1
108 V -484.960521371 0
108 W -455.07278093 0
108 Y -484.899761505 0
109 A -473.417286818 0
109 C -474.307629586 0
109 D -476.391878919 0
109 E -474.758224188 0
109 F -474.671578317 0
109 G -473.612785981 0
109 H -474.742694733 0
109 I -472.256400647 0
109 K -473.901784435 0
109 L -475.951677114 0
109 M -475.241832347 0
109 N -475.7033232 0
109 P -480.994382547 1
109 Q -473.227808085 0
109 R -474.097995931 0
109 S -475.414035446 0
109 T -475.261663463 0
109 V -472.911950089 0
109 W -471.659546562 0
109 Y -474.026783219 0
110 A -469.064765626 0
110 C -469.353954389 0
110 D -470.832645197 0
110 E -468.356036666 0
110 F -463.238272439 0
110 G -465.70637953 0
110 H -469.049127134 0
110 I -473.32086015 0
110 K -463.703424154 0
110 L -478.330937016 1
110 M -471.606893865 0
110 N -471.461928577 0
110 P -471.536411309 0
110 Q -468.993784174 0
110 R -464.907515188 0
110 S -470.017430031 0
110 T -469.481464734 0
110 V -470.984154618 0
110 W -449.540630455 0
110 Y -462.713844017 0
111 A -476.971699878 0
111 C -475.179581529 0
111 D -481.074880512 0
111 E -483.226563667 1
111 F -477.53147414 0
111 G -474.921416864 0
111 H -479.056526616 0
111 I -480.870470368 0
111 K -476.36957761 0
111 L -482.135793182 0
111 M -481.119839218 0
111 N -479.177114278 0
111 P -330.715906281 0
111 Q -482.765618735 0
111 R -476.03415142 0
111 S -476.19639719 0
111 T -477.226074735 0
111 V -477.400834711 0
111 W -475.643610628 0
111 Y -477.65541273 0
112 A -479.067381169 0
112 C -478.154609074 0
112 D -475.272776104 0
112 E -474.186694225 0
112 F -480.996933689 0
112 G -474.506676016 0
112 H -479.367947143 0
112 I -476.884540952 0
112 K -479.01998278 1
112 L -474.69498198 0
112 M -479.766537679 0
112 N -477.983063483 0
112 P -420.600594898 0
112 Q -477.11911574 0
112 R -480.909066281 0
112 S -478.896024162 0
112 T -477.999306048 0
112 V -478.694335332 0
112 W -482.02530431 0
112 Y -480.903310812 0
113 A -478.896093273 1
113 C -474.047945612 0
113 D -463.774513501 0
113 E -456.004988083 0
113 F -438.936332178 0
113 G -469.047907524 0
113 H -447.989979434 0
113 I -469.926615156 0
113 K -346.859507943 0
113 L -437.885691842 0
113 M -444.886019215 0
113 N -466.093383478 0
113 P -426.833138004 0
113 Q -455.094447089 0
113 R -374.00258713 0
113 S -477.318980227 0
113 T -467.409110977 0
113 V -476.446729036 0
113 W -422.796166204 0
113 Y -448.320672216 0
114 A -467.596832671 0
114 C -468.610947926 0
114 D -468.980464434 0
114 E -467.511717292 0
114 F -458.864940495 0
114 G -463.485819776 0
114 H -466.915209165 0
114 I -476.289702171 1
114 K -455.824868319 0
114 L -472.630657652 0
114 M -468.765941276 0
114 N -469.086968264 0
114 P -421.670850759 0
114 Q -467.33103702 0
114 R -456.898603112 0
114 S -467.717285718 0
114 T -470.999052695 0
114 V -474.845940753 0
114 W -250.210546386 0
114 Y -381.463270328 0
115 A -470.964926552 0
115 C -470.369973224 0
115 D -469.953916918 0
115 E -477.658238741 1
115 F -474.951011228 0
115 G -465.736290127 0
115 H -476.405344276 0
115 I -459.811220561 0
115 K -474.996030189 0
115 L -477.344784685 0
115 M -474.668942523 0
115 N -471.623997021 0
115 P -375.867218117 0
115 Q -477.441447121 0
115 R -472.818619265 0
115 S -470.265372242 0
115 T -472.9959732 0
115 V -474.764510374 0
115 W -474.825243787 0
115 Y -475.604504256 0
116 A -468.483993402 0
116 C -468.263100026 0
116 D -469.383384179 0
116 E -468.625865452 0
116 F -471.463521294 0
116 G -462.783613152 0
116 H -470.60577943 0
116 I -443.941806181 0
116 K -462.817615106 0
116 L -477.607211423 1
116 M -473.496531004 0
116 N -471.47333454 0
116 P -337.295273364 0
116 Q -470.725420148 0
116 R -465.400103548 0
116 S -468.162456917 0
116 T -467.181402956 0
116 V -451.716043065 0
116 W -425.185276699 0
116 Y -467.352299266 0
117 A -474.464492682 0
117 C -474.094243585 0
117 D -475.455066416 0
117 E -475.941514417 0
117 F -475.478021108 0
117 G -471.915514874 0
117 H -475.387042501 0
117 I -478.713449777 0
117 K -477.722294535 1
117 L -476.585512256 0
117 M -474.995084262 0
117 N -475.048886745 0
117 P -239.48812919 0
117 Q -475.220085934 0
117 R -476.892475619 0
117 S -475.827069427 0
117 T -474.195211311 0
117 V -477.793938277 0
117 W -474.526919161 0
117 Y -474.804366728 0
118 A -474.111918983 0
118 C -473.471854087 0
118 D -470.523203329 0
118 E -469.012384132 0
118 F -447.247984323 0
118 G -468.073182132 0
118 H -460.962407073 0
118 I -477.590692205 0
118 K -457.767310217 0
118 L -460.569343356 0
118 M -467.259390952 0
118 N -470.761426865 0
118 P -438.862284902 0
118 Q -468.625287444 0
118 R -450.23547745 0
118 S -472.529651544 0
118 T -472.715538438 0
118 V -477.281911155 1
118 W -430.046408205 0
118 Y -440.063919869 0
119 A -477.377611098 0
119 C -473.844908278 0
119 D -478.057333187 1
119 E -477.301025899 0
119 F -475.017884061 0
119 G -476.175265626 0
119 H -476.537537348 0
119 I -476.543787021 0
119 K -477.228561334 0
119 L -477.035309939 0
119 M -476.105697085 0
119 N -477.282338494 0
119 P -478.844033464 0
119 Q -476.150845107 0
119 R -476.598485514 0
119 S -477.828075924 0
119 T -476.362592068 0
119 V -476.097564041 0
119 W -475.678272522 0
119 Y -474.810921105 0
120 A -476.389925926 0
120 C -473.113636678 0
120 D -476.867147111 1
120 E -475.48096688 0
120 F -467.771107318 0
120 G -474.252813708 0
120 H -476.711846603 0
120 I -474.315551418 0
120 K -477.224683283 0
120 L -469.711137663 0
120 M -474.324618768 0
120 N -471.799694339 0
120 P -475.893984094 0
120 Q -473.575508667 0
120 R -475.645171708 0
120 S -476.246464508 0
120 T -475.672849972 0
120 V -475.318856842 0
120 W -476.172454151 0
120 Y -474.407618825 0
121 A -476.994958006 0
121 C -474.381178742 0
121 D -475.957877634 0
121 E -476.721194435 1
121 F -474.486252431 0
121 G -475.998360785 0
121 H -476.489460981 0
121 I -475.643346651 0
121 K -477.863419855 0
121 L -476.441600529 0
121 M -475.576528814 0
121 N -475.97436721 0
121 P -454.935383789 0
121 Q -475.768826313 0
121 R -477.363915144 0
121 S -477.250406407 0
121 T -476.399370664 0
121 V -475.486862495 0
121 W -474.245405867 0
121 Y -474.452401028 0
122 A -474.907262286 0
122 C -472.593288181 0
122 D -476.124982139 0
122 E -476.096489438 0
122 F -474.291651668 0
122 G -473.405314816 0
122 H -475.730598054 0
122 I -473.828824867 0
122 K -475.418094399 0
122 L -477.354574678 1
122 M -476.053472827 0
122 N -475.287642986 0
122 P -354.175068215 0
122 Q -474.943059386 0
122 R -475.109178882 0
122 S -475.159622524 0
122 T -473.929347464 0
122 V -473.559536515 0
122 W -474.387394489 0
122 Y -474.116200184 0
123 A -469.817281558 0
123 C -469.900501885 0
123 D -466.924407099 0
123 E -464.180413422 0
123 F -447.229804265 0
123 G -467.145761762 0
123 H -461.651590731 0
123 I -472.814840259 0
123 K -453.091682568 0
123 L -477.676427832 1
123 M -470.497947707 0
123 N -471.312201333 0
123 P -377.294196366 0
123 Q -468.757298947 0
123 R -415.906652776 0
123 S -469.459924309 0
123 T -470.492085422 0
123 V -472.193580752 0
123 W -413.192539946 0
123 Y -367.298932375 0
124 A -474.816809693 0
124 C -472.354122132 0
124 D -474.66176659 0
124 E -476.691705721 0
124 F -478.80957805 0
124 G -473.425803689 0
124 H -477.955825664 0
124 I -476.668025344 0
124 K -478.010620545 0
124 L -477.999247487 0
124 M -476.115242935 0
124 N -474.216959122 0
124 P -442.601694473 0
124 Q -474.063898345 0
124 R -478.701116655 0
124 S -474.932201878 0
124 T -475.770704298 0
124 V -476.852672799 1
124 W -474.517296407 0
124 Y -478.637096592 0
125 A -477.957087568 1
125 C -474.312442914 0
125 D -478.808433324 0
125 E -479.57979606 0
125 F -475.919247722 0
125 G -475.710152466 0
125 H -477.086751506 0
125 I -473.903903651 0
125 K -478.621109477 0
125 L -478.721045421 0
125 M -477.732154869 0
125 N -477.299396048 0
125 P -459.853418222 0
125 Q -477.592282363 0
125 R -478.135281053 0
125 S -477.54753331 0
125 T -475.680549308 0
125 V -471.708072405 0
125 W -476.314355367 0
125 Y -475.77646213 0
126 A -469.500080986 0
126 C -467.006047903 0
126 D -467.015976444 0
126 E -469.134130501 0
126 F -468.99855488 0
126 G -466.679085266 0
126 H -469.431647417 0
126 I -471.010266926 0
126 K -471.282828754 0
126 L -470.251660208 0
126 M -469.57653189 0
126 N -467.997388595 0
126 P -430.669584992 0
126 Q -470.377073404 0
126 R -476.515449948 1
126 S -468.318941061 0
126 T -468.733796294 0
126 V -470.629614783 0
126 W -472.512694658 0
126 Y -470.200842331 0
127 A -472.129691553 0
127 C -471.311203064 0
127 D -467.917751424 0
127 E -469.309246242 0
127 F -370.777717451 0
127 G -468.706519604 0
127 H -464.948701326 0
127 I -478.219470946 1
127 K -455.242632631 0
127 L -472.307255163 0
127 M -465.653236129 0
127 N -472.249431003 0
127 P -303.874988316 0
127 Q -468.367240033 0
127 R -439.473358915 0
127 S -470.548472243 0
127 T -474.260773186 0
127 V -476.591944473 0
127 W -296.413210529 0
127 Y -135.550677454 0
128 A -476.530406324 0
128 C -476.230306389 0
128 D -477.090395728 0
128 E -478.671510059 0
128 F -473.04752411 0
128 G -475.422181988 0
128 H -474.756278266 0
128 I -477.231679927 0
128 K -477.289678302 0
128 L -480.41907532 0
128 M -477.903358914 0
128 N -478.375410773 0
128 P -273.906740259 0
128 Q -476.97350546 0
128 R -478.091719083 0
128 S -477.19574451 0
128 T -478.071432725 1
128 V -477.168508442 0
128 W -473.805262929 0
128 Y -473.222816263 0
129 A -472.919294746 0
129 C -470.485293114 0
129 D -471.118308332 0
129 E -470.22277451 0
129 F -473.80194248 0
129 G -477.149446878 1
129 H -472.952272366 0
129 I -437.641156211 0
129 K -467.78638302 0
129 L -467.629705383 0
129 M -469.161819776 0
129 N -474.551059346 0
129 P -385.815514091 0
129 Q -469.554581444 0
129 R -464.812649802 0
129 S -470.179850485 0
129 T -470.045463807 0
129 V -438.874316491 0
129 W -470.871443492 0
129 Y -474.560032192 0
130 A -473.140400155 0
130 C -471.922981791 0
130 D -470.066091523 0
130 E -470.606596604 0
130 F -458.300285274 0
130 G -471.159634377 0
130 H -450.269867218 0
130 I -467.896576666 0
130 K -471.827119856 0
130 L -473.03361509 0
130 M -474.586542492 0
130 N -473.091681877 0
130 P -281.311381336 0
130 Q -474.60764881 0
130 R -477.681078582 1
130 S -472.965365476 0
130 T -474.202876682 0
130 V -464.609481529 0
130 W -459.134338677 0
130 Y -455.327119375 0
131 A -480.924638452 0
131 C -482.105967433 0
131 D -481.755302582 0
131 E -481.927121055 0
131 F -477.174836716 0
131 G -477.058389013 0
131 H -479.489685195 0
131 I -471.752268446 0
131 K -482.491573378 0
131 L -488.770976982 1
131 M -490.115908088 0
131 N -481.03735403 0
131 P -441.649506956 0
131 Q -480.661764209 0
131 R -486.223328315 0
131 S -481.685793734 0
131 T -482.939858818 0
131 V -482.825779561 0
131 W -482.813476029 0
131 Y -475.682570513 0
132 A -482.100118019 0
132 C -482.839728867 0
132 D -478.968182438 0
132 E -483.402749157 0
132 F -463.873741141 0
132 G -479.071944666 0
132 H -477.648962428 0
132 I -488.53858646 1
132 K -479.531034287 0
132 L -484.461502939 0
132 M -484.3775227 0
132 N -480.39220204 0
132 P -419.119384924 0
132 Q -482.475214158 0
132 R -475.740649077 0
132 S -481.999019337 0
132 T -485.229318979 0
132 V -487.999118067 0
132 W -413.875914469 0
132 Y -470.681134928 0
133 A -482.332048173 0
133 C -482.088995603 0
133 D -483.074601005 0
133 E -479.37983067 0
133 F -483.753437488 0
133 G -472.729955024 0
133 H -486.90886043 1
133 I -450.504086745 0
133 K -462.599633392 0
133 L -479.35795169 0
133 M -481.463405414 0
133 N -484.789813204 0
133 P -369.695255943 0
133 Q -478.587704837 0
133 R -460.543831386 0
133 S -482.062130148 0
133 T -483.257094693 0
133 V -476.470043285 0
133 W -445.383307454 0
133 Y -481.841814747 0
134 A -473.90858678 0
134 C -470.638774688 0
134 D -476.069164306 0
134 E -475.883809004 0
134 F -474.134765269 0
134 G -473.078796796 0
134 H -476.545757673 0
134 I -472.731259789 0
134 K -474.184362401 0
134 L -475.201961408 0
134 M -474.688593612 0
134 N -472.78900428 0
134 P -474.936799957 1
134 Q -473.835926116 0
134 R -475.846668472 0
134 S -474.834162216 0
134 T -473.978054264 0
134 V -473.267046197 0
134 W -476.814757869 0
134 Y -474.429858128 0
135 A -475.427941334 1
135 C -473.216905064 0
135 D -475.107030191 0
135 E -476.293024677 0
135 F -474.319506956 0
135 G -474.99179711 0
135 H -476.929185573 0
135 I -472.846711049 0
135 K -475.733717611 0
135 L -474.731282593 0
135 M -475.447793366 0
135 N -477.943029695 0
135 P -459.632983668 0
135 Q -475.634375639 0
135 R -475.152240788 0
135 S -476.095767864 0
135 T -474.1794738 0
135 V -473.79505912 0
135 W -474.889044137 0
135 Y -474.473424142 0
136 A -482.148556395 0
136 C -475.112790177 0
136 D -476.671229685 0
136 E -478.385217343 0
136 F -475.968510827 0
136 G -480.547486183 0
136 H -478.872718169 0
136 I -464.458848083 0
136 K -476.853300188 0
136 L -476.312231179 0
136 M -476.276705698 0
136 N -480.099545422 0
136 P -427.612292177 0
136 Q -476.73959142 0
136 R -481.688789613 0
136 S -485.181206076 1
136 T -479.049880975 0
136 V -463.140864354 0
136 W -476.430107135 0
136 Y -475.698286088 0
137 A -476.101066072 0
137 C -472.728632284 0
137 D -474.190328572 0
137 E -470.988344327 0
137 F -477.820353678 0
137 G -485.172483013 1
137 H -477.799821426 0
137 I -454.854452897 0
137 K -473.655754451 0
137 L -467.286964219 0
137 M -470.593937691 0
137 N -479.218434378 0
137 P -419.475236981 0
137 Q -474.110364935 0
137 R -464.515337358 0
137 S -478.084888352 0
137 T -470.639086073 0
137 V -455.189844835 0
137 W -477.223506734 0
137 Y -477.799869853 0
138 A -481.8694194 0
138 C -480.527114937 0
138 D -482.434351748 0
138 E -481.803835825 0
138 F -480.891741756 0
138 G -479.62558032 0
138 H -483.016630448 0
138 I -483.852027685 0
138 K -484.120059601 0
138 L -484.079520392 0
138 M -482.39368778 0
138 N -482.944091129 0
138 P -399.868771224 0
138 Q -483.870500262 0
138 R -484.367808039 1
138 S -482.073009974 0
138 T -483.129375355 0
138 V -482.878511115 0
138 W -481.728585485 0
138 Y -480.687436932 0
139 A -487.679617906 0
139 C -487.328757152 0
139 D -484.485148839 0
139 E -488.014621237 0
139 F -479.468506156 0
139 G -485.179808141 0
139 H -484.42579153 0
139 I -464.899758297 0
139 K -482.751893839 0
139 L -489.188070611 0
139 M -487.618079906 0
139 N -486.018191131 0
139 P -482.080031097 0
139 Q -486.859154379 0
139 R -484.555516198 0
139 S -487.838262055 1
139 T -486.097056688 0
139 V -487.146326551 0
139 W -486.089499494 0
139 Y -477.287432373 0
140 A -478.291554234 0
140 C -476.856785113 0
140 D -476.776789907 0
140 E -476.2170917 0
140 F -487.231974683 0
140 G -474.576563278 0
140 H -483.301612691 0
140 I -469.195037847 0
140 K -482.30298126 0
140 L -476.050223579 0
140 M -481.993522986 0
140 N -478.350289486 0
140 P -443.623446911 0
140 Q -478.240678435 0
140 R -482.412604796 0
140 S -477.328241238 0
140 T -478.537968642 0
140 V -478.152242414 0
140 W -488.446177848 0
140 Y -490.181143474 1
141 A -469.685019464 0
141 C -469.080060918 0
141 D -472.739075521 0
141 E -469.623152643 0
141 F -472.259471962 0
141 G -465.784255706 0
141 H -478.645223502 1
141 I -472.645574112 0
141 K -469.883290271 0
141 L -472.189340789 0
141 M -471.480246786 0
141 N -474.398087588 0
141 P -434.267991482 0
141 Q -469.132738017 0
141 R -468.912704992 0
141 S -468.749545511 0
141 T -468.777071549 0
141 V -472.181761465 0
141 W -470.781552585 0
141 Y -472.135179977 0
142 A -476.141390574 0
142 C -473.872616863 0
142 D -478.589403797 0
142 E -479.104192514 0
142 F -476.797858947 0
142 G -474.610745394 0
142 H -478.919589487 0
142 I -479.495935581 0
142 K -480.788435697 1
142 L -478.906056273 0
142 M -479.217855069 0
142 N -478.815244822 0
142 P -268.052732858 0
142 Q -477.548542114 0
142 R -479.551080463 0
142 S -475.799541247 0
142 T -477.945511812 0
142 V -478.913563853 0
142 W -478.080299607 0
142 Y -477.332264284 0
143 A -473.290007476 0
143 C -471.456454215 0
143 D -476.770700185 0
143 E -475.42032124 0
143 F -473.152926731 0
143 G -471.134089097 0
143 H -474.4573449 0
143 I -476.434868256 1
143 K -475.756286094 0
143 L -475.940923863 0
143 M -473.692683178 0
143 N -474.209585172 0
143 P -444.561424241 0
143 Q -473.691265849 0
143 R -475.412418011 0
143 S -473.529309472 0
143 T -474.853033853 0
143 V -476.355037287 0
143 W -472.155362979 0
143 Y -473.830678298 0
144 A -474.087941531 0
144 C -472.513656207 0
144 D -476.077689555 0
144 E -476.656679039 0
144 F -477.121440679 1
144 G -472.462386748 0
144 H -476.012119874 0
144 I -473.136395623 0
144 K -475.967500688 0
144 L -477.565679439 0
144 M -475.664874407 0
144 N -475.966174428 0
144 P -450.207747731 0
144 Q -475.333315831 0
144 R -475.38604511 0
144 S -474.783890167 0
144 T -474.638193046 0
144 V -472.932891459 0
144 W -474.882418139 0
144 Y -476.217516582 0
145 A -476.159868234 0
145 C -472.329562351 0
145 D -475.983337576 0
145 E -472.842236056 0
145 F -473.442864649 0
145 G -464.827886606 0
145 H -475.205653379 0
145 I -466.513014203 0
145 K -474.595746903 0
145 L -474.208785334 0
145 M -473.361092482 0
145 N -477.170833465 1
145 P -408.792071731 0
145 Q -472.828333076 0
145 R -474.411616112 0
145 S -474.013384714 0
145 T -469.801085267 0
145 V -468.25312916 0
145 W -472.947370335 0
145 Y -472.971157641 0
146 A -476.952603061 0
146 C -474.42501661 0
146 D -474.587846046 0
146 E -475.917032399 0
146 F -474.021340742 0
146 G -476.969728365 0
146 H -477.310879779 0
146 I -464.158636982 0
146 K -481.387537482 0
146 L -471.946118395 0
146 M -475.516616299 0
146 N -475.442428909 0
146 P -482.360818619 1
146 Q -475.237520512 0
146 R -483.748736725 0
146 S -477.423088211 0
146 T -467.045662555 0
146 V -465.353333112 0
146 W -474.953579432 0
146 Y -473.81825615 0
147 A -488.901272343 0
147 C -460.944558937 0
147 D -467.500078971 0
147 E -406.16614142 0
147 F 595.024276068 0
147 G -484.473339231 0
147 H -275.576375765 0
147 I -457.074625529 0
147 K -394.988241136 0
147 L -313.553705201 0
147 M -464.683434532 0
147 N -457.899203159 0
147 P -491.233148036 1
147 Q -425.940102315 0
147 R -444.250406406 0
147 S -487.057145752 0
147 T -477.821932423 0
147 V -475.232214008 0
147 W -433.164753214 0
147 Y 543.603184348 0
148 A -486.109282814 0
148 C -482.842751852 0
148 D -485.472169145 0
148 E -486.662670738 0
148 F -486.015533815 0
148 G -485.276245537 0
148 H -487.059939118 0
148 I -486.967261586 0
148 K -486.497472728 1
148 L -486.834910696 0
148 M -484.730660223 0
148 N -485.96092349 0
148 P -473.39498392 0
148 Q -484.498705801 0
148 R -486.533677896 0
148 S -485.512621467 0
148 T -486.467866138 0
148 V -486.398442332 0
148 W -484.268138019 0
148 Y -483.328042643 0
149 A -487.086324509 0
149 C -485.019322888 0
149 D -488.125370217 0
149 E -487.343577485 1
149 F -488.266448236 0
149 G -483.062994258 0
149 H -488.501438883 0
149 I -489.185068921 0
149 K -487.674366164 0
149 L -488.922784663 0
149 M -487.988127563 0
149 N -488.926840886 0
149 P -462.859005276 0
149 Q -486.478043401 0
149 R -487.402711536 0
149 S -486.907721218 0
149 T -487.247004777 0
149 V -488.700364576 0
149 W -486.304874326 0
149 Y -487.847556904 0
150 A -486.14799392 0
150 C -483.951984865 0
150 D -488.839648324 1
150 E -487.452239476 0
150 F -487.49615244 0
150 G -484.77648328 0
150 H -487.96291155 0
150 I -485.653389429 0
150 K -486.692152956 0
150 L -487.081716308 0
150 M -486.679335104 0
150 N -486.497384667 0
150 P -487.607076987 0
150 Q -484.761419259 0
150 R -486.064341257 0
150 S -487.087577475 0
150 T -485.508003155 0
150 V -485.38044134 0
150 W -485.515672712 0
150 Y -486.629512308 0
151 A -484.751612569 0
151 C -484.042973169 0
151 D -486.097853617 0
151 E -484.390070125 0
151 F -486.520828362 0
151 G -486.757652344 0
151 H -487.19819519 0
151 I -461.689567464 0
151 K -486.798682074 0
151 L -487.305721822 0
151 M -487.678331843 1
151 N -488.821243908 0
151 P -407.745283634 0
151 Q -484.529668082 0
151 R -485.828283833 0
151 S -483.230739165 0
151 T -480.356929203 0
151 V -460.242065659 0
151 W -481.839140099 0
151 Y -485.549397645 0
152 A -488.53195247 0
152 C -486.516621415 0
152 D -482.850636836 0
152 E -485.975079715 0
152 F -489.179519297 0
152 G -484.517116123 0
152 H -488.833662456 0
152 I -470.642346794 0
152 K -488.432445058 1
152 L -489.389911064 0
152 M -487.151884091 0
152 N -486.935940288 0
152 P -169.116954552 0
152 Q -488.510574228 0
152 R -490.586591332 0
152 S -487.93310317 0
152 T -481.775661281 0
152 V -472.332244675 0
152 W -484.859098411 0
152 Y -488.644832636 0
153 A -489.319747743 0
153 C -489.563551729 0
153 D -494.879355488 1
153 E -485.298906085 0
153 F -468.596678751 0
153 G -484.316069232 0
153 H -480.073118496 0
153 I -443.766360421 0
153 K -462.239306067 0
153 L -434.042707314 0
153 M -469.595957847 0
153 N -486.526072393 0
153 P -219.169822481 0
153 Q -480.307255173 0
153 R -444.955890507 0
153 S -488.048640064 0
153 T -487.456149144 0
153 V -466.728403584 0
153 W -131.820876749 0
153 Y -463.247492691 0
154 A -486.602716206 0
154 C -484.942666048 0
154 D -494.425751127 1
154 E -488.773249008 0
154 F -483.984919342 0
154 G -484.863469885 0
154 H -484.243718924 0
154 I -484.779822255 0
154 K -485.793309129 0
154 L -485.979650239 0
154 M -485.064669561 0
154 N -484.59798637 0
154 P -482.878938079 0
154 Q -485.710003172 0
154 R -485.555418326 0
154 S -486.372804848 0
154 T -487.970433482 0
154 V -488.266864628 0
154 W -483.482033639 0
154 Y -484.078057799 0
155 A -484.957711636 0
155 C -482.441372762 0
155 D -486.787464427 0
155 E -485.310267598 0
155 F -484.581222732 0
155 G -484.014209659 0
155 H -484.826192477 0
155 I -485.01465977 0
155 K -484.74218566 0
155 L -483.608830988 0
155 M -483.213301971 0
155 N -483.983778475 0
155 P -464.388123958 0
155 Q -483.821490176 0
155 R -484.716855449 0
155 S -484.283046495 0
155 T -484.403687517 0
155 V -486.076625955 1
155 W -484.103038134 0
155 Y -484.555261829 0
156 A -483.451719534 0
156 C -482.304273118 0
156 D -483.47949231 0
156 E -484.448173542 0
156 F -477.633772043 0
156 G -481.513609634 0
156 H -485.100919759 0
156 I -465.642321896 0
156 K -485.031836863 0
156 L -479.782965953 0
156 M -483.325668008 0
156 N -483.604019483 0
156 P -451.974932912 0
156 Q -482.901073805 0
156 R -483.749654926 0
156 S -484.790625169 0
156 T -486.958058337 1
156 V -465.90630404 0
156 W -482.576816873 0
156 Y -476.568628335 0
157 A -469.447216517 0
157 C -466.627749461 0
157 D -477.066127668 0
157 E -470.167102642 0
157 F -475.749097781 0
157 G -476.590911667 1
157 H -477.282945387 0
157 I -460.093379368 0
157 K -478.063931358 0
157 L -475.380556225 0
157 M -472.294250922 0
157 N -477.051268657 0
157 P -422.098166093 0
157 Q -474.871025296 0
157 R -471.651661722 0
157 S -471.811314552 0
157 T -465.990111876 0
157 V -455.592148715 0
157 W -473.34409319 0
157 Y -474.715657481 0
158 A -475.905411692 0
158 C -473.757053622 0
158 D -475.625487828 0
158 E -478.10240407 1
158 F -474.452548947 0
158 G -474.818873925 0
158 H -477.210912207 0
158 I -474.184575186 0
158 K -475.487212222 0
158 L -476.242485545 0
158 M -475.377730539 0
158 N -474.615966423 0
158 P -373.590414373 0
158 Q -477.399568896 0
158 R -474.680692605 0
158 S -475.034643717 0
158 T -473.476628028 0
158 V -474.081531322 0
158 W -475.034140627 0
158 Y -474.482316531 0
159 A -478.344572436 1
159 C -475.864607303 0
159 D -481.382731908 0
159 E -479.556257023 0
159 F -475.249155645 0
159 G -477.30480958 0
159 H -477.869697386 0
159 I -476.477130376 0
159 K -478.522462609 0
159 L -476.138147273 0
159 M -477.287938094 0
159 N -477.487015977 0
159 P -480.705777939 0
159 Q -476.859881009 0
159 R -477.721425269 0
159 S -479.860494583 0
159 T -477.650928965 0
159 V -476.292790019 0
159 W -475.647729328 0
159 Y -476.764492264 0
160 A -469.71871063 0
160 C -470.687544567 0
160 D -471.121608892 0
160 E -474.588207597 0
160 F -331.552444785 0
160 G -465.272991732 0
160 H -468.842861517 0
160 I -465.484588272 0
160 K -460.985766162 0
160 L -498.47006205 1
160 M -472.972381662 0
160 N -475.294795976 0
160 P -352.699852187 0
160 Q -473.8001553 0
160 R -446.846997158 0
160 S -467.469041746 0
160 T -471.258030533 0
160 V -466.515991102 0
160 W -70.0332303475 0
160 Y -235.644712638 0
161 A -474.991372655 0
161 C -474.280891353 0
161 D -474.424611087 0
161 E -476.618611602 0
161 F -477.084313981 0
161 G -473.738246424 0
161 H -477.269161744 0
161 I -475.872755495 0
161 K -476.557343914 0
161 L -475.812977492 0
161 M -475.283301795 0
161 N -474.641065503 0
161 P -385.08154579 0
161 Q -475.274594563 0
161 R -476.469023359 0
161 S -475.963231203 0
161 T -477.318004333 0
161 V -478.977130568 1
161 W -475.690256768 0
161 Y -477.582435491 0
162 A -477.117659236 0
162 C -476.64015212 0
162 D -475.679918777 0
162 E -479.305309595 0
162 F -480.171417547 0
162 G -476.023883277 0
162 H -480.533696631 0
162 I -476.540353648 0
162 K -477.941856469 0
162 L -477.587838264 0
162 M -478.098848899 0
162 N -477.318165959 0
162 P -477.723470874 0
162 Q -476.969755727 1
162 R -479.048598301 0
162 S -477.746804765 0
162 T -478.275399997 0
162 V -476.977577397 0
162 W -478.142495329 0
162 Y -475.954762463 0
163 A -476.089720466 0
163 C -474.266632509 0
163 D -473.103955602 0
163 E -472.1848195 0
163 F -463.207240106 0
163 G -473.800816805 0
163 H -469.808960042 0
163 I -473.871236724 0
163 K -474.63436565 0
163 L -478.146896721 0
163 M -475.43431169 0
163 N -474.698460863 0
163 P -476.466219037 0
163 Q -475.446463584 0
163 R -477.952155944 1
163 S -475.472603461 0
163 T -470.119613979 0
163 V -473.865344152 0
163 W -463.419600673 0
163 Y -461.128961481 0
164 A -474.5015833 0
164 C -471.578696006 0
164 D -476.802064335 0
164 E -475.960337519 0
164 F -472.045855233 0
164 G -473.824635598 0
164 H -474.442404496 0
164 I -470.507303227 0
164 K -473.555644907 0
164 L -471.180094593 0
164 M -472.991132085 0
164 N -473.485773748 0
164 P -475.142801149 0
164 Q -473.208044771 0
164 R -472.520720046 0
164 S -477.000383104 1
164 T -475.843155995 0
164 V -471.289596752 0
164 W -472.741156343 0
164 Y -471.66151683 0
165 A -471.755277321 0
165 C -471.089088641 0
165 D -477.251562273 1
165 E -470.570633365 0
165 F -466.414474363 0
165 G -469.835292728 0
165 H -469.750560784 0
165 I -442.289821127 0
165 K -467.895341648 0
165 L -465.932362797 0
165 M -469.72985516 0
165 N -473.074843155 0
165 P -449.183350292 0
165 Q -469.206026458 0
165 R -467.35821221 0
165 S -472.173552671 0
165 T -440.526074125 0
165 V -469.067153984 0
165 W -473.806274222 0
165 Y -466.333617261 0
166 A -471.932005617 0
166 C -467.245408683 0
166 D -477.425538916 1
166 E -464.87333169 0
166 F -462.726661413 0
166 G -468.778557234 0
166 H -464.547695814 0
166 I -448.475892276 0
166 K -413.192532361 0
166 L -464.288130288 0
166 M -446.110642825 0
166 N -470.371092396 0
166 P -347.41516095 0
166 Q -450.167999269 0
166 R -312.216759543 0
166 S -469.450862474 0
166 T -465.405689215 0
166 V -455.676047716 0
166 W -455.38209063 0
166 Y -460.259949982 0
167 A -473.82389888 0
167 C -473.568611437 0
167 D -476.009567877 0
167 E -474.223485291 0
167 F -474.88584915 0
167 G -472.131668531 0
167 H -474.662210166 0
167 I -473.288989574 0
167 K -473.719188972 0
167 L -471.96741066 0
167 M -472.968224508 0
167 N -478.694036695 1
167 P -348.575261534 0
167 Q -472.182718331 0
167 R -473.767543255 0
167 S -473.807849801 0
167 T -474.925745257 0
167 V -474.461130971 0
167 W -473.828217823 0
167 Y -475.767459156 0
168 A -480.022188012 1
168 C -477.735787941 0
168 D -480.730101512 0
168 E -482.262477703 0
168 F -477.030860699 0
168 G -478.759184587 0
168 H -479.813270814 0
168 I -478.880520858 0
168 K -480.637370931 0
168 L -479.757208207 0
168 M -479.874147032 0
168 N -479.911988085 0
168 P -478.375239201 0
168 Q -480.239821134 0
168 R -480.810898792 0
168 S -480.602446413 0
168 T -480.022169761 0
168 V -479.206797058 0
168 W -477.433867227 0
168 Y -476.748174461 0
169 A -475.87294633 0
169 C -472.70360505 0
169 D -478.480078381 1
169 E -477.708499924 0
169 F -475.265067303 0
169 G -474.883674495 0
169 H -476.722096386 0
169 I -477.135593792 0
169 K -477.645022949 0
169 L -476.966623431 0
169 M -475.336840966 0
169 N -477.048789438 0
169 P -467.887303263 0
169 Q -474.895376434 0
169 R -477.101064692 0
169 S -476.50109603 0
169 T -476.160740677 0
169 V -477.02950654 0
169 W -474.687952529 0
169 Y -475.308740025 0
170 A -481.77357761 1
170 C -478.257332679 0
170 D -471.778071445 0
170 E -420.160648385 0
170 F -449.626324988 0
170 G -477.074485214 0
170 H -466.702123943 0
170 I -457.639143002 0
170 K -426.469933834 0
170 L -393.760688189 0
170 M -408.066145951 0
170 N -472.47598264 0
170 P -454.76826541 0
170 Q -429.23024661 0
170 R -440.269749448 0
170 S -478.347399808 0
170 T -478.987535843 0
170 V -477.332425531 0
170 W -450.588325335 0
170 Y -453.476279444 0
171 A -474.25749336 0
171 C -470.212501659 0
171 D -471.458716369 0
171 E -472.36596646 0
171 F -471.072963524 0
171 G -470.6366325 0
171 H -473.142227833 0
171 I -468.607111843 0
171 K -464.976964762 0
171 L -479.971156329 1
171 M -471.252543582 0
171 N -471.588711059 0
171 P -127.536977405 0
171 Q -472.672033684 0
171 R -468.046640291 0
171 S -471.557590582 0
171 T -474.31627398 0
171 V -466.119424557 0
171 W -473.96371931 0
171 Y -457.336854622 0
172 A -477.652714571 0
172 C -475.466198073 0
172 D -476.550438375 0
172 E -478.256877896 0
172 F -475.95439513 0
172 G -476.559426546 0
172 H -477.364178875 0
172 I -476.911527374 0
172 K -478.512460397 1
172 L -477.762270531 0
172 M -477.691349215 0
172 N -477.391179228 0
172 P -291.690608516 0
172 Q -477.015169744 0
172 R -479.020368466 0
172 S -477.232456683 0
172 T -477.424541258 0
172 V -476.246367287 0
172 W -477.38395782 0
172 Y -475.864991185 0
173 A -480.668117292 0
173 C -477.378389906 0
173 D -479.095129384 0
173 E -480.269860418 0
173 F -478.765398868 0
173 G -478.653957969 0
173 H -480.515612043 0
173 I -478.374326999 0
173 K -480.944507452 1
173 L -479.644515521 0
173 M -479.661787077 0
173 N -480.925624122 0
173 P -358.165047502 0
173 Q -479.376652753 0
173 R -482.394724993 0
173 S -480.057392436 0
173 T -479.319630978 0
173 V -478.605733859 0
173 W -479.151770636 0
173 Y -478.834929172 0
174 A -477.15653617 0
174 C -475.167812698 0
174 D -474.928058776 0
174 E -475.838960309 0
174 F -468.953275341 0
174 G -474.403294371 0
174 H -476.429626308 0
174 I -476.707650078 0
174 K -478.130421264 0
174 L -479.667206181 0
174 M -479.723354601 0
174 N -474.213474293 0
174 P -185.604974757 0
174 Q -478.659380336 0
174 R -481.017275639 1
174 S -476.002482844 0
174 T -469.485480593 0
174 V -471.313408506 0
174 W -466.08433484 0
174 Y -468.372024594 0
175 A -473.538134767 0
175 C -472.506173704 0
175 D -472.488294342 0
175 E -474.207077963 0
175 F -472.428565116 0
175 G -470.967153461 0
175 H -472.980860587 0
175 I -476.836181822 0
175 K -474.870920327 0
175 L -479.282954309 1
175 M -475.259997337 0
175 N -474.60209161 0
175 P -241.084272038 0
175 Q -476.209275738 0
175 R -476.353356405 0
175 S -472.412730557 0
175 T -473.495362228 0
175 V -475.086165091 0
175 W -472.824130116 0
175 Y -463.029659225 0
176 A -478.7676831 1
176 C -476.198831976 0
176 D -478.118505296 0
176 E -479.765973305 0
176 F -477.973202742 0
176 G -477.393159888 0
176 H -478.867328274 0
176 I -478.573206322 0
176 K -479.224772902 0
176 L -478.986425928 0
176 M -478.090142871 0
176 N -478.27063958 0
176 P -227.345941876 0
176 Q -477.541285589 0
176 R -478.70294908 0
176 S -478.315862687 0
176 T -478.710053466 0
176 V -477.047423892 0
176 W -479.672281677 0
176 Y -477.763869103 0
177 A -480.921056968 1
177 C -478.666393938 0
177 D -476.780887397 0
177 E -478.615077514 0
177 F -473.363893251 0
177 G -478.138600758 0
177 H -479.604387072 0
177 I -476.144329041 0
177 K -479.376669373 0
177 L -460.785546408 0
177 M -479.161499631 0
177 N -479.391226875 0
177 P -272.584102288 0
177 Q -477.244313112 0
177 R -481.267063628 0
177 S -479.388494391 0
177 T -477.089517579 0
177 V -465.934778936 0
177 W -438.612682961 0
177 Y -472.439614922 0
178 A -472.143927797 0
178 C -469.767502954 0
178 D -471.341212713 0
178 E -471.509370451 0
178 F -479.868153692 0
178 G -469.655803224 0
178 H -476.627036489 0
178 I -464.791494089 0
178 K -467.278103908 0
178 L -457.709975802 0
178 M -472.219655121 0
178 N -472.244824899 0
178 P -209.583655798 0
178 Q -473.631752005 0
178 R -461.207324075 0
178 S -470.193136001 0
178 T -473.373626431 0
178 V -468.357598623 0
178 W -478.47219285 0
178 Y -480.608419906 1
179 A -475.572687482 0
179 C -472.198388197 0
179 D -473.17851239 0
179 E -475.744869799 0
179 F -473.647552599 0
179 G -473.86068666 0
179 H -478.330136254 1
179 I -476.191913306 0
179 K -477.633083604 0
179 L -477.918800051 0
179 M -475.460388892 0
179 N -475.396226837 0
179 P -243.113814256 0
179 Q -473.96519749 0
179 R -477.890187939 0
179 S -475.314919871 0
179 T -475.348028714 0
179 V -474.680518021 0
179 W -472.758016274 0
179 Y -473.459872317 0
180 A -478.03566474 1
180 C -475.400696334 0
180 D -478.216360273 0
180 E -479.224455761 0
180 F -476.109020922 0
180 G -476.359511924 0
180 H -478.304368897 0
180 I -479.125965464 0
180 K -479.509224742 0
180 L -478.995127404 0
180 M -478.142482085 0
180 N -478.445446726 0
180 P -197.935788213 0
180 Q -478.147801352 0
180 R -479.326463204 0
180 S -477.714142966 0
180 T -478.307123932 0
180 V -478.369326683 0
180 W -477.615497731 0
180 Y -475.97976569 0
181 A -477.943574609 0
181 C -477.872456504 0
181 D -479.841193717 0
181 E -480.012804952 0
181 F -481.222229755 0
181 G -475.535775783 0
181 H -481.561054907 0
181 I -478.902618747 0
181 K -481.117825932 0
181 L -481.348383656 0
181 M -478.946426186 0
181 N -479.897172236 0
181 P -322.790194471 0
181 Q -479.549270399 1
181 R -480.103762393 0
181 S -478.67613469 0
181 T -478.152888267 0
181 V -480.043539972 0
181 W -479.479603427 0
181 Y -481.379445461 0
182 A -476.963363203 0
182 C -475.063153634 0
182 D -472.382362118 0
182 E -477.781759249 0
182 F -450.20292242 0
182 G -473.25816481 0
182 H -474.287805669 0
182 I -464.651335511 0
182 K -473.097507366 0
182 L -471.468547484 0
182 M -476.853092546 0
182 N -473.352325959 0
182 P -407.180412184 0
182 Q -476.684877169 0
182 R -470.856413145 0
182 S -476.552704529 0
182 T -479.921633389 1
182 V -454.810015978 0
182 W -473.096532531 0
182 Y -451.019404978 0
183 A -490.277598423 0
183 C -475.055823128 0
183 D -477.558582446 0
183 E -477.465438722 1
183 F -480.29935237 0
183 G -478.48785954 0
183 H -480.070720591 0
183 I -466.923714623 0
183 K -479.808643575 0
183 L -491.030573821 0
183 M -478.686935549 0
183 N -479.063830519 0
183 P -129.426022098 0
183 Q -482.792166005 0
183 R -479.259770072 0
183 S -477.996007276 0
183 T -477.370367062 0
183 V -473.356604045 0
183 W -479.247531066 0
183 Y -479.639566326 0
184 A -488.969732626 0
184 C -485.798511747 0
184 D -489.239964352 0
184 E -489.530069102 0
184 F -487.141418766 0
184 G -488.1375525 0
184 H -487.911856624 0
184 I -485.026818118 0
184 K -490.330712573 0
184 L -489.108327617 0
184 M -488.356207885 0
184 N -489.009057034 0
184 P -478.367487225 1
184 Q -488.551835941 0
184 R -489.29259347 0
184 S -489.73599929 0
184 T -487.396199326 0
184 V -486.760829153 0
184 W -487.387820452 0
184 Y -486.922754744 0
185 A -474.111712879 0
185 C -474.136634753 0
185 D -470.328662865 0
185 E -468.161262037 0
185 F -442.604463043 0
185 G -470.419792205 0
185 H -465.179142435 0
185 I -479.812609811 1
185 K -464.753571753 0
185 L -474.14927071 0
185 M -474.136089775 0
185 N -472.819892195 0
185 P -273.797188642 0
185 Q -472.681959881 0
185 R -462.683279704 0
185 S -472.497597974 0
185 T -474.319382313 0
185 V -477.944593795 0
185 W -426.437922013 0
185 Y -451.481923312 0
186 A -478.386878759 0
186 C -476.699816246 0
186 D -472.711792903 0
186 E -474.670609539 0
186 F -462.96104763 0
186 G -475.793329079 0
186 H -466.580083072 0
186 I -477.98839558 0
186 K -475.386193793 0
186 L -480.572967412 0
186 M -471.88242126 0
186 N -477.113225782 0
186 P -337.674549646 0
186 Q -475.61948274 0
186 R -475.38560854 0
186 S -477.209886964 0
186 T -476.731904675 0
186 V -479.626091304 1
186 W -465.186502699 0
186 Y -425.235318014 0
187 A -477.817702815 0
187 C -475.045565989 0
187 D -479.66468885 1
187 E -479.543234742 0
187 F -476.892122961 0
187 G -476.50263861 0
187 H -478.189306188 0
187 I -477.056585493 0
187 K -478.746784996 0
187 L -478.494761336 0
187 M -477.942964017 0
187 N -478.621110199 0
187 P -362.705898086 0
187 Q -477.222038947 0
187 R -478.641273656 0
187 S -478.167301444 0
187 T -475.749492983 0
187 V -477.582338228 0
187 W -477.795140121 0
187 Y -476.813804544 0
188 A -472.889251378 0
188 C -468.938455164 0
188 D -471.942530611 0
188 E -473.050067284 0
188 F -478.867034655 1
188 G -471.072918835 0
188 H -479.278517379 0
188 I -470.281562924 0
188 K -472.685189824 0
188 L -477.445062603 0
188 M -474.472791764 0
188 N -471.293296767 0
188 P -286.779647999 0
188 Q -472.973297207 0
188 R -475.930367076 0
188 S -472.250775128 0
188 T -472.186048059 0
188 V -472.434800122 0
188 W -476.292443459 0
188 Y -477.109828753 0
189 A -472.098451996 0
189 C -470.733847761 0
189 D -473.093073012 0
189 E -472.835832479 0
189 F -478.204167456 0
189 G -467.861128352 0
189 H -474.530947663 0
189 I -467.635978729 0
189 K -468.329832633 0
189 L -466.196345317 0
189 M -475.673987748 0
189 N -474.376240531 0
189 P -336.235998408 0
189 Q -472.28964951 0
189 R -474.472821056 0
189 S -470.112489135 0
189 T -470.731881474 0
189 V -470.633227334 0
189 W -477.821052736 0
189 Y -478.243619373 1
190 A -474.227632836 0
190 C -473.626233895 0
190 D -472.05979763 0
190 E -473.132629156 0
190 F -473.059135409 0
190 G -472.055741215 0
190 H -473.185729235 0
190 I -475.37830384 0
190 K -478.996486973 1
190 L -474.886585831 0
190 M -474.21266036 0
190 N -471.987821947 0
190 P -163.14814592 0
190 Q -473.730622552 0
190 R -478.240416451 0
190 S -472.959770943 0
190 T -473.372172279 0
190 V -471.811982455 0
190 W -473.492256985 0
190 Y -472.882695782 0
191 A -477.26646919 0
191 C -474.546005625 0
191 D -476.892153955 0
191 E -477.865733775 0
191 F -474.836734073 0
191 G -476.001474686 0
191 H -476.433326067 0
191 I -475.758699907 0
191 K -477.784842527 1
191 L -477.503783197 0
191 M -476.758859826 0
191 N -477.088696334 0
191 P -209.346430588 0
191 Q -476.303316785 0
191 R -477.364632709 0
191 S -476.387453385 0
191 T -476.142532786 0
191 V -475.154511109 0
191 W -474.047146463 0
191 Y -474.898872381 0
192 A -477.991491328 0
192 C -476.413550095 0
192 D -476.957507376 0
192 E -478.591897035 0
192 F -474.736170936 0
192 G -475.239902992 0
192 H -478.739177697 0
192 I -479.486740665 0
192 K -479.830439396 0
192 L -481.39775527 0
192 M -479.774019706 0
192 N -478.793316613 0
192 P -283.402031351 0
192 Q -480.157836413 0
192 R -478.484811526 0
192 S -477.406333728 0
192 T -476.962452071 1
192 V -477.878595636 0
192 W -477.587445656 0
192 Y -475.570551994 0
193 A -470.713747281 0
193 C -469.880971445 0
193 D -471.942316681 0
193 E -467.397943462 0
193 F -469.45576965 0
193 G -478.103730439 1
193 H -471.011075781 0
193 I -430.249008994 0
193 K -473.203987434 0
193 L -470.544773252 0
193 M -459.43320578 0
193 N -473.843847415 0
193 P -337.109463078 0
193 Q -471.441945419 0
193 R -472.309348545 0
193 S -470.331803886 0
193 T -464.539550167 0
193 V -429.022192234 0
193 W -466.763357265 0
193 Y -469.176359307 0
194 A -471.300208526 0
194 C -472.544063139 0
194 D -469.564015585 0
194 E -470.731112329 0
194 F -472.068252165 0
194 G -469.689783066 0
194 H -473.750670876 0
194 I -477.763144301 1
194 K -472.880357354 0
194 L -473.14415814 0
194 M -474.480227816 0
194 N -471.802202447 0
194 P -416.003257667 0
194 Q -472.307837611 0
194 R -473.051031077 0
194 S -472.309263757 0
194 T -474.167727112 0
194 V -476.326443088 0
194 W -473.038405426 0
194 Y -472.710037 0
195 A -469.968185738 0
195 C -467.98595787 0
195 D -467.41950821 0
195 E -466.45185669 0
195 F -472.114293893 0
195 G -466.264604851 0
195 H -476.459596124 0
195 I -470.320919994 0
195 K -468.280951965 0
195 L -469.047289348 0
195 M -472.083387187 0
195 N -470.095055544 0
195 P -369.592396038 0
195 Q -467.125574662 0
195 R -471.786344459 0
195 S -469.236168675 0
195 T -468.16279784 0
195 V -467.616769227 0
195 W -477.797813533 1
195 Y -475.18412887 0
196 A -476.635705571 1
196 C -472.800369675 0
196 D -466.605947504 0
196 E -472.936210017 0
196 F -470.944093958 0
196 G -471.91395316 0
196 H -467.191704582 0
196 I -464.736050191 0
196 K -474.693651191 0
196 L -471.183500842 0
196 M -471.866549637 0
196 N -469.831477199 0
196 P -417.268273623 0
196 Q -474.939098536 0
196 R -476.479239005 0
196 S -473.215403965 0
196 T -470.161750916 0
196 V -472.443008614 0
196 W -446.697381653 0
196 Y -471.199223686 0
197 A -476.618906556 0
197 C -473.441891427 0
197 D -475.797830258 0
197 E -476.176500051 0
197 F -473.73268967 0
197 G -476.874714746 1
197 H -475.022540355 0
197 I -447.458160159 0
197 K -476.252404787 0
197 L -433.691855389 0
197 M -474.475967514 0
197 N -475.798870134 0
197 P -469.075729192 0
197 Q -470.737965397 0
197 R -474.417692269 0
197 S -474.067221968 0
197 T -473.210121615 0
197 V -476.825650886 0
197 W -474.6793248 0
197 Y -473.835337616 0
198 A -470.21888766 0
198 C -470.35803418 0
198 D -463.423430617 0
198 E -452.01345242 0
198 F -429.251757757 0
198 G -465.231244553 0
198 H -447.299478405 0
198 I -474.206854758 0
198 K -363.941428908 0
198 L -459.953963834 0
198 M -447.378796903 0
198 N -466.195621557 0
198 P -400.532449302 0
198 Q -461.561293345 0
198 R -391.461257049 0
198 S -468.517836304 0
198 T -470.948060311 0
198 V -476.718952738 1
198 W -392.494720778 0
198 Y -404.767163772 0
199 A -468.56107265 0
199 C -467.128662266 0
199 D -476.652585907 1
199 E -468.944425793 0
199 F -467.727811688 0
199 G -466.228111547 0
199 H -468.677154063 0
199 I -470.274564457 0
199 K -469.322340095 0
199 L -469.448318886 0
199 M -468.151385066 0
199 N -473.059458605 0
199 P -464.532428964 0
199 Q -467.800102511 0
199 R -469.588871976 0
199 S -468.974114332 0
199 T -468.94629726 0
199 V -469.901718401 0
199 W -467.282041393 0
199 Y -467.160156259 0
200 A -476.879679501 1
200 C -412.218833676 0
200 D -416.447460437 0
200 E -440.58782112 0
200 F 492.611579287 0
200 G -472.651956463 0
200 H 361.984440622 0
200 I -435.761412737 0
200 K -412.631938869 0
200 L -425.817599176 0
200 M -443.280676968 0
200 N -355.122382108 0
200 P -147.113729481 0
200 Q -449.547764272 0
200 R -340.612477591 0
200 S -468.186921541 0
200 T -445.420708744 0
200 V -432.703892368 0
200 W -9.03332633861 0
200 Y 690.8719444 0
201 A -476.566075626 0
201 C -469.424302176 0
201 D -471.42217651 0
201 E -475.531166088 0
201 F -467.497332134 0
201 G -474.748488069 0
201 H -470.844697423 0
201 I -469.079137273 0
201 K -460.239068994 0
201 L -463.559717867 0
201 M -472.067624625 0
201 N -470.454991701 0
201 P -445.522609951 0
201 Q -468.926246392 0
201 R -474.703266589 0
201 S -477.819852055 1
201 T -470.731881001 0
201 V -470.087507565 0
201 W -465.00207399 0
201 Y -466.013121058 0
202 A -475.008757215 0
202 C -471.391556285 0
202 D -471.304939798 0
202 E -474.288430113 0
202 F -471.549250587 0
202 G -473.63500522 0
202 H -472.3799515 0
202 I -457.305188014 0
202 K -475.391150849 0
202 L -471.276412057 0
202 M -474.069089061 0
202 N -474.001568859 0
202 P -415.518734642 0
202 Q -476.228462857 1
202 R -474.582684996 0
202 S -473.268560264 0
202 T -472.722800788 0
202 V -465.803726277 0
202 W -470.091522126 0
202 Y -471.1244138 0
203 A -472.163543313 0
203 C -468.526016251 0
203 D -473.099081559 0
203 E -473.490393406 0
203 F -470.131240322 0
203 G -471.857302383 0
203 H -471.406360977 0
203 I -469.228190793 0
203 K -472.706110528 0
203 L -472.672932709 0
203 M -471.578363507 0
203 N -471.683811329 0
203 P -475.316650977 1
203 Q -471.163968358 0
203 R -471.934230174 0
203 S -473.568951273 0
203 T -471.946125127 0
203 V -470.269216072 0
203 W -473.7587713 0
203 Y -469.97125526 0
204 A -474.205552849 0
204 C -472.330154901 0
204 D -477.500266608 0
204 E -474.99011789 0
204 F -474.335296637 0
204 G -473.269083832 0
204 H -477.134559179 0
204 I -471.189132023 0
204 K -476.942648872 0
204 L -475.121620897 0
204 M -473.762641777 0
204 N -474.625998288 0
204 P -478.331904537 1
204 Q -473.634787631 0
204 R -475.768393213 0
204 S -476.758393597 0
204 T -475.894190845 0
204 V -474.640738634 0
204 W -477.217180219 0
204 Y -475.113415474 0
205 A -475.532973169 1
205 C -472.777850064 0
205 D -477.586950615 0
205 E -478.374366118 0
205 F -474.009260732 0
205 G -474.835302166 0
205 H -476.745327934 0
205 I -474.736014685 0
205 K -476.949048801 0
205 L -476.545117379 0
205 M -475.680546452 0
205 N -476.225516159 0
205 P -459.720003519 0
205 Q -475.926604409 0
205 R -476.412475255 0
205 S -476.580262291 0
205 T -475.775129084 0
205 V -474.99661731 0
205 W -474.790517523 0
205 Y -474.064650055 0
206 A -476.076467745 0
206 C -473.052044872 0
206 D -476.374464434 0
206 E -476.624680482 0
206 F -473.663559138 0
206 G -473.541839762 0
206 H -475.429075676 0
206 I -476.116379475 0
206 K -475.862332012 0
206 L -474.858382939 0
206 M -474.885240135 0
206 N -474.943101063 0
206 P -382.268337507 0
206 Q -474.943933151 0
206 R -475.493877747 0
206 S -475.540409175 0
206 T -475.576154075 1
206 V -476.821078324 0
206 W -474.575368148 0
206 Y -473.272323086 0
207 A -469.89700187 0
207 C -468.808207785 0
207 D -466.251098697 0
207 E -471.016686337 0
207 F -418.438870624 0
207 G -466.368456637 0
207 H -460.839321165 0
207 I -473.267265288 0
207 K -465.45947705 0
207 L -465.87208814 0
207 M -465.786668885 0
207 N -466.94428373 0
207 P -292.927545214 0
207 Q -469.358773639 0
207 R -468.431716123 0
207 S -468.347146501 0
207 T -471.101093127 0
207 V -476.011318627 1
207 W -417.726267166 0
207 Y -424.233513029 0
208 A -468.656803486 0
208 C -465.465051468 0
208 D -466.087225393 0
208 E -467.858949406 0
208 F -470.840988472 0
208 G -466.381915063 0
208 H -470.011459975 0
208 I -435.783422793 0
208 K -468.996934733 0
208 L -470.43692376 0
208 M -467.182891408 0
208 N -467.460917323 0
208 P -223.531445375 0
208 Q -466.617933752 0
208 R -467.66372181 0
208 S -467.107108725 0
208 T -466.846639528 0
208 V -429.398275195 0
208 W -475.682711273 1
208 Y -470.778865806 0
209 A -477.524403969 1
209 C -474.799408622 0
209 D -476.862889327 0
209 E -477.933017608 0
209 F -475.280776608 0
209 G -476.033549097 0
209 H -476.653102615 0
209 I -476.120210071 0
209 K -477.954835057 0
209 L -477.986952681 0
209 M -476.859715883 0
209 N -477.142613162 0
209 P -233.046269881 0
209 Q -477.23367286 0
209 R -478.295588078 0
209 S -476.463535769 0
209 T -476.614022795 0
209 V -475.295408233 0
209 W -476.919780027 0
209 Y -475.425975912 0
210 A -472.064191126 0
210 C -469.892680814 0
210 D -475.195207953 1
210 E -471.708274942 0
210 F -470.759305422 0
210 G -469.727148733 0
210 H -471.713298048 0
210 I -473.122156298 0
210 K -471.487909394 0
210 L -473.931781967 0
210 M -470.672275656 0
210 N -471.099852414 0
210 P -239.944977129 0
210 Q -471.933401436 0
210 R -471.23829028 0
210 S -470.696712243 0
210 T -472.957252821 0
210 V -470.159257147 0
210 W -470.056039233 0
210 Y -470.375631508 0
211 A -469.351421241 0
211 C -469.033185616 0
211 D -466.827376696 0
211 E -470.192047083 0
211 F -426.822320957 0
211 G -465.557021665 0
211 H -462.115012752 0
211 I -478.323882619 1
211 K -462.081298887 0
211 L -472.550011963 0
211 M -474.152583063 0
211 N -467.448408865 0
211 P -230.896134228 0
211 Q -469.985791305 0
211 R -460.098305636 0
211 S -468.263740043 0
211 T -472.087112378 0
211 V -474.978076905 0
211 W -449.072000099 0
211 Y -455.483216348 0
212 A -474.233169035 0
212 C -472.796280806 0
212 D -471.072862067 0
212 E -473.733399612 0
212 F -465.090665846 0
212 G -471.033980074 0
212 H -465.32596546 0
212 I -462.91905827 0
212 K -474.275989168 0
212 L -480.492411022 1
212 M -479.456538681 0
212 N -474.283042355 0
212 P -245.931704573 0
212 Q -473.449125504 0
212 R -475.464981228 0
212 S -473.073488678 0
212 T -473.229908848 0
212 V -467.849341735 0
212 W -59.2926418227 0
212 Y -143.704154394 0
213 A -480.84880823 0
213 C -477.526098363 0
213 D -475.879638714 0
213 E -479.48485527 0
213 F -479.069719305 0
213 G -479.337444389 0
213 H -480.825317709 0
213 I -478.839975056 0
213 K -480.413444843 0
213 L -479.726939347 0
213 M -478.759101048 0
213 N -479.664588664 1
213 P -217.545566638 0
213 Q -478.02902778 0
213 R -481.254337826 0
213 S -479.59112928 0
213 T -479.121121003 0
213 V -475.317223311 0
213 W -477.502107526 0
213 Y -478.57269949 0
214 A -475.244184366 0
214 C -474.427323682 0
214 D -468.285468217 0
214 E -473.059776785 0
214 F -453.213929471 0
214 G -472.989566839 0
214 H -472.282117295 0
214 I -466.046568193 0
214 K -479.007665333 1
214 L -468.016556097 0
214 M -475.036320171 0
214 N -474.278341884 0
214 P -186.192308375 0
214 Q -474.924086555 0
214 R -474.861964767 0
214 S -474.649376632 0
214 T -473.744417076 0
214 V -462.561409374 0
214 W -462.797883607 0
214 Y -457.012061169 0
215 A -473.323951841 0
215 C -474.780582793 0
215 D -472.039979899 0
215 E -474.505658265 0
215 F -463.013701914 0
215 G -469.835215639 0
215 H -472.681865999 0
215 I -472.709339466 0
215 K -464.732137666 0
215 L -482.430414946 1
215 M -479.435188449 0
215 N -475.50211089 0
215 P -238.201246204 0
215 Q -474.714946772 0
215 R -460.802655944 0
215 S -472.372452004 0
215 T -473.159394768 0
215 V -468.465114356 0
215 W -453.191772773 0
215 Y -437.654524839 0
216 A -474.277570548 0
216 C -474.73065456 0
216 D -476.050023152 0
216 E -477.221866404 0
216 F -473.176904353 0
216 G -479.661446797 1
216 H -477.030064347 0
216 I -447.657039121 0
216 K -477.016527613 0
216 L -475.832147353 0
216 M -474.655792099 0
216 N -477.549591659 0
216 P -340.08364835 0
216 Q -475.789772244 0
216 R -476.499769013 0
216 S -473.522219291 0
216 T -469.151202386 0
216 V -449.141801636 0
216 W -472.764117358 0
216 Y -473.125440352 0
217 A -477.55415857 0
217 C -477.724150286 0
217 D -478.50927709 0
217 E -477.877177185 0
217 F -483.095607391 0
217 G -475.703083794 0
217 H -482.444386453 0
217 I -478.294585414 0
217 K -483.654172146 1
217 L -474.43580769 0
217 M -483.331670308 0
217 N -480.201547808 0
217 P -309.745922025 0
217 Q -478.63166979 0
217 R -485.309945704 0
217 S -477.134328458 0
217 T -479.503759425 0
217 V -480.978116732 0
217 W -482.092935127 0
217 Y -482.813801176 0
218 A -478.343087256 0
218 C -477.02232465 0
218 D -476.103715924 0
218 E -477.659060029 0
218 F -476.475938886 0
218 G -478.232154352 0
218 H -478.131134618 0
218 I -443.362648879 0
218 K -479.015256827 0
218 L -477.852008954 0
218 M -476.491921655 0
218 N -477.140885336 1
218 P -320.974809491 0
218 Q -477.691906002 0
218 R -478.53693064 0
218 S -477.590525466 0
218 T -476.285566397 0
218 V -470.800390848 0
218 W -475.943932655 0
218 Y -476.072638762 0
