1 A -350.538456 0
1 C -348.425949025 0
1 D -352.250526231 0
1 E -352.136513148 0
1 F -349.389961165 0
1 G -351.327707502 0
1 H -351.319028458 0
1 I -350.776003706 0
1 K -350.990992972 0
1 L -350.166255662 0
1 M -350.329721123 1
1 N -350.927033691 0
1 P -260.356060565 0
1 Q -350.10394031 0
1 R -351.899472393 0
1 S -351.311000005 0
1 T -348.522046031 0
1 V -349.338053993 0
1 W -348.934984579 0
1 Y -349.152231281 0
2 A -342.367124339 0
2 C -343.497641789 0
2 D -342.272973485 0
2 E -343.421973992 0
2 F -347.058757695 0
2 G -337.427261007 0
2 H -345.330177282 0
2 I -351.364970647 1
2 K -343.450622975 0
2 L -347.627403139 0
2 M -342.928743849 0
2 N -344.199450375 0
2 P -321.972589552 0
2 Q -342.885557718 0
2 R -341.48034352 0
2 S -342.593584291 0
2 T -346.266689763 0
2 V -349.201025404 0
2 W -344.395890335 0
2 Y -343.161346723 0
3 A -356.414326787 0
3 C -353.334073832 0
3 D -343.212533963 0
3 E -338.028022672 0
3 F -327.888868082 0
3 G -351.616319623 0
3 H -340.294942145 0
3 I -344.457994171 0
3 K -262.944168705 0
3 L -216.535268239 0
3 M -315.847916466 0
3 N -336.365934106 0
3 P -305.930611648 0
3 Q -340.475577783 0
3 R -298.046891929 0
3 S -356.157684275 1
3 T -346.075296686 0
3 V -345.627007655 0
3 W -318.067965069 0
3 Y -316.954573849 0
4 A -348.235451873 0
4 C -353.082391246 0
4 D -349.995472248 0
4 E -352.050634811 0
4 F -223.016458831 0
4 G -344.054952113 0
4 H -350.362070032 0
4 I -358.624749475 0
4 K -340.521054428 0
4 L -361.685946334 1
4 M -336.880012228 0
4 N -352.34477722 0
4 P -320.449866438 0
4 Q -355.803328995 0
4 R -342.285838591 0
4 S -351.452602717 0
4 T -353.108763076 0
4 V -354.858444957 0
4 W -216.815164087 0
4 Y 54.7112852926 0
5 A -348.34167561 0
5 C -348.635493937 0
5 D -347.724038477 0
5 E -349.225786946 0
5 F -346.18106539 0
5 G -343.62709523 0
5 H -351.425019933 0
5 I -357.567332018 1
5 K -345.256606538 0
5 L -350.689605647 0
5 M -350.78541354 0
5 N -349.230303361 0
5 P -288.970607982 0
5 Q -350.240342557 0
5 R -349.399528594 0
5 S -348.728929665 0
5 T -350.496192172 0
5 V -353.977154632 0
5 W -349.958507343 0
5 Y -345.677855022 0
6 A -358.008042944 1
6 C -354.744522862 0
6 D -353.39218831 0
6 E -350.829021027 0
6 F -281.97822917 0
6 G -351.274206461 0
6 H -337.327736149 0
6 I -349.378779089 0
6 K -337.708887169 0
6 L -337.981772819 0
6 M -338.714143631 0
6 N -350.471948163 0
6 P -317.051126675 0
6 Q -345.801986806 0
6 R -337.576524836 0
6 S -355.425745288 0
6 T -349.116117124 0
6 V -354.438707966 0
6 W -319.518760185 0
6 Y -243.519490734 0
7 A -353.041699632 1
7 C -349.632723162 0
7 D -349.125659208 0
7 E -351.335543444 0
7 F -349.199084353 0
7 G -348.301348899 0
7 H -348.948078616 0
7 I -348.757760145 0
7 K -350.572315952 0
7 L -353.534732077 0
7 M -350.657590407 0
7 N -350.15419776 0
7 P -346.437007071 0
7 Q -351.190390592 0
7 R -354.075750453 0
7 S -353.61494578 0
7 T -351.332351797 0
7 V -351.494269094 0
7 W -349.64844349 0
7 Y -343.352020758 0
8 A -339.505128361 0
8 C -341.190215694 0
8 D -339.719010997 0
8 E -342.549403988 0
8 F -332.091211424 0
8 G -335.630689881 0
8 H -337.443925124 0
8 I -292.915445041 0
8 K -339.773558143 0
8 L -348.918021643 1
8 M -344.947349222 0
8 N -342.51562051 0
8 P -282.676022765 0
8 Q -342.690874817 0
8 R -319.269315639 0
8 S -339.462873683 0
8 T -341.566106714 0
8 V -341.859328841 0
8 W -334.958454887 0
8 Y -325.798292507 0
9 A -351.158143696 1
9 C -341.795454484 0
9 D -326.556933401 0
9 E -303.076055508 0
9 F -310.104243214 0
9 G -348.80956162 0
9 H -331.264848857 0
9 I -304.470779575 0
9 K -311.92446181 0
9 L -285.031425049 0
9 M -224.671304335 0
9 N -305.550426523 0
9 P -215.728407526 0
9 Q -294.759101461 0
9 R -158.410883591 0
9 S -347.265209079 0
9 T -329.452579946 0
9 V -319.246385985 0
9 W 1031.65520986 0
9 Y -268.381653433 0
10 A -350.548249289 0
10 C -348.772920612 0
10 D -351.379620481 0
10 E -348.702422686 0
10 F -348.379109271 0
10 G -349.076438914 0
10 H -349.413001831 0
10 I -349.042755531 0
10 K -350.488963095 0
10 L -349.05840503 0
10 M -351.068069455 0
10 N -350.738547316 0
10 P -188.31994511 0
10 Q -348.27646489 0
10 R -349.815834956 0
10 S -350.058146487 0
10 T -349.882485973 0
10 V -349.74061293 1
10 W -348.094925585 0
10 Y -347.764718117 0
11 A -345.625996282 0
11 C -343.815975754 0
11 D -348.061850474 1
11 E -347.079315464 0
11 F -347.394023277 0
11 G -346.417784586 0
11 H -347.096657844 0
11 I -312.143154223 0
11 K -347.676193344 0
11 L -346.421782414 0
11 M -345.298818593 0
11 N -348.734221735 0
11 P -275.079261044 0
11 Q -345.678221459 0
11 R -350.641810914 0
11 S -345.66425718 0
11 T -337.802343093 0
11 V -323.634966589 0
11 W -347.559913742 0
11 Y -346.626603636 0
12 A -344.899075673 0
12 C -345.331665007 0
12 D -348.091746076 0
12 E -346.196917946 0
12 F -344.968002981 0
12 G -345.65224376 0
12 H -349.599959048 0
12 I -324.703664058 0
12 K -349.212109369 0
12 L -346.939442708 0
12 M -346.907139275 0
12 N -348.932149614 0
12 P -296.596412358 0
12 Q -346.977859991 0
12 R -350.749903646 1
12 S -344.753703797 0
12 T -338.632998741 0
12 V -325.634505032 0
12 W -346.295623974 0
12 Y -345.575433838 0
13 A -341.047451669 0
13 C -345.8879785 0
13 D -340.847835484 0
13 E -335.369574144 0
13 F -335.813022153 0
13 G -342.827232629 0
13 H -343.334055326 0
13 I -345.837277556 0
13 K -320.990007545 0
13 L -341.59286528 0
13 M -331.731361398 0
13 N -340.952304971 0
13 P -238.678161253 0
13 Q -339.866536581 0
13 R -342.803179133 0
13 S -345.299113189 0
13 T -347.097095697 0
13 V -351.013168251 1
13 W -338.100420688 0
13 Y -339.930048881 0
14 A -343.838689331 0
14 C -345.696325149 0
14 D -343.347575354 0
14 E -348.898547795 0
14 F -344.219061265 0
14 G -337.633580126 0
14 H -344.614104173 0
14 I -353.382051848 1
14 K -336.518318028 0
14 L -341.876329659 0
14 M -345.956531475 0
14 N -342.105677171 0
14 P -233.816195916 0
14 Q -347.475056318 0
14 R -335.164590671 0
14 S -344.498986198 0
14 T -348.937193417 0
14 V -351.300647259 0
14 W -318.173198733 0
14 Y -343.269958783 0
15 A -353.134225284 0
15 C -349.587580523 0
15 D -356.113633448 0
15 E -356.984841167 0
15 F -358.073254629 0
15 G -352.235159259 1
15 H -357.596497892 0
15 I -346.061070924 0
15 K -356.708119136 0
15 L -352.610599802 0
15 M -353.025390527 0
15 N -350.756226273 0
15 P -353.47775098 0
15 Q -356.317218297 0
15 R -351.395508543 0
15 S -352.519269398 0
15 T -350.901118478 0
15 V -350.324689184 0
15 W -358.296561161 0
15 Y -358.038800748 0
16 A -354.052748498 0
16 C -351.811975087 0
16 D -356.876799398 0
16 E -355.111432229 0
16 F -354.757727896 0
16 G -352.652161711 0
16 H -355.492471367 0
16 I -353.057590469 0
16 K -356.5012076 0
16 L -356.153668926 0
16 M -352.910937213 1
16 N -353.778446435 0
16 P -344.237750754 0
16 Q -354.349403354 0
16 R -356.103614125 0
16 S -355.971007612 0
16 T -356.140115824 0
16 V -356.006564965 0
16 W -353.378563532 0
16 Y -355.202361921 0
17 A -350.391877039 0
17 C -349.618590118 0
17 D -353.362643475 0
17 E -351.641505947 1
17 F -349.535895754 0
17 G -348.55549994 0
17 H -351.307242566 0
17 I -352.701335984 0
17 K -353.309542692 0
17 L -349.621639272 0
17 M -347.301161707 0
17 N -352.073442755 0
17 P -305.831155384 0
17 Q -350.36738241 0
17 R -352.555537265 0
17 S -350.739975967 0
17 T -351.193865922 0
17 V -353.492578558 0
17 W -348.410813789 0
17 Y -353.883592059 0
18 A -351.361499926 0
18 C -349.710846167 0
18 D -352.67948717 0
18 E -353.048159342 0
18 F -350.716428863 0
18 G -351.240262425 0
18 H -352.904344359 0
18 I -349.502538507 0
18 K -352.833479376 0
18 L -353.046836573 0
18 M -351.266543569 0
18 N -352.209973913 1
18 P -339.203065893 0
18 Q -351.961452677 0
18 R -351.962801202 0
18 S -352.925497265 0
18 T -353.219600619 0
18 V -350.464566162 0
18 W -350.6303869 0
18 Y -350.806291486 0
19 A -350.533818065 1
19 C -347.985616198 0
19 D -351.898929815 0
19 E -351.781635808 0
19 F -350.839820184 0
19 G -349.213361002 0
19 H -351.448952806 0
19 I -348.835184163 0
19 K -351.155915005 0
19 L -351.33628932 0
19 M -349.846055784 0
19 N -350.180905914 0
19 P -352.240116991 0
19 Q -349.54846123 0
19 R -350.276142859 0
19 S -351.715394371 0
19 T -349.782099558 0
19 V -348.488368204 0
19 W -350.355713423 0
19 Y -348.510375631 0
20 A -344.392183352 0
20 C -342.389009565 0
20 D -345.257948216 0
20 E -342.165490686 0
20 F -336.042247218 0
20 G -341.452232215 0
20 H -315.075636868 0
20 I -333.666450538 0
20 K -341.786904786 0
20 L -340.76878531 0
20 M -349.792409354 1
20 N -341.034575895 0
20 P -345.981484446 0
20 Q -345.833168077 0
20 R -342.967630078 0
20 S -344.130024834 0
20 T -339.368519535 0
20 V -338.780179521 0
20 W -339.186073923 0
20 Y -336.514769247 0
21 A -342.178071492 0
21 C -339.17836516 0
21 D -343.575923079 0
21 E -343.063733588 0
21 F -340.854171271 0
21 G -341.222196071 0
21 H -342.175200384 0
21 I -338.906307123 0
21 K -343.163849102 0
21 L -342.545305327 0
21 M -344.431924466 0
21 N -345.324060518 0
21 P -347.40138495 1
21 Q -341.618679524 0
21 R -342.549598607 0
21 S -342.744226262 0
21 T -341.558600307 0
21 V -339.458076325 0
21 W -343.540177439 0
21 Y -340.343539375 0
22 A -337.843532909 0
22 C -337.355784348 0
22 D -335.925353148 0
22 E -332.775314408 0
22 F -340.629970777 0
22 G -334.749618056 0
22 H -339.28130967 0
22 I -335.218040671 0
22 K -334.411602383 0
22 L -337.662312257 0
22 M -340.631480789 0
22 N -338.191291809 0
22 P -207.981021826 0
22 Q -330.288075583 0
22 R -338.059907279 0
22 S -338.086471544 0
22 T -339.525344202 0
22 V -337.155227215 0
22 W -347.772182294 1
22 Y -341.107616033 0
23 A -345.130230056 0
23 C -344.281339786 0
23 D -348.605564883 0
23 E -347.206110307 0
23 F -346.884258064 0
23 G -339.860302422 0
23 H -347.572497948 0
23 I -347.421069577 0
23 K -347.127786281 0
23 L -346.396627461 0
23 M -344.336071522 0
23 N -348.525046322 1
23 P -307.772581763 0
23 Q -345.521463771 0
23 R -348.211925671 0
23 S -347.721632333 0
23 T -345.919883143 0
23 V -347.686248538 0
23 W -344.914889865 0
23 Y -346.355814734 0
24 A -341.042715246 0
24 C -342.240937623 0
24 D -338.696029761 0
24 E -340.692227958 0
24 F -290.602657005 0
24 G -327.302080774 0
24 H -338.536416483 0
24 I -346.574832808 0
24 K -321.380300027 0
24 L -349.285123328 1
24 M -341.257769171 0
24 N -343.0136408 0
24 P -318.597476377 0
24 Q -341.69803174 0
24 R -329.450476087 0
24 S -340.255313539 0
24 T -342.695400666 0
24 V -344.58479007 0
24 W -273.696158873 0
24 Y -287.043036928 0
25 A -344.613360257 0
25 C -342.97928307 0
25 D -345.718118157 0
25 E -346.037361321 0
25 F -343.188890865 0
25 G -343.559015926 0
25 H -344.092829066 0
25 I -344.563576358 0
25 K -346.08689145 0
25 L -345.44834219 0
25 M -344.91325804 0
25 N -344.707465141 0
25 P -349.156355356 1
25 Q -344.902511067 0
25 R -345.39892912 0
25 S -346.09762491 0
25 T -344.667108488 0
25 V -344.884159181 0
25 W -344.54714498 0
25 Y -342.867645368 0
26 A -356.546329981 1
26 C -352.708189958 0
26 D -356.461935369 0
26 E -349.940578858 0
26 F -347.269723359 0
26 G -354.188177181 0
26 H -351.607962528 0
26 I -350.537183416 0
26 K -352.449159561 0
26 L -341.754294064 0
26 M -352.189075273 0
26 N -355.499002849 0
26 P -298.708803502 0
26 Q -341.487802952 0
26 R -350.542008823 0
26 S -355.069572825 0
26 T -353.696638842 0
26 V -351.738501412 0
26 W -348.461551403 0
26 Y -346.118201447 0
27 A -348.795400491 0
27 C -346.443678118 0
27 D -349.929224417 1
27 E -347.903580539 0
27 F -340.843386164 0
27 G -345.815152416 0
27 H -347.41285047 0
27 I -348.248746201 0
27 K -345.883727817 0
27 L -341.473907112 0
27 M -349.385590353 0
27 N -349.067653826 0
27 P -271.052137224 0
27 Q -347.440138385 0
27 R -346.785562903 0
27 S -344.549843701 0
27 T -344.820736525 0
27 V -347.35141813 0
27 W -346.681539212 0
27 Y -345.821897136 0
28 A -354.007656241 0
28 C -351.606971175 0
28 D -355.069552646 0
28 E -356.490861346 0
28 F -353.58139225 0
28 G -353.195240776 0
28 H -354.868459789 0
28 I -353.705539167 0
28 K -355.53798097 0
28 L -355.784248758 1
28 M -354.727815129 0
28 N -354.611350315 0
28 P -188.068359779 0
28 Q -354.142470394 0
28 R -355.433273018 0
28 S -354.217022253 0
28 T -353.37198609 0
28 V -353.97746648 0
28 W -360.394840861 0
28 Y -353.743905727 0
29 A -356.977935228 1
29 C -353.496192499 0
29 D -355.727967758 0
29 E -356.476383789 0
29 F -354.130614284 0
29 G -355.223314779 0
29 H -355.211544291 0
29 I -355.729208038 0
29 K -356.149379116 0
29 L -356.270073693 0
29 M -354.977697522 0
29 N -355.177566237 0
29 P -84.2803881991 0
29 Q -354.918995925 0
29 R -355.6185961 0
29 S -355.280406297 0
29 T -356.623098034 0
29 V -354.880931192 0
29 W -354.52785432 0
29 Y -353.979216757 0
30 A -349.046060195 0
30 C -346.692879626 0
30 D -352.243715744 0
30 E -355.385701613 0
30 F -359.368747262 0
30 G -346.442221655 0
30 H -356.266238011 0
30 I -337.039348871 0
30 K -346.013055894 0
30 L -352.453579965 0
30 M -347.695500698 0
30 N -348.029049779 0
30 P -173.63409353 0
30 Q -348.49803824 0
30 R -352.783836439 0
30 S -348.473423075 0
30 T -347.949580683 0
30 V -343.574714557 0
30 W -361.284168899 1
30 Y -358.674272525 0
31 A -350.395420956 0
31 C -348.782314749 0
31 D -348.828207814 0
31 E -351.30498528 0
31 F -356.541237201 1
31 G -348.451635312 0
31 H -352.751827937 0
31 I -351.424468176 0
31 K -350.961140714 0
31 L -352.499154422 0
31 M -349.74312738 0
31 N -350.239392066 0
31 P -72.486734412 0
31 Q -351.360828069 0
31 R -355.016228852 0
31 S -348.79745608 0
31 T -350.726376009 0
31 V -351.527730682 0
31 W -352.452582729 0
31 Y -355.236088758 0
32 A -355.532913171 0
32 C -352.790002984 0
32 D -356.909970939 0
32 E -355.757144426 0
32 F -355.17063943 0
32 G -353.811470034 0
32 H -361.37681808 0
32 I -356.359650579 0
32 K -356.103104303 1
32 L -354.310853233 0
32 M -354.684624075 0
32 N -356.588463209 0
32 P -73.2798003586 0
32 Q -352.907401448 0
32 R -356.097268428 0
32 S -354.830858668 0
32 T -356.183486158 0
32 V -356.107434112 0
32 W -357.791707035 0
32 Y -354.473556431 0
33 A -355.77175742 0
33 C -352.711499483 0
33 D -355.225473288 0
33 E -355.999493147 0
33 F -353.749309846 0
33 G -354.352593638 0
33 H -354.847463041 0
33 I -354.51827828 0
33 K -356.253336719 0
33 L -355.573377981 0
33 M -354.871777868 0
33 N -355.368615123 0
33 P -73.3581653008 0
33 Q -354.470113107 0
33 R -355.950565548 1
33 S -354.663083877 0
33 T -354.615109749 0
33 V -353.034771235 0
33 W -355.050628696 0
33 Y -353.604673804 0
34 A -360.214961011 0
34 C -359.436251871 0
34 D -359.097742166 0
34 E -360.731159934 0
34 F -358.731476175 0
34 G -357.561907715 0
34 H -361.421432831 0
34 I -354.423732603 0
34 K -361.289181202 0
34 L -363.600603842 0
34 M -361.126025486 0
34 N -361.44777615 1
34 P -211.506634314 0
34 Q -360.608631083 0
34 R -360.643807204 0
34 S -359.022876802 0
34 T -359.546582963 0
34 V -355.986668689 0
34 W -362.357996709 0
34 Y -358.52231621 0
35 A -349.714058888 0
35 C -352.413044427 0
35 D -344.362379786 0
35 E -334.670407214 0
35 F -289.730507697 0
35 G -345.976966306 0
35 H -333.283185732 0
35 I -343.723585902 0
35 K -335.152877622 0
35 L -350.312269766 0
35 M -345.749061006 0
35 N -354.384119435 0
35 P -105.888178738 0
35 Q -329.096020518 0
35 R -335.708135717 0
35 S -351.302994462 0
35 T -356.668612625 1
35 V -343.270286923 0
35 W -278.593872216 0
35 Y -253.564362911 0
36 A -353.253694115 0
36 C -350.784624977 0
36 D -349.221139068 0
36 E -352.91996706 0
36 F -351.924826901 0
36 G -350.982681431 0
36 H -353.176412774 0
36 I -353.642859466 0
36 K -354.167125931 0
36 L -355.131572149 1
36 M -352.666319879 0
36 N -351.269639787 0
36 P -150.664988555 0
36 Q -351.823538779 0
36 R -352.534257403 0
36 S -352.554280902 0
36 T -353.298145384 0
36 V -352.499711086 0
36 W -347.471480549 0
36 Y -351.56587407 0
37 A -344.846564917 0
37 C -343.63625935 0
37 D -347.826000825 1
37 E -346.011878599 0
37 F -347.813589331 0
37 G -348.668163707 0
37 H -348.419908375 0
37 I -321.015885996 0
37 K -347.396956887 0
37 L -346.391763508 0
37 M -344.71037745 0
37 N -348.75876885 0
37 P -254.829852152 0
37 Q -345.165978528 0
37 R -346.555759735 0
37 S -345.306755485 0
37 T -341.770760631 0
37 V -320.512365533 0
37 W -346.159427997 0
37 Y -347.161216632 0
38 A -347.293584131 0
38 C -343.836203898 0
38 D -342.557649439 0
38 E -345.599582335 0
38 F -357.174761688 0
38 G -343.995624466 0
38 H -348.378645017 0
38 I -339.877865048 0
38 K -364.014420636 1
38 L -353.220342248 0
38 M -348.072301932 0
38 N -346.523218635 0
38 P -0.924420842855 0
38 Q -347.609740288 0
38 R -362.363781919 0
38 S -346.732690722 0
38 T -347.570373467 0
38 V -341.257943552 0
38 W -349.872284117 0
38 Y -349.76805029 0
39 A -348.122320395 0
39 C -346.35305486 0
39 D -340.30314846 0
39 E -341.09369351 0
39 F -289.978933922 0
39 G -343.67179879 0
39 H -313.212444523 0
39 I -344.641902275 0
39 K -335.005938707 0
39 L -222.557289966 0
39 M -308.174335072 0
39 N -337.71252017 0
39 P -352.284405704 1
39 Q -341.641507158 0
39 R -342.797751538 0
39 S -346.55633204 0
39 T -345.075480319 0
39 V -343.671524036 0
39 W -326.460005375 0
39 Y -289.266898588 0
40 A -346.440405875 0
40 C -345.715764181 0
40 D -341.559489694 0
40 E -340.430509876 0
40 F -143.894626721 0
40 G -339.511062691 0
40 H -312.724341347 0
40 I -350.588721606 0
40 K -320.716526891 0
40 L -346.1410545 0
40 M -340.371012777 0
40 N -344.563470224 0
40 P -298.469049786 0
40 Q -341.723532433 0
40 R -284.739399298 0
40 S -343.520627041 0
40 T -347.199886274 0
40 V -353.075306125 1
40 W -253.294957604 0
40 Y 169.624254978 0
41 A -342.738299222 0
41 C -344.118749316 0
41 D -341.854164227 0
41 E -339.991470996 0
41 F -292.071307831 0
41 G -337.266337091 0
41 H -321.332926015 0
41 I -355.552286594 1
41 K -327.099527988 0
41 L -348.530651617 0
41 M -341.958054448 0
41 N -345.007427073 0
41 P -245.534665372 0
41 Q -343.336777715 0
41 R -335.965843706 0
41 S -340.6696881 0
41 T -346.920798471 0
41 V -351.88735055 0
41 W -285.243219095 0
41 Y -282.216326511 0
42 A -348.228112122 0
42 C -348.23608409 0
42 D -342.556904558 0
42 E -347.824213581 0
42 F -336.515637343 0
42 G -346.291149344 0
42 H -338.404044699 0
42 I -335.605074764 0
42 K -341.972022203 0
42 L -353.515919935 0
42 M -355.284928818 1
42 N -347.112946883 0
42 P -297.983387541 0
42 Q -354.810688487 0
42 R -354.188827521 0
42 S -348.023704616 0
42 T -345.631652273 0
42 V -329.673280431 0
42 W -332.70132655 0
42 Y -336.510976305 0
43 A -357.15921413 0
43 C -356.286805062 0
43 D -364.057797044 0
43 E -358.96307507 0
43 F -361.464639438 0
43 G -359.089887296 1
43 H -363.71578986 0
43 I -357.000713145 0
43 K -359.851817236 0
43 L -272.678843966 0
43 M -356.198953433 0
43 N -363.177788876 0
43 P -26.0412347619 0
43 Q -357.293295286 0
43 R -358.93633786 0
43 S -361.816224084 0
43 T -357.12191385 0
43 V -354.114665009 0
43 W -360.077424895 0
43 Y -361.603521256 0
44 A -358.337459065 0
44 C -354.574251933 0
44 D -359.003289189 0
44 E -363.191437135 0
44 F -358.836477409 0
44 G -356.291054207 0
44 H -359.085452065 0
44 I -359.047133974 0
44 K -362.051020018 0
44 L -363.554561022 0
44 M -362.382055007 0
44 N -356.762174922 0
44 P -357.274596214 0
44 Q -359.333897416 0
44 R -362.744917036 1
44 S -359.055972026 0
44 T -360.206344028 0
44 V -357.25108558 0
44 W -357.135762406 0
44 Y -358.794286054 0
45 A -356.879129432 0
45 C -354.430376782 0
45 D -356.882946807 0
45 E -359.421167795 0
45 F -356.80636933 0
45 G -355.215590795 0
45 H -356.983450118 1
45 I -355.406015828 0
45 K -357.183690002 0
45 L -356.580074099 0
45 M -356.388994198 0
45 N -357.365222113 0
45 P -343.188507683 0
45 Q -357.584701492 0
45 R -356.155908848 0
45 S -358.18271297 0
45 T -357.922424605 0
45 V -355.728038963 0
45 W -358.082875272 0
45 Y -356.632505294 0
46 A -353.751008993 0
46 C -351.402447243 0
46 D -348.773983064 0
46 E -353.211008033 0
46 F -325.682854623 0
46 G -351.131157878 0
46 H -349.795631444 0
46 I -348.252443268 0
46 K -358.799353511 0
46 L -349.192097074 0
46 M -357.281121605 0
46 N -351.042685161 0
46 P -324.098790624 0
46 Q -356.70721051 0
46 R -353.872329313 0
46 S -353.345330289 0
46 T -355.684898685 1
46 V -331.774953398 0
46 W -355.001713006 0
46 Y -299.079087105 0
47 A -353.378596118 0
47 C -349.32659477 0
47 D -351.551845264 0
47 E -351.974422327 0
47 F -357.821950555 0
47 G -350.393101899 0
47 H -355.383297837 0
47 I -266.082055365 0
47 K -352.382979202 0
47 L -344.407532257 0
47 M -352.981591061 0
47 N -352.009752042 0
47 P -163.681612482 0
47 Q -352.168184723 0
47 R -353.761435009 0
47 S -352.026821364 0
47 T -351.745995409 0
47 V -348.973615247 0
47 W -362.6338393 1
47 Y -357.413846004 0
48 A -352.483046428 0
48 C -351.41366096 0
48 D -354.674642697 0
48 E -357.516483357 1
48 F -353.024262041 0
48 G -351.991107169 0
48 H -352.255306339 0
48 I -354.223683014 0
48 K -356.046863737 0
48 L -355.244911819 0
48 M -356.698124854 0
48 N -353.729026211 0
48 P -108.630721535 0
48 Q -355.851829848 0
48 R -355.840186181 0
48 S -353.328983687 0
48 T -353.029371265 0
48 V -353.71527014 0
48 W -356.125816148 0
48 Y -353.474840545 0
49 A -363.310008959 0
49 C -362.992542258 0
49 D -363.696235535 0
49 E -366.737822408 0
49 F -360.263531443 0
49 G -359.585535244 0
49 H -365.285631827 0
49 I -367.477074384 0
49 K -366.380374057 0
49 L -367.105627291 0
49 M -367.317445785 0
49 N -364.328559041 0
49 P -119.740181103 0
49 Q -367.609266627 0
49 R -368.801140631 0
49 S -362.355230473 1
49 T -362.45995766 0
49 V -365.213054101 0
49 W -365.604606557 0
49 Y -360.574544745 0
50 A -348.188070414 0
50 C -347.251423318 0
50 D -348.382933862 0
50 E -349.035549398 0
50 F -346.033914282 0
50 G -346.390833745 0
50 H -350.197077705 0
50 I -355.319970155 1
50 K -348.947407515 0
50 L -354.070217791 0
50 M -350.06451642 0
50 N -349.510060729 0
50 P -94.117888029 0
50 Q -348.281958684 0
50 R -350.308598679 0
50 S -347.77216608 0
50 T -350.505633005 0
50 V -351.84082613 0
50 W -352.667414203 0
50 Y -344.759209632 0
51 A -348.120665918 0
51 C -345.283084926 0
51 D -347.978411871 0
51 E -347.096876038 0
51 F -342.687444069 0
51 G -355.497381336 1
51 H -346.025934873 0
51 I -330.844149141 0
51 K -350.189932054 0
51 L -338.253641455 0
51 M -346.282249787 0
51 N -349.374020133 0
51 P -176.329020488 0
51 Q -347.554642166 0
51 R -350.039239051 0
51 S -348.72849348 0
51 T -340.365177466 0
51 V -331.518932118 0
51 W -341.900446598 0
51 Y -342.7684956 0
52 A -350.775294445 0
52 C -348.988594987 0
52 D -340.166498785 0
52 E -350.878311547 0
52 F -350.572614957 0
52 G -349.804678578 0
52 H -351.798393206 0
52 I -345.455139167 0
52 K -351.66201318 0
52 L -346.109257865 0
52 M -349.301635374 0
52 N -344.405582012 0
52 P -249.062138634 0
52 Q -348.499122427 0
52 R -351.087660077 1
52 S -350.759481315 0
52 T -344.739661979 0
52 V -347.24797882 0
52 W -336.382548834 0
52 Y -350.234530935 0
53 A -350.072330178 0
53 C -346.659987756 0
53 D -345.444100262 0
53 E -347.612036229 0
53 F -248.694796036 0
53 G -346.390030067 0
53 H -326.660966396 0
53 I -351.26940394 0
53 K -346.715037353 0
53 L -343.128849046 0
53 M -348.011131778 0
53 N -347.55423333 0
53 P -353.398087755 1
53 Q -347.44076863 0
53 R -347.916086775 0
53 S -349.196490018 0
53 T -346.923307334 0
53 V -348.642427078 0
53 W -216.738480786 0
53 Y -90.2762831691 0
54 A -345.176569288 0
54 C -345.604035775 0
54 D -342.778306128 0
54 E -345.491808937 0
54 F -337.061077993 0
54 G -341.029500101 0
54 H -339.249528822 0
54 I -339.407474932 0
54 K -343.842571101 0
54 L -350.589955613 1
54 M -347.235708471 0
54 N -346.070754262 0
54 P -336.166022016 0
54 Q -344.46196601 0
54 R -344.049086989 0
54 S -344.7674756 0
54 T -346.985261301 0
54 V -346.522630012 0
54 W -344.792181136 0
54 Y -332.11893286 0
55 A -348.638860425 0
55 C -346.4210693 0
55 D -349.55011929 0
55 E -349.801002971 0
55 F -347.385602709 0
55 G -348.202537064 0
55 H -349.471047661 0
55 I -347.090093172 0
55 K -349.402344481 0
55 L -349.083599941 0
55 M -348.050870099 0
55 N -348.637212703 0
55 P -352.09683343 1
55 Q -348.163948182 0
55 R -348.691735512 0
55 S -349.72509929 0
55 T -348.010546738 0
55 V -346.816993071 0
55 W -349.32656519 0
55 Y -347.147340777 0
56 A -345.86426465 0
56 C -343.896678331 0
56 D -346.91158641 0
56 E -340.780521513 0
56 F -347.861110595 0
56 G -351.28477145 1
56 H -346.672106417 0
56 I -319.976328573 0
56 K -344.317692992 0
56 L -344.707196072 0
56 M -343.115552398 0
56 N -347.1650306 0
56 P -263.298729952 0
56 Q -343.696293676 0
56 R -344.878292339 0
56 S -344.428772806 0
56 T -330.484762144 0
56 V -318.497482726 0
56 W -345.781914246 0
56 Y -347.15157307 0
57 A -346.68919227 0
57 C -345.398160643 0
57 D -336.165746384 0
57 E -342.949196132 0
57 F -33.5787898348 0
57 G -341.290308644 0
57 H -251.334549149 0
57 I -347.437853086 0
57 K -341.211780828 0
57 L -329.167687585 0
57 M -346.183714427 0
57 N -341.538449942 0
57 P -157.464463032 0
57 Q -347.167657218 0
57 R -351.757462359 1
57 S -343.901846755 0
57 T -344.09093681 0
57 V -345.51864346 0
57 W -149.509685672 0
57 Y -18.1065127883 0
58 A -346.829367682 0
58 C -346.221767233 0
58 D -348.86529633 0
58 E -348.443539404 0
58 F -348.217836595 0
58 G -344.067125381 0
58 H -350.013441564 0
58 I -350.400222602 0
58 K -350.396883557 1
58 L -350.409408467 0
58 M -348.611108097 0
58 N -349.116578358 0
58 P -330.440256327 0
58 Q -348.792243464 0
58 R -348.723335054 0
58 S -348.596640307 0
58 T -347.732580282 0
58 V -349.489565351 0
58 W -346.889677908 0
58 Y -347.362039302 0
59 A -347.28518835 0
59 C -348.659641606 0
59 D -353.867904152 0
59 E -341.420451578 0
59 F -318.555841746 0
59 G -342.531711787 0
59 H -268.272994329 0
59 I -343.447704064 0
59 K -321.632575191 0
59 L -333.639636323 0
59 M -337.671228563 0
59 N -357.390281886 1
59 P -332.655021547 0
59 Q -334.695238648 0
59 R -311.029144768 0
59 S -347.089063315 0
59 T -345.770025067 0
59 V -351.88091001 0
59 W -318.813709702 0
59 Y -318.699281295 0
60 A -343.13753466 0
60 C -347.126918965 0
60 D -343.410629361 0
60 E -340.660146521 0
60 F -334.422316911 0
60 G -337.61492307 0
60 H -341.168453568 0
60 I -355.831446867 1
60 K -323.358747222 0
60 L -349.880092223 0
60 M -344.016133504 0
60 N -345.387281745 0
60 P -250.80597174 0
60 Q -343.047482154 0
60 R -221.137614468 0
60 S -344.03831836 0
60 T -348.312749649 0
60 V -352.831488148 0
60 W -156.664127851 0
60 Y -330.678234526 0
61 A -342.683477057 0
61 C -344.344966726 0
61 D -342.545386456 0
61 E -341.466064035 0
61 F -340.677757963 0
61 G -335.782711731 0
61 H -340.759878455 0
61 I -356.50761629 1
61 K -330.118077896 0
61 L -348.739533279 0
61 M -341.596882923 0
61 N -347.196017555 0
61 P -269.679557862 0
61 Q -338.987311446 0
61 R -319.833978623 0
61 S -344.549305864 0
61 T -347.90978815 0
61 V -354.249405904 0
61 W -304.427195529 0
61 Y -338.5661727 0
62 A -346.005843264 0
62 C -347.98886361 0
62 D -348.328069492 0
62 E -348.891292752 0
62 F -341.289440035 0
62 G -340.389442098 0
62 H -350.966393762 0
62 I -351.737653584 0
62 K -349.425794976 0
62 L -357.14053809 1
62 M -352.814916812 0
62 N -350.315803718 0
62 P -269.428042323 0
62 Q -350.550051346 0
62 R -350.029069774 0
62 S -348.520088883 0
62 T -349.855289753 0
62 V -353.059256758 0
62 W -350.445920449 0
62 Y -339.924384791 0
63 A -360.49288925 0
63 C -357.045478951 0
63 D -361.065970068 0
63 E -351.177819417 0
63 F -331.686505574 0
63 G -357.666034819 0
63 H -348.670621478 0
63 I -351.833171147 0
63 K -343.658311307 0
63 L -345.087720913 0
63 M -346.726226092 0
63 N -355.541627034 0
63 P -272.409073281 0
63 Q -343.597277937 0
63 R -341.368811036 0
63 S -361.337924945 1
63 T -362.453540734 0
63 V -352.821393479 0
63 W -341.16563325 0
63 Y -330.796552053 0
64 A -354.539708978 0
64 C -352.116295663 0
64 D -354.906936655 0
64 E -356.483537892 0
64 F -352.931329096 0
64 G -353.882748948 0
64 H -354.110081472 0
64 I -351.709601944 0
64 K -355.888672796 0
64 L -356.23677667 0
64 M -355.436286875 0
64 N -354.517423244 0
64 P -353.046676837 0
64 Q -354.987618306 0
64 R -354.888308438 0
64 S -355.375290359 1
64 T -355.631504292 0
64 V -351.977419817 0
64 W -353.855151567 0
64 Y -357.152611747 0
65 A -353.561765572 0
65 C -349.153186533 0
65 D -354.954220409 0
65 E -356.292211606 0
65 F -353.053407766 0
65 G -356.308406851 0
65 H -351.28916105 0
65 I -350.270017854 0
65 K -354.403701085 0
65 L -355.166319803 0
65 M -353.307850867 0
65 N -352.396942437 0
65 P -330.833334745 0
65 Q -355.808241584 1
65 R -353.876234441 0
65 S -355.852838213 0
65 T -355.846791186 0
65 V -351.601607867 0
65 W -347.820221552 0
65 Y -352.864486285 0
66 A -356.89710361 0
66 C -353.506529748 0
66 D -358.189758586 0
66 E -358.284794345 0
66 F -357.605544062 0
66 G -354.927610363 0
66 H -357.634395682 0
66 I -356.484155031 0
66 K -356.809184641 0
66 L -355.60769306 0
66 M -356.215328831 0
66 N -356.025287318 0
66 P -358.320206737 1
66 Q -355.226538715 0
66 R -356.628044884 0
66 S -357.968140309 0
66 T -356.599705915 0
66 V -355.300752811 0
66 W -356.689206629 0
66 Y -357.415189435 0
67 A -352.926238618 0
67 C -321.147020495 0
67 D -324.549801418 0
67 E -323.393451582 0
67 F -271.682654072 0
67 G -355.509710515 1
67 H -306.50082407 0
67 I -319.552552728 0
67 K -290.320061126 0
67 L -293.094626735 0
67 M -305.607714827 0
67 N -351.928459857 0
67 P -357.432660536 0
67 Q -309.908760516 0
67 R -301.736241408 0
67 S -345.722626848 0
67 T -311.21072714 0
67 V -320.421813741 0
67 W -190.033598207 0
67 Y -258.485351063 0
68 A -352.620075774 0
68 C -348.893006337 0
68 D -354.248137051 0
68 E -354.913249506 0
68 F -353.216116121 0
68 G -351.465233182 0
68 H -354.088488573 0
68 I -351.026408078 0
68 K -353.755811356 0
68 L -352.801799136 0
68 M -355.809813778 0
68 N -351.180867635 0
68 P -296.01435046 0
68 Q -352.269797125 0
68 R -353.066136045 0
68 S -353.069653163 0
68 T -352.622905632 1
68 V -352.69139201 0
68 W -352.642922144 0
68 Y -353.418373048 0
69 A -345.242745904 0
69 C -344.837500702 0
69 D -352.485318917 1
69 E -345.075689345 0
69 F -348.270007907 0
69 G -342.120815429 0
69 H -349.022131972 0
69 I -347.504527527 0
69 K -346.936465626 0
69 L -350.658380007 0
69 M -345.49616188 0
69 N -346.765859804 0
69 P -328.946059543 0
69 Q -345.798082338 0
69 R -345.446043042 0
69 S -345.881917248 0
69 T -347.263674648 0
69 V -348.353616865 0
69 W -347.852345545 0
69 Y -348.380055348 0
70 A -346.385120146 0
70 C -344.421323364 0
70 D -348.348259538 1
70 E -348.640236515 0
70 F -346.250259253 0
70 G -346.241026878 0
70 H -349.308537268 0
70 I -345.269710887 0
70 K -347.932142905 0
70 L -347.634538839 0
70 M -346.483682978 0
70 N -347.091624209 0
70 P -347.491000303 0
70 Q -346.672832529 0
70 R -347.225741669 0
70 S -348.700999146 0
70 T -347.816556983 0
70 V -345.239138296 0
70 W -347.901567608 0
70 Y -346.140457933 0
71 A -343.104719498 0
71 C -340.374898626 0
71 D -341.387183537 0
71 E -342.781440551 0
71 F -340.696366683 0
71 G -341.671127345 0
71 H -343.68412421 0
71 I -335.90734993 0
71 K -345.150901642 0
71 L -343.165678597 0
71 M -341.713882902 0
71 N -344.040793071 0
71 P -320.662300955 0
71 Q -343.543511013 0
71 R -354.243554667 1
71 S -344.859579849 0
71 T -343.162191029 0
71 V -336.846316327 0
71 W -341.629410187 0
71 Y -340.277433695 0
72 A -344.095302959 0
72 C -344.745578307 0
72 D -343.225308505 0
72 E -335.224310965 0
72 F -33.7232571496 0
72 G -339.861139964 0
72 H -266.197932351 0
72 I -331.480463476 0
72 K -290.73506505 0
72 L -346.028444312 0
72 M -332.64424687 0
72 N -339.303348468 0
72 P -316.375186565 0
72 Q -329.38030694 0
72 R -293.943911532 0
72 S -343.121420424 0
72 T -347.378021046 0
72 V -350.362326299 1
72 W -55.7242169424 0
72 Y -272.197584913 0
73 A -349.774380643 0
73 C -349.800484535 0
73 D -350.124576765 0
73 E -351.026785942 0
73 F -351.465561844 0
73 G -346.611213844 0
73 H -353.274269421 0
73 I -351.527298608 0
73 K -352.234167502 0
73 L -353.274806061 0
73 M -351.123843093 0
73 N -350.014058306 0
73 P -277.832714551 0
73 Q -351.414945334 0
73 R -353.310620274 0
73 S -350.117032014 0
73 T -351.86510269 1
73 V -352.824041937 0
73 W -351.756673361 0
73 Y -350.757153166 0
74 A -335.927524152 0
74 C -337.761362354 0
74 D -336.753567357 0
74 E -348.020120846 0
74 F -352.549849003 0
74 G -333.233953996 0
74 H -344.40926776 0
74 I -345.317918025 0
74 K -335.178949362 0
74 L -343.924541598 0
74 M -350.990825465 0
74 N -339.241664585 0
74 P -332.156635807 0
74 Q -344.590362705 0
74 R -347.558466984 0
74 S -340.500508383 0
74 T -343.205563328 0
74 V -344.377971099 0
74 W -359.131056867 1
74 Y -351.349070931 0
75 A -348.270341254 0
75 C -349.108794326 0
75 D -344.527481317 0
75 E -345.303933845 0
75 F -333.391002119 0
75 G -344.559714923 0
75 H -334.67828524 0
75 I -338.299844961 0
75 K -346.124758292 0
75 L -340.597359417 0
75 M -344.378799108 0
75 N -346.196079232 0
75 P -317.612460727 0
75 Q -345.544587433 0
75 R -351.277111714 0
75 S -347.364290046 0
75 T -350.874614224 0
75 V -355.196126501 1
75 W -340.49261788 0
75 Y -336.453249618 0
76 A -351.113110623 0
76 C -355.624883864 0
76 D -353.625799237 0
76 E -357.712091265 0
76 F -356.6267355 0
76 G -350.920647932 0
76 H -360.236148043 0
76 I -354.425867619 0
76 K -359.260861305 1
76 L -356.367580349 0
76 M -357.023278336 0
76 N -357.298204964 0
76 P -346.490582868 0
76 Q -357.131807196 0
76 R -358.263032966 0
76 S -351.602384547 0
76 T -352.155627438 0
76 V -355.163091499 0
76 W -354.363071596 0
76 Y -356.992933377 0
77 A -353.530723553 0
77 C -350.978951033 0
77 D -354.950369771 0
77 E -353.298766671 0
77 F -353.001078316 0
77 G -351.384531907 0
77 H -354.113562741 0
77 I -346.88937396 0
77 K -352.933694473 0
77 L -351.301038307 0
77 M -352.693272145 0
77 N -352.762378327 0
77 P -310.740555041 0
77 Q -351.211414962 0
77 R -355.127096794 0
77 S -353.568172295 1
77 T -351.595621954 0
77 V -347.82182024 0
77 W -351.467668552 0
77 Y -352.554747944 0
78 A -350.71840365 0
78 C -350.626461725 0
78 D -349.403080561 0
78 E -351.008227698 0
78 F -345.560979597 0
78 G -348.881174772 0
78 H -338.377529812 0
78 I -352.339709732 0
78 K -349.721485734 0
78 L -351.604619199 0
78 M -350.796958251 0
78 N -350.81259013 0
78 P -348.749946754 0
78 Q -352.11653825 0
78 R -353.666980955 0
78 S -350.894006988 0
78 T -353.595782664 0
78 V -356.141063153 1
78 W -314.752981704 0
78 Y -343.014865996 0
79 A -347.920543075 0
79 C -344.66459628 0
79 D -350.169538994 1
79 E -350.988324101 0
79 F -345.701346392 0
79 G -346.924473092 0
79 H -348.11489528 0
79 I -347.015739557 0
79 K -348.649533438 0
79 L -348.804721121 0
79 M -348.492099575 0
79 N -348.277890802 0
79 P -334.443759057 0
79 Q -348.368650315 0
79 R -348.180548509 0
79 S -348.136901007 0
79 T -348.125940664 0
79 V -346.671478463 0
79 W -348.25862377 0
79 Y -345.968767423 0
80 A -347.916773833 0
80 C -343.609100031 0
80 D -347.4857014 0
80 E -350.196720275 1
80 F -342.662176336 0
80 G -345.075659051 0
80 H -345.453395955 0
80 I -344.164568358 0
80 K -346.461330467 0
80 L -345.975457111 0
80 M -345.589036933 0
80 N -345.807590646 0
80 P -298.493855939 0
80 Q -348.304445032 0
80 R -346.669526479 0
80 S -346.234981898 0
80 T -346.146403853 0
80 V -344.901426749 0
80 W -343.812720505 0
80 Y -342.610099534 0
81 A -354.025191593 1
81 C -344.265590497 0
81 D -315.695803948 0
81 E -327.287269193 0
81 F 113.172364757 0
81 G -348.524422949 0
81 H -232.919682083 0
81 I -234.216478098 0
81 K -290.200754072 0
81 L -253.685856956 0
81 M -317.506162364 0
81 N -318.188394718 0
81 P -81.8392758612 0
81 Q -325.553594815 0
81 R -188.804284193 0
81 S -349.137316989 0
81 T -344.79997982 0
81 V -294.410860749 0
81 W -70.0930901536 0
81 Y -152.353116946 0
82 A -344.578776345 0
82 C -345.460729191 0
82 D -347.823786723 0
82 E -348.068401922 0
82 F -345.573202123 0
82 G -342.49013808 0
82 H -345.611020203 0
82 I -350.506282844 1
82 K -346.274395511 0
82 L -351.623684002 0
82 M -346.716483759 0
82 N -347.045903208 0
82 P -159.43895301 0
82 Q -344.575138142 0
82 R -345.953341959 0
82 S -344.082747441 0
82 T -345.617103743 0
82 V -348.356745198 0
82 W -345.312657654 0
82 Y -344.9136977 0
83 A -349.199643053 1
83 C -345.914734342 0
83 D -347.810480641 0
83 E -348.779157872 0
83 F -346.103331633 0
83 G -347.613320013 0
83 H -347.666384709 0
83 I -346.772184259 0
83 K -348.489809666 0
83 L -348.249122188 0
83 M -347.119272529 0
83 N -348.080452089 0
83 P -76.4992599757 0
83 Q -347.46288731 0
83 R -347.896065738 0
83 S -347.788150441 0
83 T -347.796032395 0
83 V -344.066406777 0
83 W -347.209620206 0
83 Y -345.644288072 0
84 A -352.786850467 1
84 C -350.188773927 0
84 D -347.559533255 0
84 E -350.377769225 0
84 F -342.205567213 0
84 G -348.360252028 0
84 H -344.814056282 0
84 I -345.839334321 0
84 K -350.816546567 0
84 L -338.816229662 0
84 M -350.662920366 0
84 N -348.260109523 0
84 P -138.633902954 0
84 Q -350.178373565 0
84 R -348.92501963 0
84 S -350.152545322 0
84 T -344.911365272 0
84 V -347.670696454 0
84 W -325.618098648 0
84 Y -341.494402847 0
85 A -353.642583882 0
85 C -354.252798832 1
85 D -345.911283099 0
85 E -332.770111977 0
85 F -241.030474818 0
85 G -350.023559194 0
85 H -306.129523673 0
85 I -342.54390917 0
85 K -317.227434498 0
85 L -331.679887035 0
85 M -328.103035455 0
85 N -346.141234812 0
85 P -229.071820799 0
85 Q -329.286931881 0
85 R -254.897064328 0
85 S -351.533845815 0
85 T -352.500857541 0
85 V -305.220164845 0
85 W -29.4474327417 0
85 Y -260.441152355 0
86 A -340.83228346 0
86 C -337.040286114 0
86 D -343.500821263 0
86 E -339.834115685 0
86 F -333.594304665 0
86 G -350.144341073 1
86 H -339.211087893 0
86 I -323.787070708 0
86 K -342.888130463 0
86 L -338.877234876 0
86 M -337.064326718 0
86 N -344.353748667 0
86 P -194.629610794 0
86 Q -342.80368224 0
86 R -336.472979197 0
86 S -347.770162334 0
86 T -335.937479786 0
86 V -323.81570688 0
86 W -333.328930619 0
86 Y -334.725379511 0
87 A -346.331755076 0
87 C -345.299273594 0
87 D -349.082097793 1
87 E -348.484626991 0
87 F -347.180062461 0
87 G -342.074998542 0
87 H -347.997003788 0
87 I -349.453196647 0
87 K -348.316997415 0
87 L -348.877172731 0
87 M -346.256701534 0
87 N -348.649242342 0
87 P -340.997551211 0
87 Q -347.133294691 0
87 R -347.728058814 0
87 S -348.347069122 0
87 T -347.479008946 0
87 V -348.943945591 0
87 W -346.221653993 0
87 Y -346.843919437 0
88 A -345.994712438 0
88 C -344.926327153 0
88 D -338.323426417 0
88 E -346.503279951 0
88 F -332.975606403 0
88 G -341.792069602 0
88 H -343.658783347 0
88 I -345.123666782 0
88 K -347.670384002 0
88 L -345.1342645 0
88 M -346.701978103 0
88 N -344.661051686 0
88 P -308.107300619 0
88 Q -346.829906856 0
88 R -348.35847133 0
88 S -345.996726285 0
88 T -347.085955878 0
88 V -351.486607061 1
88 W -331.437553278 0
88 Y -334.693656982 0
89 A -348.582209624 0
89 C -346.163390881 0
89 D -350.34149129 0
89 E -352.266833827 0
89 F -348.836501293 0
89 G -348.103080573 0
89 H -350.097573621 0
89 I -347.366699153 0
89 K -349.683274088 0
89 L -348.118444615 0
89 M -347.549496892 0
89 N -348.420519944 0
89 P -350.008645528 1
89 Q -348.641296505 0
89 R -349.102598637 0
89 S -349.90034815 0
89 T -348.25456877 0
89 V -347.498953721 0
89 W -347.78956839 0
89 Y -347.830607043 0
90 A -345.000484163 0
90 C -346.584030912 0
90 D -345.636132555 0
90 E -354.925879685 1
90 F -264.571302871 0
90 G -342.269102186 0
90 H -325.928151995 0
90 I -347.064063155 0
90 K -341.733807845 0
90 L -347.620567017 0
90 M -345.426103618 0
90 N -345.018291328 0
90 P -300.911616083 0
90 Q -348.349211743 0
90 R -342.877455929 0
90 S -345.027817696 0
90 T -346.428417157 0
90 V -346.899470469 0
90 W -309.177380467 0
90 Y -246.26984626 0
91 A -339.879427817 0
91 C -337.027550311 0
91 D -334.820124963 0
91 E -338.108768579 0
91 F -328.236623752 0
91 G -332.353423206 0
91 H -331.341832098 0
91 I -346.570635065 1
91 K -338.038693909 0
91 L -337.722884914 0
91 M -342.323672232 0
91 N -341.032089925 0
91 P -232.541217613 0
91 Q -339.403725772 0
91 R -343.361591295 0
91 S -339.817053897 0
91 T -342.074652713 0
91 V -344.161718028 0
91 W -327.31278155 0
91 Y -319.725232074 0
92 A -343.153789846 0
92 C -342.235128009 0
92 D -343.757760958 0
92 E -344.111441515 0
92 F -250.644680219 0
92 G -338.177217203 0
92 H -338.825548908 0
92 I -352.198575895 0
92 K -341.271202591 0
92 L -352.134847454 0
92 M -353.686134851 1
92 N -345.97867521 0
92 P -296.047202132 0
92 Q -345.955487398 0
92 R -335.535706041 0
92 S -342.396329272 0
92 T -340.133533952 0
92 V -345.919947109 0
92 W -326.529938018 0
92 Y -265.825274381 0
93 A -343.059541493 0
93 C -344.118158175 0
93 D -340.870228027 0
93 E -335.526519675 0
93 F -328.0129058 0
93 G -337.830851366 0
93 H -331.162648073 0
93 I -350.192191334 0
93 K -329.81736433 0
93 L -342.026539385 0
93 M -342.529049729 0
93 N -342.537687487 0
93 P -190.941379142 0
93 Q -330.699725235 0
93 R -328.700868706 0
93 S -342.655000681 0
93 T -345.866381364 0
93 V -352.081433009 1
93 W -279.292715843 0
93 Y -325.120985209 0
94 A -344.67194731 0
94 C -345.357535478 0
94 D -344.84992528 0
94 E -342.169780113 0
94 F -344.890475807 0
94 G -342.191527199 0
94 H -341.05831437 0
94 I -352.103933292 1
94 K -330.243592812 0
94 L -343.945822297 0
94 M -341.0384816 0
94 N -345.543640013 0
94 P -183.346897071 0
94 Q -343.04626413 0
94 R -340.466401163 0
94 S -344.459882653 0
94 T -347.749741847 0
94 V -348.257791513 0
94 W -301.473393866 0
94 Y -341.029911978 0
95 A -324.715170507 0
95 C -297.369019395 0
95 D -310.840316064 0
95 E -305.558869283 0
95 F -263.98468158 0
95 G -356.830917467 1
95 H -114.076547911 0
95 I -280.320998736 0
95 K -318.513814466 0
95 L -273.303685157 0
95 M -315.611742334 0
95 N -314.676242299 0
95 P -278.989704089 0
95 Q -298.335917152 0
95 R -322.462592791 0
95 S -327.132139199 0
95 T -307.553511424 0
95 V -284.608089923 0
95 W 121.755943489 0
95 Y -23.8831537393 0
96 A -350.03438012 0
96 C -348.339289997 0
96 D -356.652286859 0
96 E -351.404102001 0
96 F -352.799165893 0
96 G -355.980805721 1
96 H -356.08792109 0
96 I -347.994134491 0
96 K -348.695285875 0
96 L -346.723803518 0
96 M -348.626511191 0
96 N -354.318064646 0
96 P -381.788772419 0
96 Q -351.03481884 0
96 R -344.154855697 0
96 S -355.495768228 0
96 T -354.851049012 0
96 V -348.385494494 0
96 W -350.69767095 0
96 Y -354.012620607 0
97 A -348.052844039 0
97 C -343.926683223 0
97 D -338.165140652 0
97 E -331.662547209 0
97 F -329.741116317 0
97 G -348.109797624 1
97 H -341.885487864 0
97 I -314.768035962 0
97 K -342.810948791 0
97 L -318.149321834 0
97 M -345.465590571 0
97 N -341.335615201 0
97 P -335.883884061 0
97 Q -332.547565395 0
97 R -343.509250775 0
97 S -343.258687575 0
97 T -345.594732918 0
97 V -348.320924792 0
97 W -345.209062044 0
97 Y -328.348061127 0
98 A -354.735837962 0
98 C -351.845644753 0
98 D -355.374405865 0
98 E -358.215322797 0
98 F -352.992762894 0
98 G -353.752382223 0
98 H -354.729781055 0
98 I -351.095661908 0
98 K -355.809850542 0
98 L -355.896654665 0
98 M -354.003242125 0
98 N -354.367630201 0
98 P -344.056052433 0
98 Q -354.812754479 0
98 R -355.994107109 1
98 S -355.93289265 0
98 T -355.06233542 0
98 V -352.329247575 0
98 W -352.951466398 0
98 Y -352.896115738 0
99 A -360.82957852 0
99 C -359.452470284 0
99 D -363.420718476 0
99 E -366.912448888 0
99 F -216.039252178 0
99 G -354.944688894 0
99 H -337.606287306 0
99 I -364.61381518 0
99 K -357.185676691 0
99 L -361.857647202 0
99 M -358.643454644 0
99 N -361.975585943 0
99 P -329.079036646 0
99 Q -356.23464375 0
99 R -363.279512978 0
99 S -358.993548551 0
99 T -361.837702756 0
99 V -365.051780932 1
99 W -326.40031661 0
99 Y -213.800366179 0
100 A -352.364994952 0
100 C -351.26618688 0
100 D -352.697135538 0
100 E -354.241537542 0
100 F -359.690009845 0
100 G -348.319866271 0
100 H -356.709953741 0
100 I -351.091678578 0
100 K -342.546195437 0
100 L -357.718997188 0
100 M -354.676927173 0
100 N -353.798999505 0
100 P -106.731461406 0
100 Q -353.501578752 0
100 R -332.747398913 0
100 S -350.397399719 0
100 T -349.884170187 0
100 V -332.527971668 0
100 W -353.540840781 0
100 Y -358.420241203 1
101 A -359.546372035 0
101 C -355.7450986 0
101 D -356.409908116 0
101 E -362.628101409 1
101 F -356.377304966 0
101 G -357.055313222 0
101 H -357.521274923 0
101 I -357.457505736 0
101 K -359.354414565 0
101 L -354.830616475 0
101 M -358.092818981 0
101 N -356.35033414 0
101 P -85.8788707352 0
101 Q -358.816858582 0
101 R -357.792571646 0
101 S -358.468964699 0
101 T -357.542938571 0
101 V -357.034715998 0
101 W -358.046328388 0
101 Y -356.392589327 0
102 A -361.629109638 0
102 C -358.980789509 0
102 D -364.27126339 0
102 E -365.612955347 0
102 F -360.989246649 0
102 G -359.038832976 0
102 H -361.178372837 0
102 I -342.969373329 0
102 K -365.789798448 0
102 L -366.14086187 0
102 M -366.898569791 0
102 N -364.608887141 0
102 P -196.075332307 0
102 Q -365.046526487 1
102 R -365.796065563 0
102 S -360.298856621 0
102 T -361.373127904 0
102 V -345.228810098 0
102 W -363.939468478 0
102 Y -359.413582018 0
103 A -355.374751561 0
103 C -355.238859059 0
103 D -357.006737458 0
103 E -360.383996819 0
103 F -369.343329217 1
103 G -351.9271367 0
103 H -364.328244447 0
103 I -357.144857378 0
103 K -355.56151177 0
103 L -362.412956319 0
103 M -359.991653883 0
103 N -361.473442798 0
103 P -233.792011622 0
103 Q -357.136904439 0
103 R -352.605025757 0
103 S -354.719604981 0
103 T -355.194019184 0
103 V -352.236458727 0
103 W -362.557700029 0
103 Y -365.859440076 0
104 A -357.701604691 0
104 C -345.803447297 0
104 D -348.958165409 0
104 E -349.000007076 0
104 F -353.120629548 0
104 G -346.430668096 0
104 H -352.161001409 0
104 I -346.883469962 0
104 K -349.352858587 0
104 L -362.500139626 1
104 M -352.737690119 0
104 N -350.303168423 0
104 P -218.003974215 0
104 Q -349.390581273 0
104 R -349.835329063 0
104 S -347.371413685 0
104 T -348.225360351 0
104 V -324.372247304 0
104 W -351.717376029 0
104 Y -354.151068232 0
105 A -360.514776606 0
105 C -357.784417257 0
105 D -361.930725089 0
105 E -361.859234433 0
105 F -358.207388148 0
105 G -359.947099052 0
105 H -359.525559716 0
105 I -359.058377509 0
105 K -361.521018564 0
105 L -360.262921359 0
105 M -360.027418366 0
105 N -360.543029429 0
105 P -360.961501624 1
105 Q -359.232219095 0
105 R -360.947284593 0
105 S -361.806804805 0
105 T -359.483424463 0
105 V -357.900462135 0
105 W -359.273229551 0
105 Y -357.910657517 0
106 A -355.29136909 0
106 C -354.645293244 0
106 D -357.083137673 0
106 E -358.125069135 0
106 F -356.889296794 0
106 G -354.286229632 0
106 H -358.275278613 0
106 I -350.133564109 0
106 K -359.331693085 1
106 L -358.454286544 0
106 M -358.393916978 0
106 N -357.077577159 0
106 P -178.000596421 0
106 Q -357.384163139 0
106 R -361.599928488 0
106 S -355.987357417 0
106 T -356.823694519 0
106 V -351.74950099 0
106 W -355.989008609 0
106 Y -356.669427438 0
107 A -358.24991682 1
107 C -345.357269966 0
107 D -338.263592052 0
107 E -329.995775737 0
107 F -236.066126086 0
107 G -352.34982753 0
107 H -195.064690906 0
107 I -293.528788655 0
107 K -309.062781464 0
107 L -320.75967127 0
107 M -287.318323583 0
107 N -332.919642724 0
107 P -10.1743134232 0
107 Q -327.018649118 0
107 R -165.621598275 0
107 S -354.371336754 0
107 T -350.863800011 0
107 V -341.988445933 0
107 W -241.637381405 0
107 Y -205.461738024 0
108 A -352.250929113 0
108 C -352.08275411 0
108 D -352.762059499 0
108 E -354.01076113 0
108 F -354.237711235 0
108 G -352.563154438 0
108 H -354.700837389 0
108 I -353.067039438 0
108 K -354.742768523 0
108 L -351.909032176 0
108 M -352.804028223 0
108 N -351.952289868 0
108 P -279.338551552 0
108 Q -354.554662146 1
108 R -353.465491921 0
108 S -354.137147396 0
108 T -354.641245118 0
108 V -353.754232698 0
108 W -353.264433044 0
108 Y -355.009198014 0
109 A -359.914261839 0
109 C -358.113214533 0
109 D -352.401048208 0
109 E -357.503925506 0
109 F -355.850522498 0
109 G -355.196083957 0
109 H -355.699262447 0
109 I -361.363729498 0
109 K -359.55314311 1
109 L -360.578822347 0
109 M -361.09604838 0
109 N -357.139211544 0
109 P -304.919103572 0
109 Q -358.288403817 0
109 R -362.553547175 0
109 S -358.588294984 0
109 T -359.851192761 0
109 V -363.077258875 0
109 W -353.848939977 0
109 Y -355.289317053 0
110 A -345.527109432 0
110 C -353.143277196 0
110 D -347.084845885 0
110 E -350.389966129 0
110 F -338.018696394 0
110 G -340.65646153 0
110 H -351.262826002 0
110 I -353.298859981 0
110 K -345.609980999 0
110 L -360.990397638 1
110 M -354.573285435 0
110 N -350.765766403 0
110 P -308.13282726 0
110 Q -352.650308875 0
110 R -338.344762793 0
110 S -348.974697847 0
110 T -348.867271916 0
110 V -351.955559901 0
110 W -341.138156475 0
110 Y -336.181734058 0
111 A -346.246518083 0
111 C -345.069446209 0
111 D -346.91718214 0
111 E -345.761758677 0
111 F -350.122549712 0
111 G -338.970729575 0
111 H -350.456697122 0
111 I -349.847170762 0
111 K -345.253260728 0
111 L -351.539726146 0
111 M -347.950710225 0
111 N -348.692577142 0
111 P -268.121337376 0
111 Q -345.674464632 0
111 R -348.179929798 0
111 S -346.142794669 0
111 T -340.917523054 0
111 V -350.031758532 0
111 W -351.234459235 0
111 Y -350.424940518 1
112 A -343.830397632 0
112 C -345.614784146 0
112 D -344.186156587 0
112 E -345.244864638 0
112 F -347.179018042 0
112 G -339.778203085 0
112 H -349.104834028 0
112 I -353.528203006 0
112 K -340.080994652 0
112 L -355.311796314 1
112 M -346.165946521 0
112 N -346.938620191 0
112 P -281.691580733 0
112 Q -346.966657636 0
112 R -326.447547665 0
112 S -344.326139565 0
112 T -345.998980538 0
112 V -350.298589499 0
112 W -330.903763823 0
112 Y -344.858964407 0
113 A -350.805327053 0
113 C -351.702861398 0
113 D -344.09674254 0
113 E -335.387278647 0
113 F -261.437305305 0
113 G -343.472640864 0
113 H -328.17872004 0
113 I -351.507661839 0
113 K -335.713672207 0
113 L -340.799722336 0
113 M -345.624393934 0
113 N -350.437813555 0
113 P -255.984980666 0
113 Q -344.254237127 0
113 R -335.542201844 0
113 S -349.67025897 0
113 T -353.300919342 1
113 V -352.500227923 0
113 W -246.758820077 0
113 Y -238.884035205 0
114 A -342.792454148 0
114 C -341.584486986 0
114 D -343.514399865 0
114 E -345.306521445 0
114 F -348.209245436 0
114 G -341.688499037 0
114 H -349.818668978 1
114 I -347.71397085 0
114 K -346.230988389 0
114 L -347.507518854 0
114 M -345.124785921 0
114 N -346.027703239 0
114 P -250.585436314 0
114 Q -344.9986231 0
114 R -344.736810882 0
114 S -344.255835223 0
114 T -344.823832851 0
114 V -346.294209074 0
114 W -346.659182873 0
114 Y -345.56758144 0
115 A -337.786721486 0
115 C -339.171181615 0
115 D -335.934797731 0
115 E -332.232889191 0
115 F -328.707630401 0
115 G -331.893811814 0
115 H -336.859928185 0
115 I -348.94629246 1
115 K -326.59485091 0
115 L -341.115171707 0
115 M -337.481702969 0
115 N -340.142249836 0
115 P -186.464248742 0
115 Q -335.514413499 0
115 R -320.848184759 0
115 S -337.399275521 0
115 T -341.215814314 0
115 V -346.578310219 0
115 W -300.560743419 0
115 Y -314.181873077 0
116 A -348.224559564 0
116 C -345.781342527 0
116 D -349.438309249 1
116 E -350.019362975 0
116 F -349.614125976 0
116 G -346.746963074 0
116 H -349.733900142 0
116 I -345.445508333 0
116 K -348.853353711 0
116 L -349.161041692 0
116 M -347.764485131 0
116 N -348.802892626 0
116 P -192.194917982 0
116 Q -347.779371618 0
116 R -348.057855457 0
116 S -347.863168528 0
116 T -345.581563471 0
116 V -346.464709431 0
116 W -349.82472653 0
116 Y -348.913926059 0
117 A -349.709210183 1
117 C -348.35123128 0
117 D -345.834072779 0
117 E -340.808481163 0
117 F -293.753657849 0
117 G -343.043008218 0
117 H -344.465580293 0
117 I -351.358009188 0
117 K -336.561341734 0
117 L -344.023374245 0
117 M -343.661985773 0
117 N -347.400736296 0
117 P -176.042495017 0
117 Q -343.938349373 0
117 R -339.75196507 0
117 S -348.458094355 0
117 T -346.337673362 0
117 V -351.092971662 0
117 W -334.241225104 0
117 Y -328.293515725 0
118 A -348.180825405 0
118 C -347.17176379 0
118 D -350.851890371 0
118 E -350.332575834 1
118 F -350.383017623 0
118 G -344.891560255 0
118 H -350.73016054 0
118 I -351.303600725 0
118 K -351.58331743 0
118 L -350.618154516 0
118 M -348.122289538 0
118 N -350.272503713 0
118 P -344.856661367 0
118 Q -347.986141842 0
118 R -350.935213252 0
118 S -349.793179226 0
118 T -349.266279594 0
118 V -351.227685189 0
118 W -350.055442886 0
118 Y -350.282314905 0
119 A -343.508908019 0
119 C -344.943230275 0
119 D -341.626699833 0
119 E -339.25956604 0
119 F -339.802970866 0
119 G -337.599216924 0
119 H -343.088445846 0
119 I -347.861237092 0
119 K -339.194358328 0
119 L -325.000142072 0
119 M -339.931108377 0
119 N -342.359286445 0
119 P -257.145055454 0
119 Q -336.031444678 0
119 R -330.613322144 0
119 S -343.07552901 0
119 T -346.080219196 0
119 V -350.396786415 1
119 W -336.539622767 0
119 Y -342.83387578 0
120 A -347.822035611 0
120 C -346.181876891 0
120 D -349.315290243 0
120 E -349.740861287 1
120 F -348.032430428 0
120 G -346.885749393 0
120 H -349.380684154 0
120 I -348.721822038 0
120 K -349.364754853 0
120 L -349.026216839 0
120 M -347.754541874 0
120 N -348.553093871 0
120 P -349.781469357 0
120 Q -347.694509942 0
120 R -348.749102763 0
120 S -349.111726886 0
120 T -348.319767663 0
120 V -348.628397061 0
120 W -348.646836199 0
120 Y -347.996475858 0
121 A -342.68754859 0
121 C -339.744384092 0
121 D -341.985832724 0
121 E -344.747884566 0
121 F -266.211667692 0
121 G -349.199151925 1
121 H -328.460759513 0
121 I -319.803874725 0
121 K -335.899493842 0
121 L -237.466305501 0
121 M -341.040942237 0
121 N -340.688101476 0
121 P -249.406601074 0
121 Q -340.279267235 0
121 R -337.873346663 0
121 S -340.389765516 0
121 T -322.640711737 0
121 V -321.880226968 0
121 W -147.999049966 0
121 Y -170.529296053 0
122 A -346.111990491 0
122 C -344.397509953 0
122 D -349.240208936 1
122 E -348.969495619 0
122 F -346.315757527 0
122 G -345.266074174 0
122 H -347.044927989 0
122 I -345.871902061 0
122 K -348.732784955 0
122 L -348.917461054 0
122 M -346.681704339 0
122 N -347.668671872 0
122 P -338.024317476 0
122 Q -347.571919863 0
122 R -347.962008309 0
122 S -347.666077711 0
122 T -346.116269694 0
122 V -345.686230569 0
122 W -345.892281629 0
122 Y -346.54346431 0
123 A -347.720882226 0
123 C -345.876450218 0
123 D -346.202550127 0
123 E -353.08714387 0
123 F -343.124521777 0
123 G -344.927303574 0
123 H -346.377315669 0
123 I -349.113632735 0
123 K -349.44428253 0
123 L -344.195723966 0
123 M -351.503385085 0
123 N -346.280447883 0
123 P -325.556714754 0
123 Q -351.905026286 0
123 R -348.143832839 0
123 S -347.624448853 0
123 T -347.688600088 1
123 V -349.371220622 0
123 W -352.332237003 0
123 Y -343.493189611 0
124 A -345.383839109 0
124 C -344.664129592 0
124 D -344.238456086 0
124 E -345.614620447 0
124 F -348.695324769 0
124 G -342.855992674 0
124 H -348.642109486 1
124 I -346.384441474 0
124 K -347.21721215 0
124 L -347.364320721 0
124 M -345.688309554 0
124 N -344.888830839 0
124 P -334.728699005 0
124 Q -346.187403024 0
124 R -347.733254714 0
124 S -345.616915175 0
124 T -347.977493 0
124 V -347.879788399 0
124 W -344.521531166 0
124 Y -347.994546412 0
125 A -344.404930272 0
125 C -342.309505461 0
125 D -342.848250391 0
125 E -343.050019386 0
125 F -358.023483885 1
125 G -339.870768159 0
125 H -355.773661898 0
125 I -339.483388828 0
125 K -340.934901209 0
125 L -345.148457191 0
125 M -351.360190341 0
125 N -344.084526835 0
125 P -163.112649501 0
125 Q -342.776152652 0
125 R -340.313344222 0
125 S -343.567222191 0
125 T -339.622391144 0
125 V -337.330637626 0
125 W -342.819151767 0
125 Y -355.736742876 0
126 A -354.052986364 0
126 C -351.867971504 0
126 D -350.099594559 0
126 E -351.91493595 0
126 F -350.220270203 0
126 G -351.676623003 0
126 H -353.147944196 0
126 I -352.480674351 0
126 K -350.37212327 0
126 L -346.046558842 0
126 M -353.191767623 0
126 N -349.218220343 0
126 P -357.618275147 1
126 Q -352.158707053 0
126 R -353.700367224 0
126 S -352.41603587 0
126 T -352.181197192 0
126 V -350.070174981 0
126 W -350.678857946 0
126 Y -350.7957312 0
127 A -353.633610109 0
127 C -352.948213214 0
127 D -334.578661051 1
127 E -354.745679659 0
127 F -354.646892873 0
127 G -351.779624411 0
127 H -355.459595008 0
127 I -351.948319205 0
127 K -355.315815956 0
127 L -355.511508497 0
127 M -353.487436732 0
127 N -353.958056276 0
127 P -354.141977519 0
127 Q -354.415765871 0
127 R -353.97132955 0
127 S -353.881276663 0
127 T -354.450879978 0
127 V -351.52614299 0
127 W -353.547298733 0
127 Y -354.970206609 0
128 A -349.741645879 0
128 C -351.103051088 0
128 D -345.069097223 0
128 E -345.562490355 0
128 F -295.197051942 0
128 G -345.293556905 0
128 H -351.188221173 0
128 I -353.223647748 0
128 K -344.800711706 0
128 L -338.351199798 0
128 M -348.80641409 0
128 N -348.324637687 0
128 P -335.163553372 0
128 Q -348.977113845 0
128 R -349.04663568 0
128 S -349.462628013 0
128 T -351.635890579 0
128 V -352.576933281 0
128 W -291.345789568 0
128 Y -356.022711717 1
129 A -348.503527062 0
129 C -348.589416423 0
129 D -352.008679152 0
129 E -349.192725766 1
129 F -348.292267641 0
129 G -344.528181818 0
129 H -348.319153859 0
129 I -351.743566989 0
129 K -350.832821501 0
129 L -350.132015472 0
129 M -348.98629265 0
129 N -352.530250456 0
129 P -345.745040606 0
129 Q -349.385854503 0
129 R -351.620314439 0
129 S -349.279653435 0
129 T -350.14055521 0
129 V -351.969109649 0
129 W -348.120666742 0
129 Y -347.195619209 0
130 A -347.558890416 0
130 C -346.524052712 0
130 D -347.494858889 0
130 E -349.505459221 0
130 F -346.463804924 0
130 G -347.137526037 0
130 H -349.875507583 0
130 I -348.018125452 0
130 K -349.121164597 0
130 L -347.788675005 0
130 M -347.95778205 0
130 N -347.233884582 0
130 P -351.497214766 1
130 Q -348.265117959 0
130 R -348.595942979 0
130 S -349.518374309 0
130 T -349.618911175 0
130 V -347.768385775 0
130 W -348.019741729 0
130 Y -346.467920223 0
131 A -346.763686827 0
131 C -343.728661375 0
131 D -346.20252628 1
131 E -346.464792954 0
131 F -345.310409933 0
131 G -345.725203707 0
131 H -346.06536495 0
131 I -344.352995382 0
131 K -346.753531524 0
131 L -346.693977845 0
131 M -346.616967032 0
131 N -347.302593153 0
131 P -316.109644272 0
131 Q -346.339059056 0
131 R -345.790905369 0
131 S -345.411202194 0
131 T -345.569693155 0
131 V -345.098592425 0
131 W -345.051370909 0
131 Y -345.146089019 0
132 A -356.214091191 0
132 C -355.842870262 0
132 D -356.098684602 1
132 E -357.986296265 0
132 F -354.849722546 0
132 G -356.948784205 0
132 H -357.163736489 0
132 I -351.697185931 0
132 K -359.539949776 0
132 L -359.416751175 0
132 M -357.423718318 0
132 N -358.645443042 0
132 P -153.18380928 0
132 Q -358.402335703 0
132 R -359.312654271 0
132 S -358.209953488 0
132 T -357.591417571 0
132 V -352.607339971 0
132 W -356.247261423 0
132 Y -354.993389137 0
133 A -343.015536366 0
133 C -343.018867493 0
133 D -341.019005142 0
133 E -349.500778276 0
133 F -358.813184906 0
133 G -337.748788618 0
133 H -353.840971326 0
133 I -339.655606891 0
133 K -348.354263474 0
133 L -348.926908141 0
133 M -351.035673423 0
133 N -344.120426506 0
133 P -296.53214209 0
133 Q -350.881001647 0
133 R -351.064716465 0
133 S -342.160067399 0
133 T -344.733582098 0
133 V -345.459882264 0
133 W -363.857724898 1
133 Y -358.556177855 0
134 A -353.591464027 0
134 C -353.912229668 0
134 D -354.980131272 0
134 E -354.861549696 1
134 F -355.216934457 0
134 G -349.862972677 0
134 H -354.874664678 0
134 I -352.786380657 0
134 K -353.488025522 0
134 L -355.842327897 0
134 M -353.407098934 0
134 N -353.909556225 0
134 P -130.101533509 0
134 Q -354.054657425 0
134 R -353.287515786 0
134 S -354.119660365 0
134 T -351.640349728 0
134 V -355.198017741 0
134 W -350.90857411 0
134 Y -354.083862887 0
135 A -349.93099426 0
135 C -349.126980072 0
135 D -345.118103611 0
135 E -348.942753805 0
135 F -342.026576752 0
135 G -347.287509118 0
135 H -349.906312917 0
135 I -353.927578227 0
135 K -346.946855071 0
135 L -349.633737629 0
135 M -348.202120568 0
135 N -348.075047337 0
135 P -349.12606627 0
135 Q -348.381095605 0
135 R -350.876810753 0
135 S -351.601123119 1
135 T -350.796743678 0
135 V -353.5913289 0
135 W -291.562210787 0
135 Y -348.561867634 0
136 A -347.262310078 0
136 C -346.464068534 0
136 D -344.988697528 0
136 E -345.879532914 0
136 F -345.675785389 0
136 G -344.670284508 0
136 H -346.640724006 0
136 I -348.891294581 0
136 K -347.561519158 0
136 L -346.100342918 0
136 M -347.131352358 0
136 N -345.789418363 0
136 P -120.922285049 0
136 Q -345.464314003 0
136 R -347.606574729 0
136 S -347.214375192 0
136 T -348.827786135 0
136 V -349.81811373 1
136 W -345.869484623 0
136 Y -345.9017586 0
137 A -343.814420534 0
137 C -343.431250683 0
137 D -344.023643791 0
137 E -347.54243086 0
137 F -349.65319535 1
137 G -340.432869085 0
137 H -347.826256193 0
137 I -344.97868965 0
137 K -346.249039622 0
137 L -346.847597894 0
137 M -345.308705186 0
137 N -344.353299075 0
137 P -226.664875766 0
137 Q -344.874340707 0
137 R -355.219715676 0
137 S -344.451432542 0
137 T -343.46201838 0
137 V -347.486215315 0
137 W -345.685807424 0
137 Y -346.898588986 0
138 A -346.65611279 0
138 C -345.344861605 0
138 D -344.827987184 0
138 E -347.524605445 0
138 F -343.994190157 0
138 G -343.266253682 0
138 H -344.735149941 0
138 I -346.144700708 0
138 K -348.195297583 0
138 L -346.136068719 0
138 M -347.122744946 0
138 N -346.44831545 0
138 P -327.140356151 0
138 Q -346.162122646 0
138 R -348.82445739 0
138 S -348.244453463 1
138 T -345.246869771 0
138 V -347.346914066 0
138 W -342.200174006 0
138 Y -343.195243446 0
139 A -344.983120851 0
139 C -344.269129656 0
139 D -346.145518747 0
139 E -347.62791474 1
139 F -341.19417343 0
139 G -340.351283542 0
139 H -344.704105248 0
139 I -343.245066991 0
139 K -345.989143063 0
139 L -346.915101366 0
139 M -344.30228826 0
139 N -344.315903687 0
139 P -253.782665244 0
139 Q -346.293034302 0
139 R -345.231572812 0
139 S -346.127806597 0
139 T -344.260209891 0
139 V -341.287354027 0
139 W -346.000578593 0
139 Y -340.700930047 0
140 A -343.086347544 0
140 C -342.315185607 0
140 D -342.919420674 0
140 E -344.793431539 0
140 F -348.247218587 1
140 G -341.528621606 0
140 H -346.208754211 0
140 I -345.252790708 0
140 K -346.442346257 0
140 L -347.903427692 0
140 M -345.908075316 0
140 N -343.06296426 0
140 P -341.338157996 0
140 Q -344.436442716 0
140 R -346.217656168 0
140 S -344.167197227 0
140 T -344.342547702 0
140 V -345.563047517 0
140 W -345.507568413 0
140 Y -348.205406343 0
141 A -342.287725858 0
141 C -341.667939321 0
141 D -339.185737085 0
141 E -341.198067007 0
141 F -342.52523956 0
141 G -339.808773119 0
141 H -347.314544618 1
141 I -343.730381568 0
141 K -344.17896125 0
141 L -345.303544985 0
141 M -341.966974924 0
141 N -343.998140561 0
141 P -266.353862953 0
141 Q -343.298653078 0
141 R -345.807916012 0
141 S -342.113279531 0
141 T -341.525999841 0
141 V -344.369838925 0
141 W -345.028020109 0
141 Y -340.878716239 0
142 A -346.582265567 0
142 C -345.139796469 0
142 D -347.980225592 1
142 E -347.982372081 0
142 F -347.225911315 0
142 G -346.108520137 0
142 H -347.178675936 0
142 I -344.666406884 0
142 K -347.676788363 0
142 L -343.526854448 0
142 M -346.169997485 0
142 N -347.488531826 0
142 P -348.065106665 0
142 Q -346.384426597 0
142 R -346.942287472 0
142 S -347.889526118 0
142 T -348.614530923 0
142 V -345.415748526 0
142 W -347.530658799 0
142 Y -346.836559802 0
143 A -347.935291984 1
143 C -343.22564119 0
143 D -343.511809683 0
143 E -345.734209439 0
143 F 759.620104986 0
143 G -345.458630656 0
143 H -345.669296189 0
143 I -185.1693078 0
143 K -345.570785978 0
143 L -341.080146542 0
143 M -344.364227367 0
143 N -344.6581623 0
143 P -344.417895922 0
143 Q -344.950863217 0
143 R -346.662400375 0
143 S -347.190371263 0
143 T -342.177719287 0
143 V -312.037270783 0
143 W -344.426393086 0
143 Y -344.196100609 0
144 A -337.422815834 0
144 C -338.159713286 0
144 D -348.227548044 1
144 E -337.549287596 0
144 F -334.514856998 0
144 G -340.763042458 0
144 H -335.876871143 0
144 I -335.719447707 0
144 K -337.032754063 0
144 L -334.867307518 0
144 M -335.250964732 0
144 N -345.181396004 0
144 P -295.997827656 0
144 Q -334.505561799 0
144 R -337.244879179 0
144 S -342.476386233 0
144 T -341.526900018 0
144 V -337.0232704 0
144 W -332.338523409 0
144 Y -329.736440572 0
145 A -348.414109612 1
145 C -345.209158879 0
145 D -349.584747068 0
145 E -350.803966508 0
145 F -345.688101809 0
145 G -347.313508638 0
145 H -347.588306307 0
145 I -345.636585402 0
145 K -349.15385277 0
145 L -348.493816727 0
145 M -347.757163134 0
145 N -348.35556494 0
145 P -336.608392475 0
145 Q -347.948459981 0
145 R -348.517557419 0
145 S -348.680982269 0
145 T -347.396779203 0
145 V -346.264178026 0
145 W -346.622586963 0
145 Y -345.746675496 0
146 A -348.033137443 0
146 C -346.092096911 0
146 D -350.354709555 0
146 E -350.234010037 0
146 F -348.713371343 0
146 G -346.610401815 0
146 H -349.628652548 0
146 I -344.799616231 0
146 K -350.25426315 0
146 L -350.381941148 0
146 M -348.157393536 0
146 N -349.403745181 0
146 P -333.792001599 0
146 Q -348.557362598 1
146 R -349.285627371 0
146 S -348.554369405 0
146 T -347.813517507 0
146 V -345.275341863 0
146 W -347.906235033 0
146 Y -348.859595983 0
147 A -342.430849162 0
147 C -343.538114102 0
147 D -343.878663144 0
147 E -337.580417185 0
147 F -219.596639778 0
147 G -335.807434109 0
147 H -328.095620962 0
147 I -338.481465484 0
147 K -339.431121467 0
147 L -300.737678506 0
147 M -339.684424833 0
147 N -348.84523542 1
147 P -307.500741985 0
147 Q -338.471808107 0
147 R -335.381215672 0
147 S -341.428694295 0
147 T -340.642833304 0
147 V -332.163125121 0
147 W -252.203233596 0
147 Y -214.929555605 0
148 A -344.682072456 0
148 C -341.167916357 0
148 D -344.860793 0
148 E -345.437672317 0
148 F -342.259614783 0
148 G -342.832875664 0
148 H -343.809769764 0
148 I -340.709317488 0
148 K -343.825594955 0
148 L -343.672850846 0
148 M -343.850396224 0
148 N -343.64279674 0
148 P -149.412823036 0
148 Q -343.30849107 0
148 R -343.892979106 0
148 S -349.142045342 1
148 T -348.942989226 0
148 V -342.397146102 0
148 W -344.855006298 0
148 Y -341.653719799 0
149 A -345.0602747 0
149 C -343.84090331 0
149 D -344.325830157 0
149 E -343.116998083 0
149 F -347.437602379 0
149 G -340.709403167 0
149 H -350.86607019 1
149 I -340.305968766 0
149 K -347.062192836 0
149 L -336.925988701 0
149 M -342.872936154 0
149 N -346.410759537 0
149 P -309.441759796 0
149 Q -343.074329787 0
149 R -347.996493167 0
149 S -343.84547647 0
149 T -345.818352059 0
149 V -343.255736234 0
149 W -345.929330281 0
149 Y -347.269335082 0
150 A -349.18802828 0
150 C -346.464375903 0
150 D -345.692267306 0
150 E -344.892717327 0
150 F -320.150113177 0
150 G -346.524857254 0
150 H -306.66891595 0
150 I -318.313457857 0
150 K -319.644785757 0
150 L -310.397829644 0
150 M -334.174282938 0
150 N -341.539417588 0
150 P -349.538815102 0
150 Q -341.710774988 0
150 R -334.407814609 0
150 S -348.483351366 1
150 T -341.748093561 0
150 V -339.296993936 0
150 W -282.835152547 0
150 Y -316.38732506 0
151 A -342.779585205 0
151 C -341.586011517 0
151 D -338.010935333 0
151 E -342.762154854 0
151 F -350.634091784 0
151 G -338.264070641 0
151 H -347.373668009 0
151 I -346.020045274 0
151 K -338.18258466 0
151 L -346.611336753 0
151 M -343.100163215 0
151 N -342.48334841 0
151 P -301.733762986 0
151 Q -343.023980336 0
151 R -343.268608911 0
151 S -342.902094356 0
151 T -342.177470774 0
151 V -343.346911285 0
151 W -347.647846592 0
151 Y -349.480595609 1
152 A -347.84901799 0
152 C -347.969687142 1
152 D -342.782910146 0
152 E -348.113903052 0
152 F -283.20945491 0
152 G -343.631530805 0
152 H -337.169986059 0
152 I -343.768289338 0
152 K -348.01689034 0
152 L -349.550853179 0
152 M -348.915407771 0
152 N -346.812173447 0
152 P -177.705984497 0
152 Q -347.865490129 0
152 R -349.91543554 0
152 S -347.510915071 0
152 T -349.252496047 0
152 V -345.384139969 0
152 W -311.562872464 0
152 Y -178.338432675 0
153 A -340.853422255 0
153 C -341.135482861 0
153 D -346.135868277 0
153 E -348.422272066 0
153 F -355.93219061 1
153 G -337.774680246 0
153 H -344.291605238 0
153 I -336.693219055 0
153 K -343.230862995 0
153 L -341.169838746 0
153 M -350.359140107 0
153 N -342.366992202 0
153 P -255.558083795 0
153 Q -347.447751269 0
153 R -346.132446508 0
153 S -339.793281807 0
153 T -339.843925537 0
153 V -340.177033478 0
153 W -354.096305112 0
153 Y -345.633037575 0
154 A -349.630996996 0
154 C -350.049789673 0
154 D -344.295315764 0
154 E -354.424347921 1
154 F -333.193841879 0
154 G -345.377476113 0
154 H -337.993274883 0
154 I -349.340524065 0
154 K -350.066909891 0
154 L -327.037732516 0
154 M -352.28467214 0
154 N -347.994297894 0
154 P -279.785433758 0
154 Q -352.153922647 0
154 R -352.37441526 0
154 S -350.159737772 0
154 T -349.720428412 0
154 V -353.913468191 0
154 W -323.214688621 0
154 Y -332.86470383 0
155 A -346.816363107 0
155 C -350.204391407 0
155 D -350.412766221 0
155 E -353.758439671 0
155 F -339.451812048 0
155 G -346.28647263 0
155 H -349.578511965 0
155 I -356.774643858 1
155 K -350.400425372 0
155 L -353.402750459 0
155 M -351.911392404 0
155 N -351.601428794 0
155 P -311.800012583 0
155 Q -351.707546508 0
155 R -351.694375045 0
155 S -349.177826054 0
155 T -351.141205227 0
155 V -355.011642325 0
155 W -348.804962882 0
155 Y -334.121329676 0
156 A -354.462623999 0
156 C -354.395263143 0
156 D -349.670343736 0
156 E -353.404206617 0
156 F -337.684241541 0
156 G -350.199503113 0
156 H -341.931048637 0
156 I -347.763992673 0
156 K -350.540620722 0
156 L -361.603066646 1
156 M -357.476243254 0
156 N -353.547459376 0
156 P -317.474795465 0
156 Q -356.752656929 0
156 R -356.813997291 0
156 S -353.178350651 0
156 T -354.421656862 0
156 V -353.16453352 0
156 W -346.295644032 0
156 Y -332.325405802 0
157 A -353.742560991 0
157 C -353.630678402 0
157 D -356.991679756 0
157 E -359.489045425 1
157 F -353.639903537 0
157 G -352.950357692 0
157 H -353.317334784 0
157 I -354.547922963 0
157 K -354.851896865 0
157 L -352.386093244 0
157 M -354.92965719 0
157 N -353.276836852 0
157 P -287.89090275 0
157 Q -358.298389105 0
157 R -355.797537336 0
157 S -353.665064572 0
157 T -355.422292829 0
157 V -356.98110289 0
157 W -356.914132653 0
157 Y -354.09267172 0
158 A -356.935755265 0
158 C -353.842857108 0
158 D -353.061857245 0
158 E -356.629026512 0
158 F -357.733855436 0
158 G -354.040110374 0
158 H -358.862483419 0
158 I -354.621000634 0
158 K -362.690443844 0
158 L -356.495927324 0
158 M -354.933089006 0
158 N -355.13034516 0
158 P -19.6661525393 0
158 Q -358.582794947 0
158 R -362.791799321 1
158 S -355.44622181 0
158 T -351.446583683 0
158 V -352.164885066 0
158 W -357.200958848 0
158 Y -357.650473814 0
159 A -350.74514433 0
159 C -348.727113879 0
159 D -348.721018482 0
159 E -350.902778057 0
159 F -348.251130956 0
159 G -350.336180562 0
159 H -350.58721211 0
159 I -351.50642444 0
159 K -351.687686783 0
159 L -352.241780528 0
159 M -351.538462693 0
159 N -349.459684778 0
159 P -208.235482548 0
159 Q -349.722718413 0
159 R -352.520925534 1
159 S -351.923171027 0
159 T -350.007518239 0
159 V -352.394756899 0
159 W -348.016457528 0
159 Y -349.512425564 0
