1 A -203.368247404 0
1 C -201.228247497 0
1 D -206.164170726 0
1 E -204.15568575 0
1 F -202.552391446 0
1 G -204.069878752 0
1 H -204.578820938 0
1 I -200.62072327 0
1 K -203.849269142 0
1 L -203.927868274 0
1 M -202.657249965 1
1 N -204.153532225 0
1 P -207.078141547 0
1 Q -201.708505231 0
1 R -203.085603264 0
1 S -204.863661781 0
1 T -201.221850542 0
1 V -200.450615193 0
1 W -203.54869435 0
1 Y -202.315736933 0
2 A -198.612824079 0
2 C -198.78847002 0
2 D -199.913613004 0
2 E -201.755884195 0
2 F -199.602880637 0
2 G -195.836848498 0
2 H -199.644795745 0
2 I -204.684477141 1
2 K -199.629310325 0
2 L -201.540915438 0
2 M -202.390968294 0
2 N -199.419686921 0
2 P -196.000424928 0
2 Q -200.748835573 0
2 R -201.525296315 0
2 S -199.206979602 0
2 T -201.253819908 0
2 V -202.647320091 0
2 W -199.899564948 0
2 Y -199.498932667 0
3 A -201.291413692 0
3 C -200.881413363 0
3 D -202.31164791 0
3 E -202.976428443 0
3 F -205.628587259 0
3 G -198.96867191 0
3 H -203.914135674 0
3 I -204.847872922 0
3 K -204.255240916 1
3 L -205.79422683 0
3 M -204.819492936 0
3 N -202.453314029 0
3 P -195.990973088 0
3 Q -201.901359789 0
3 R -203.961918105 0
3 S -203.152480508 0
3 T -203.198298468 0
3 V -204.48653614 0
3 W -206.282672782 0
3 Y -205.130029982 0
4 A -194.941815325 0
4 C -197.226734754 0
4 D -191.851554169 0
4 E -189.786107273 0
4 F -193.611319975 0
4 G -189.621265516 0
4 H -187.117822674 0
4 I -200.589071802 0
4 K -182.512406663 0
4 L -195.755638808 0
4 M -192.352918265 0
4 N -195.722258876 0
4 P -124.273909242 0
4 Q -188.374776757 0
4 R -188.124485325 0
4 S -194.351473519 0
4 T -198.399143697 0
4 V -204.000245741 1
4 W -190.834533349 0
4 Y -192.398145033 0
5 A -200.325735753 0
5 C -200.182665536 0
5 D -198.47346006 0
5 E -203.737338646 1
5 F -186.943534041 0
5 G -196.802337835 0
5 H -201.101550873 0
5 I -202.497464189 0
5 K -198.657084902 0
5 L -199.88009754 0
5 M -200.475347856 0
5 N -197.051940259 0
5 P -146.601442137 0
5 Q -198.45789823 0
5 R -199.918538592 0
5 S -200.069215753 0
5 T -202.098025688 0
5 V -203.854905385 0
5 W -197.442315133 0
5 Y -160.76644432 0
6 A -193.933770816 0
6 C -195.139723263 0
6 D -191.317976647 0
6 E -190.599417622 0
6 F -196.390621807 0
6 G -188.635542528 0
6 H -197.024722392 0
6 I -204.075232569 1
6 K -184.820686911 0
6 L -199.112490922 0
6 M -194.342076772 0
6 N -194.07116829 0
6 P -137.142792717 0
6 Q -193.551096515 0
6 R -182.753258922 0
6 S -193.274005724 0
6 T -197.30016752 0
6 V -201.806442367 0
6 W -187.992576095 0
6 Y -193.913721319 0
7 A -199.958263902 0
7 C -196.9706724 0
7 D -195.490960435 0
7 E -201.137920481 0
7 F -197.91747884 0
7 G -198.972060385 0
7 H -198.802629591 0
7 I -194.08635338 0
7 K -202.538067811 1
7 L -200.959240094 0
7 M -199.831191735 0
7 N -197.641125544 0
7 P -191.604678247 0
7 Q -199.149238392 0
7 R -201.317628779 0
7 S -198.822892483 0
7 T -199.36467312 0
7 V -195.201843975 0
7 W -200.374350537 0
7 Y -196.813947998 0
8 A -199.543858051 0
8 C -196.36491554 0
8 D -201.093098111 0
8 E -203.096573878 0
8 F -198.099371822 0
8 G -198.952408894 0
8 H -200.855147895 0
8 I -197.849001791 0
8 K -200.493136479 0
8 L -199.327448405 0
8 M -198.778176585 0
8 N -199.50159831 0
8 P -200.444703987 1
8 Q -200.040230649 0
8 R -199.865060781 0
8 S -200.764626695 0
8 T -199.049014001 0
8 V -197.851187975 0
8 W -200.482307166 0
8 Y -198.737406394 0
9 A -199.133170713 0
9 C -197.721663077 0
9 D -200.75996912 0
9 E -201.494924453 0
9 F -197.670788134 0
9 G -198.695752877 0
9 H -199.21837841 0
9 I -197.012441938 0
9 K -201.112701202 0
9 L -199.860379621 0
9 M -199.803753683 0
9 N -199.927963414 0
9 P -182.113285195 0
9 Q -199.824499309 0
9 R -199.359138388 0
9 S -201.317894433 1
9 T -200.349033657 0
9 V -198.083955758 0
9 W -198.135824139 0
9 Y -197.66578619 0
10 A -196.534024895 0
10 C -197.637236021 0
10 D -199.200964002 0
10 E -199.211487424 0
10 F -200.551989223 0
10 G -194.633384006 0
10 H -200.520380125 0
10 I -102.488150261 0
10 K -196.255707364 0
10 L -202.481178086 0
10 M -198.396938766 0
10 N -199.421519085 0
10 P 55.4421971046 0
10 Q -203.711418933 1
10 R -198.144774824 0
10 S -196.318335922 0
10 T -198.982763131 0
10 V -140.627344065 0
10 W -190.035539236 0
10 Y -199.463419392 0
11 A -202.101291904 1
11 C -199.409139749 0
11 D -200.833014942 0
11 E -200.009017526 0
11 F -121.465198667 0
11 G -200.888412257 0
11 H -201.105760356 0
11 I -195.815197893 0
11 K -201.655489617 0
11 L -193.627439544 0
11 M -199.667481946 0
11 N -200.747917498 0
11 P -147.938796483 0
11 Q -201.202637194 0
11 R -201.719291522 0
11 S -203.790342039 0
11 T -191.003348706 0
11 V -196.59092303 0
11 W -97.9486652248 0
11 Y -181.760422034 0
12 A -200.784689372 0
12 C -199.895827577 0
12 D -201.387776739 0
12 E -202.809176126 0
12 F -203.072200523 0
12 G -199.985485101 0
12 H -202.446953073 0
12 I -202.245316876 0
12 K -203.203362236 0
12 L -203.252672783 0
12 M -201.305126164 0
12 N -201.718614511 0
12 P -192.594406681 0
12 Q -202.068075223 1
12 R -202.502275012 0
12 S -202.500231947 0
12 T -203.164583778 0
12 V -202.724709254 0
12 W -201.58128745 0
12 Y -203.214836105 0
13 A -201.969769012 0
13 C -200.327351091 0
13 D -200.115626938 0
13 E -200.032821147 0
13 F -204.723764886 1
13 G -198.353147269 0
13 H -203.881573182 0
13 I -193.008141527 0
13 K -199.497714147 0
13 L -203.003912285 0
13 M -201.277795153 0
13 N -200.408988426 0
13 P -192.089797107 0
13 Q -196.918311283 0
13 R -200.562716355 0
13 S -202.09501841 0
13 T -199.736895574 0
13 V -198.988998693 0
13 W -199.923607711 0
13 Y -203.87435086 0
14 A -204.437387782 0
14 C -203.363418041 0
14 D -206.66511338 0
14 E -206.404012187 0
14 F -204.880958675 0
14 G -204.45474022 0
14 H -205.558609985 0
14 I -206.583081024 0
14 K -206.709427303 0
14 L -206.703671615 0
14 M -204.884680438 0
14 N -205.05280384 0
14 P -104.609136114 0
14 Q -205.495249948 0
14 R -207.864059577 0
14 S -206.115415739 0
14 T -206.57311067 1
14 V -206.913908168 0
14 W -204.601760398 0
14 Y -205.041039088 0
15 A -208.372920492 0
15 C -207.426801513 0
15 D -205.289799046 0
15 E -208.473866037 0
15 F -206.931378083 0
15 G -204.723404156 0
15 H -161.855627685 0
15 I -206.492506556 0
15 K -209.04038275 0
15 L -205.294083388 0
15 M -209.000435209 0
15 N -205.842453299 0
15 P -195.914201287 0
15 Q -207.818731446 0
15 R -208.653832553 0
15 S -208.753729372 0
15 T -209.553598711 1
15 V -211.046855944 0
15 W -157.718098395 0
15 Y -206.926455758 0
16 A -206.935412058 0
16 C -205.727487799 0
16 D -205.86014404 0
16 E -207.953079579 0
16 F -207.938591384 0
16 G -205.443904839 0
16 H -208.4973428 0
16 I -208.57280925 0
16 K -209.818529856 0
16 L -209.115877724 0
16 M -207.232904538 0
16 N -207.154311034 0
16 P -179.600055701 0
16 Q -206.832396196 0
16 R -209.969912254 1
16 S -207.738500999 0
16 T -208.838484467 0
16 V -209.684735204 0
16 W -208.059682288 0
16 Y -208.237222217 0
17 A -206.108762593 0
17 C -205.788044242 0
17 D -204.654200648 0
17 E -206.405788933 0
17 F -206.784448385 0
17 G -204.909121815 0
17 H -206.767258115 0
17 I -207.498010141 0
17 K -206.728733734 0
17 L -203.518667575 0
17 M -205.411582485 0
17 N -205.323323978 0
17 P -191.117662222 0
17 Q -204.395989939 0
17 R -206.582247423 0
17 S -207.952634037 1
17 T -209.03249972 0
17 V -208.15292153 0
17 W -206.416221386 0
17 Y -206.494309286 0
18 A -202.029138554 0
18 C -196.246994638 0
18 D -203.652760899 0
18 E -191.872851297 0
18 F -199.351042359 0
18 G -208.623701709 1
18 H -198.179551389 0
18 I -180.568413283 0
18 K -191.956701225 0
18 L -188.624846729 0
18 M -190.882710015 0
18 N -201.981537917 0
18 P -172.918932797 0
18 Q -193.410263186 0
18 R -191.346363984 0
18 S -202.642261438 0
18 T -195.096955022 0
18 V -179.966668898 0
18 W -196.771021804 0
18 Y -190.184387465 0
19 A -200.184532462 0
19 C -199.382040602 0
19 D -199.59447311 0
19 E -202.265265044 0
19 F -203.191012939 0
19 G -197.059520623 0
19 H -202.620254143 0
19 I -204.60277154 0
19 K -202.08887613 0
19 L -200.507712733 0
19 M -201.547923013 0
19 N -200.9738895 0
19 P -187.328293343 0
19 Q -201.056516424 0
19 R -202.004548642 0
19 S -201.008150621 0
19 T -202.884975867 0
19 V -205.049528974 1
19 W -201.011929022 0
19 Y -202.255815104 0
20 A -203.790551544 0
20 C -202.971385077 0
20 D -206.512770797 0
20 E -204.999402973 0
20 F -200.026141784 0
20 G -204.011968096 0
20 H -203.588123115 0
20 I -197.952944624 0
20 K -203.62258466 0
20 L -205.192405826 0
20 M -204.176672641 0
20 N -203.664277516 0
20 P 58.4136963395 0
20 Q -203.195961682 0
20 R -204.703982734 0
20 S -204.721698287 1
20 T -204.149261032 0
20 V -198.923407436 0
20 W -203.393987893 0
20 Y -200.445856903 0
21 A -204.578430716 0
21 C -200.776667102 0
21 D -206.358709689 0
21 E -207.670798539 0
21 F -200.437542556 0
21 G -203.410540353 0
21 H -203.386006175 0
21 I -201.38116339 0
21 K -205.218908691 0
21 L -203.933438717 0
21 M -203.06921441 0
21 N -204.413542819 0
21 P -204.165274103 0
21 Q -204.276347979 0
21 R -204.930050397 1
21 S -204.890421929 0
21 T -203.949855518 0
21 V -202.779200225 0
21 W -202.308711884 0
21 Y -201.017331052 0
22 A -204.02107912 0
22 C -203.306489357 0
22 D -206.716964093 0
22 E -205.99095292 0
22 F -206.689310092 0
22 G -203.894650788 0
22 H -207.284033891 0
22 I -205.375707879 0
22 K -206.145140688 0
22 L -206.912924288 0
22 M -205.241925302 0
22 N -206.967272269 0
22 P -189.545056707 0
22 Q -204.483248166 1
22 R -205.901056454 0
22 S -205.538739316 0
22 T -206.558887318 0
22 V -205.471110085 0
22 W -205.72774445 0
22 Y -206.360823462 0
23 A -192.971813819 0
23 C -185.699148279 0
23 D -190.837170077 0
23 E -189.004405759 0
23 F -192.555346601 0
23 G -205.390105578 1
23 H -194.49355055 0
23 I -178.74993202 0
23 K -195.523363853 0
23 L -192.757222666 0
23 M -188.123482456 0
23 N -195.604126519 0
23 P -136.932447446 0
23 Q -188.539731497 0
23 R -192.603342702 0
23 S -196.846802743 0
23 T -186.531348745 0
23 V -179.186423031 0
23 W -191.043277561 0
23 Y -189.688864882 0
24 A -203.260527949 0
24 C -202.986031956 0
24 D -205.195277035 0
24 E -205.492149829 0
24 F -202.674948163 0
24 G -200.869028184 0
24 H -203.671758123 0
24 I -205.369933421 0
24 K -205.215294378 1
24 L -203.930575859 0
24 M -203.517417362 0
24 N -204.275806605 0
24 P -176.748881552 0
24 Q -203.584754404 0
24 R -204.421215633 0
24 S -203.999160908 0
24 T -204.504235196 0
24 V -205.485134974 0
24 W -203.266232142 0
24 Y -202.365832183 0
25 A -199.640540227 0
25 C -197.598840918 0
25 D -198.864686082 0
25 E -200.456530028 0
25 F -199.282501178 0
25 G -198.595691399 0
25 H -199.884842882 0
25 I -200.16252564 0
25 K -200.168692411 0
25 L -198.729152793 0
25 M -198.75996111 0
25 N -198.339491964 0
25 P -203.351449104 1
25 Q -198.000156023 0
25 R -199.61840071 0
25 S -200.58770637 0
25 T -199.78006736 0
25 V -197.81121938 0
25 W -201.363447363 0
25 Y -199.048969043 0
26 A -202.089252359 0
26 C -201.250846836 0
26 D -202.242237574 0
26 E -203.370072615 0
26 F -205.943820796 0
26 G -199.920611468 0
26 H -204.698514425 0
26 I -203.768698808 0
26 K -203.361064353 0
26 L -202.449302801 0
26 M -204.122856678 0
26 N -202.031781949 0
26 P -102.216424302 0
26 Q -201.6270773 0
26 R -203.01111899 0
26 S -203.25725867 0
26 T -203.341674208 0
26 V -204.332156077 0
26 W -207.933834103 0
26 Y -208.271740427 1
27 A -209.895169417 0
27 C -208.075352221 0
27 D -206.537256437 0
27 E -209.780155392 0
27 F -210.482130554 0
27 G -206.823146153 0
27 H -210.544962021 0
27 I -209.570602857 0
27 K -210.468958802 0
27 L -207.871528884 0
27 M -209.385187769 0
27 N -207.424411122 0
27 P -189.26606791 0
27 Q -208.099361427 0
27 R -212.78316998 0
27 S -210.273375484 1
27 T -210.362473413 0
27 V -210.176976061 0
27 W -209.582806081 0
27 Y -209.950141929 0
28 A -206.326067527 0
28 C -206.749223951 0
28 D -209.984871912 0
28 E -207.621599752 0
28 F -210.258403608 0
28 G -201.872390628 0
28 H -210.486804329 0
28 I -211.092054804 0
28 K -208.197267366 0
28 L -213.493300288 1
28 M -206.809881128 0
28 N -210.459326379 0
28 P -143.293061227 0
28 Q -209.872013709 0
28 R -212.475320896 0
28 S -206.589151292 0
28 T -206.095539237 0
28 V -212.25271914 0
28 W -210.495325423 0
28 Y -209.897127392 0
29 A -206.511445424 0
29 C -205.959883069 0
29 D -206.811188723 0
29 E -205.913011233 0
29 F -208.218537674 0
29 G -202.528171275 0
29 H -209.102155846 0
29 I -205.665660247 0
29 K -207.825044802 0
29 L -209.860210332 0
29 M -209.898054677 0
29 N -208.634889028 1
29 P -196.512644705 0
29 Q -206.199613245 0
29 R -209.802114825 0
29 S -206.317492749 0
29 T -204.373867586 0
29 V -201.142197624 0
29 W -209.780191952 0
29 Y -207.464063755 0
30 A -204.211045098 0
30 C -203.406557298 0
30 D -205.916123188 0
30 E -206.711319479 1
30 F -204.961378121 0
30 G -201.601693199 0
30 H -208.755399444 0
30 I -209.300369683 0
30 K -203.645600555 0
30 L -206.782041043 0
30 M -206.060860364 0
30 N -204.489548616 0
30 P -128.505748806 0
30 Q -205.56330528 0
30 R -203.879854789 0
30 S -205.070590161 0
30 T -206.357444269 0
30 V -207.96447997 0
30 W -207.69257528 0
30 Y -203.975762722 0
31 A -195.054017862 0
31 C -193.328727023 0
31 D -186.547196569 0
31 E -195.723146977 0
31 F 21.7482946639 0
31 G -190.735054089 0
31 H -169.729844349 0
31 I -198.837028007 0
31 K -183.436547199 0
31 L -198.234018009 0
31 M -184.348882852 0
31 N -194.187309426 0
31 P -158.965324849 0
31 Q -206.636414358 1
31 R -174.755500601 0
31 S -194.278100469 0
31 T -195.166812319 0
31 V -198.178237073 0
31 W 47.2635886275 0
31 Y 63.7591593598 0
32 A -199.870367688 0
32 C -198.377799894 0
32 D -201.642365474 0
32 E -201.997575452 0
32 F -201.877472857 0
32 G -198.380166443 0
32 H -201.965569965 0
32 I -198.343144057 0
32 K -201.068505665 0
32 L -204.12557297 1
32 M -204.113145515 0
32 N -200.583985494 0
32 P -198.944364014 0
32 Q -200.313696808 0
32 R -200.958132119 0
32 S -199.949754252 0
32 T -200.033519715 0
32 V -199.097325296 0
32 W -202.80277335 0
32 Y -201.664285072 0
33 A -202.097884232 0
33 C -204.388441951 1
33 D -195.546297368 0
33 E -188.584372225 0
33 F -163.913711181 0
33 G -198.608660283 0
33 H -193.739180944 0
33 I -177.145716896 0
33 K -182.62134285 0
33 L -161.917100855 0
33 M -187.984923022 0
33 N -197.734940706 0
33 P -160.497544754 0
33 Q -189.096352837 0
33 R -174.555549199 0
33 S -202.499115314 0
33 T -202.521266152 0
33 V -189.07633066 0
33 W -178.570138496 0
33 Y -165.024534906 0
34 A -199.442833798 0
34 C -198.58203111 0
34 D -199.360807596 0
34 E -201.082554484 0
34 F -203.491208022 0
34 G -196.311407294 0
34 H -200.852546939 0
34 I -196.021616274 0
34 K -199.16581594 0
34 L -202.920555249 0
34 M -201.737253234 0
34 N -199.624447246 0
34 P -95.4040145481 0
34 Q -199.422267565 0
34 R -197.911715032 0
34 S -198.796503436 0
34 T -198.90426447 0
34 V -198.219986415 0
34 W -202.521690542 0
34 Y -204.561165349 1
35 A -197.277182208 0
35 C -199.006836882 0
35 D -195.486794754 0
35 E -199.660156576 0
35 F -157.986730098 0
35 G -192.046220644 0
35 H -188.130025991 0
35 I -200.524020017 0
35 K -199.047262366 0
35 L -196.492419844 0
35 M -203.156205413 0
35 N -197.617331636 0
35 P -142.256294049 0
35 Q -198.867786434 0
35 R -200.737093511 0
35 S -197.00877676 0
35 T -200.479885995 0
35 V -205.088323037 1
35 W -171.407797326 0
35 Y -147.68264796 0
36 A -197.816173979 0
36 C -196.321466802 0
36 D -205.239013799 1
36 E -198.973478838 0
36 F -203.792822797 0
36 G -194.783192323 0
36 H -199.124611 0
36 I -196.640976868 0
36 K -197.72379874 0
36 L -201.290443387 0
36 M -202.165042855 0
36 N -202.365103813 0
36 P -48.9831603736 0
36 Q -201.917610422 0
36 R -197.763814598 0
36 S -199.119674107 0
36 T -197.976297709 0
36 V -200.171936039 0
36 W -198.368162588 0
36 Y -199.600333342 0
37 A -199.991480112 0
37 C -200.096560652 0
37 D -201.387250262 0
37 E -202.782761096 0
37 F -196.164788298 0
37 G -199.15353648 0
37 H -198.469524086 0
37 I -185.439429879 0
37 K -202.711355346 0
37 L -204.233959463 1
37 M -202.641980196 0
37 N -202.825437457 0
37 P -162.544926964 0
37 Q -202.151421547 0
37 R -203.071443312 0
37 S -201.037276582 0
37 T -203.006586088 0
37 V -202.660641644 0
37 W -196.563951696 0
37 Y -201.984418672 0
38 A -199.245943608 0
38 C -197.564447593 0
38 D -200.648084039 0
38 E -200.032365108 0
38 F -200.292082775 0
38 G -206.698493348 1
38 H -201.815795347 0
38 I -169.447235315 0
38 K -202.518002099 0
38 L -200.600465511 0
38 M -193.105222175 0
38 N -202.297215829 0
38 P -141.225244728 0
38 Q -200.290541397 0
38 R -200.773137322 0
38 S -198.78071112 0
38 T -194.911289811 0
38 V -168.696946819 0
38 W -198.767646386 0
38 Y -200.208045097 0
39 A -204.987244988 0
39 C -203.603290474 0
39 D -207.643761237 0
39 E -206.730677984 0
39 F -204.941794905 0
39 G -206.40587062 0
39 H -206.15511442 0
39 I -195.990185195 0
39 K -206.273056954 0
39 L -206.899763546 0
39 M -205.449020184 0
39 N -207.879693756 1
39 P -158.377223649 0
39 Q -205.406656696 0
39 R -206.375225362 0
39 S -205.809757569 0
39 T -206.223193538 0
39 V -170.505516626 0
39 W -204.356751695 0
39 Y -205.162599968 0
40 A -204.74279327 0
40 C -201.001271599 0
40 D -205.835609037 0
40 E -207.48648741 1
40 F -201.645428178 0
40 G -202.68377573 0
40 H -203.71748536 0
40 I -203.452128084 0
40 K -205.279024011 0
40 L -204.724395553 0
40 M -203.653407195 0
40 N -204.252308437 0
40 P -200.159151144 0
40 Q -204.146738421 0
40 R -205.076731843 0
40 S -204.920599837 0
40 T -204.290581618 0
40 V -203.858763431 0
40 W -202.319463734 0
40 Y -201.625208897 0
41 A -207.206225693 0
41 C -204.881782936 0
41 D -204.29568037 0
41 E -209.125734445 0
41 F -207.622554125 0
41 G -204.130431551 0
41 H -208.386829929 0
41 I -208.420327489 0
41 K -209.399543077 0
41 L -208.514724359 0
41 M -207.426538143 0
41 N -206.549158432 0
41 P -177.123376259 0
41 Q -207.902991866 0
41 R -210.472030706 0
41 S -207.768234283 0
41 T -209.479564792 0
41 V -209.879649204 0
41 W -196.87695385 0
41 Y -208.113623353 1
42 A -206.538148325 0
42 C -205.158298809 0
42 D -205.240146598 0
42 E -207.728084221 0
42 F -198.441564258 0
42 G -203.59139779 0
42 H -203.255279794 0
42 I -162.973502958 0
42 K -205.235372528 0
42 L -202.158349233 0
42 M -207.060348324 0
42 N -205.58150064 0
42 P -208.137745268 1
42 Q -205.578149701 0
42 R -202.95230109 0
42 S -205.76314004 0
42 T -204.471688664 0
42 V -203.512906719 0
42 W -194.288049309 0
42 Y -195.822206417 0
43 A -200.164771283 0
43 C -201.089173261 0
43 D -202.143909543 0
43 E -203.709136984 0
43 F -200.473420171 0
43 G -198.788526032 0
43 H -200.447666686 0
43 I -203.242506747 0
43 K -203.26188243 0
43 L -204.331628048 0
43 M -202.277547208 0
43 N -200.737203444 0
43 P -67.9599827179 0
43 Q -203.80475095 0
43 R -202.460228688 0
43 S -202.540677972 0
43 T -203.530313178 0
43 V -204.639742925 1
43 W -200.90666231 0
43 Y -198.200785254 0
44 A -196.783873391 0
44 C -196.722614316 0
44 D -197.487197703 0
44 E -199.224693285 0
44 F -182.570866742 0
44 G -195.044083892 0
44 H -190.810880752 0
44 I -200.642287936 0
44 K -198.272079623 0
44 L -203.101376183 1
44 M -199.446195653 0
44 N -197.370136578 0
44 P -197.763058081 0
44 Q -197.33787326 0
44 R -198.473239421 0
44 S -198.13804701 0
44 T -198.481007596 0
44 V -200.530917093 0
44 W -182.560479293 0
44 Y -191.684056624 0
45 A -198.385083737 0
45 C -198.957393718 0
45 D -196.274435962 0
45 E -198.943567513 0
45 F -201.671735361 0
45 G -194.905724629 0
45 H -201.336997373 0
45 I -201.697668864 0
45 K -198.661914166 0
45 L -199.636720666 0
45 M -199.13553028 0
45 N -198.287093533 0
45 P -47.8309568592 0
45 Q -198.813993945 0
45 R -200.573693013 0
45 S -198.846887132 0
45 T -199.971170108 0
45 V -203.261353576 1
45 W -198.733739607 0
45 Y -201.576671213 0
46 A -200.918004393 0
46 C -198.219529342 0
46 D -199.946881638 0
46 E -202.540696518 0
46 F -200.739808057 0
46 G -199.257462843 0
46 H -201.823982261 0
46 I -204.169451243 0
46 K -204.349683931 1
46 L -202.620220095 0
46 M -202.361881986 0
46 N -201.179325617 0
46 P -200.713994899 0
46 Q -200.808468191 0
46 R -202.681078058 0
46 S -201.817946757 0
46 T -203.279124543 0
46 V -203.918558936 0
46 W -201.033846864 0
46 Y -200.373484496 0
47 A -196.913687333 0
47 C -197.567311533 0
47 D -197.217473449 0
47 E -199.005414212 0
47 F -133.151154875 0
47 G -192.481625668 0
47 H -189.69004564 0
47 I -206.536540211 1
47 K -195.005251599 0
47 L -201.584136593 0
47 M -201.432624703 0
47 N -198.46543335 0
47 P -118.187739409 0
47 Q -196.402819754 0
47 R -180.278810962 0
47 S -197.025458655 0
47 T -199.872752398 0
47 V -203.938095845 0
47 W -86.2477704676 0
47 Y -127.864194848 0
48 A -204.606193054 0
48 C -205.318339836 0
48 D -202.844667012 0
48 E -209.272390146 0
48 F -201.483422054 0
48 G -201.391224114 0
48 H -206.952506692 0
48 I -209.741440199 0
48 K -207.978721452 0
48 L -208.521642166 0
48 M -205.667353199 0
48 N -204.316317048 0
48 P -197.157189114 0
48 Q -208.085858096 0
48 R -204.407616582 0
48 S -205.048874512 0
48 T -207.567157116 1
48 V -209.217889703 0
48 W -208.58472074 0
48 Y -199.732357528 0
49 A -199.054195566 0
49 C -200.113563186 0
49 D -199.313103198 0
49 E -198.615434894 0
49 F -183.712635481 0
49 G -197.345566309 0
49 H -200.2026174 0
49 I -193.207295077 0
49 K -196.90521383 0
49 L -209.099368687 1
49 M -204.250401321 0
49 N -201.893639833 0
49 P -70.5851927736 0
49 Q -200.261596804 0
49 R -170.335252818 0
49 S -199.567856414 0
49 T -199.610390148 0
49 V -194.224818069 0
49 W -86.8944714348 0
49 Y -168.118399163 0
50 A -200.888276892 0
50 C -200.530176358 0
50 D -205.97085801 1
50 E -201.730275165 0
50 F -197.913878932 0
50 G -200.015984642 0
50 H -200.795887086 0
50 I -197.114293005 0
50 K -199.597438043 0
50 L -198.290150372 0
50 M -200.198973117 0
50 N -202.318800262 0
50 P -197.170648266 0
50 Q -197.872574455 0
50 R -199.698388225 0
50 S -201.481295438 0
50 T -201.736613391 0
50 V -199.236644745 0
50 W -197.852453707 0
50 Y -197.886630296 0
51 A -203.835846803 0
51 C -203.069258004 0
51 D -206.334933628 0
51 E -205.866213448 1
51 F -205.305266636 0
51 G -202.621010643 0
51 H -204.998209154 0
51 I -204.812270583 0
51 K -205.440784503 0
51 L -206.033225277 0
51 M -204.33699845 0
51 N -205.070268117 0
51 P -205.698981219 0
51 Q -205.304005512 0
51 R -204.165737342 0
51 S -205.130150417 0
51 T -204.461063609 0
51 V -204.941904142 0
51 W -203.823559122 0
51 Y -203.900499314 0
52 A -196.723610564 0
52 C -192.051351924 0
52 D -197.852147743 0
52 E -193.982665387 0
52 F -196.156841761 0
52 G -204.201257553 1
52 H -198.69805117 0
52 I -179.556347309 0
52 K -194.64330275 0
52 L -197.925326378 0
52 M -193.259223279 0
52 N -198.901959199 0
52 P -107.822953872 0
52 Q -196.5598724 0
52 R -196.36153405 0
52 S -197.615122978 0
52 T -190.180700573 0
52 V -180.088001526 0
52 W -195.630510933 0
52 Y -195.684413676 0
53 A -199.828633371 0
53 C -199.438168244 0
53 D -197.363717641 0
53 E -202.106673961 0
53 F -197.867350815 0
53 G -196.690114761 0
53 H -200.428892669 0
53 I -201.540790868 0
53 K -200.138954297 0
53 L -197.367320869 0
53 M -200.601150106 0
53 N -198.126663241 0
53 P 125.165351225 0
53 Q -204.435264668 1
53 R -201.265021854 0
53 S -199.773325881 0
53 T -200.905042455 0
53 V -203.217328303 0
53 W -197.725271121 0
53 Y -197.13811856 0
54 A -198.95158313 0
54 C -197.611084139 0
54 D -201.247272042 0
54 E -200.170836558 0
54 F -197.240866806 0
54 G -199.558692651 0
54 H -199.216999194 0
54 I -197.019929872 0
54 K -200.02795653 0
54 L -199.634943798 0
54 M -198.539606227 0
54 N -199.462106553 0
54 P -202.742447009 1
54 Q -198.422419953 0
54 R -199.548297384 0
54 S -201.333368519 0
54 T -201.272978875 0
54 V -197.723582827 0
54 W -198.329362 0
54 Y -197.111226649 0
55 A -202.789835794 1
55 C -197.475581951 0
55 D -194.327635812 0
55 E -176.048416324 0
55 F -198.58939259 0
55 G -199.646429779 0
55 H -199.163610521 0
55 I -167.309667274 0
55 K -188.46609913 0
55 L -113.955894842 0
55 M -184.046800323 0
55 N -198.349231327 0
55 P -202.007551431 0
55 Q -188.313973808 0
55 R -191.617404541 0
55 S -201.249978143 0
55 T -194.358027724 0
55 V -191.513789139 0
55 W -197.571917449 0
55 Y -199.064967122 0
56 A -195.502369724 0
56 C -194.830269717 0
56 D -196.22501114 0
56 E -196.218273828 0
56 F -201.410381293 0
56 G -192.90381707 0
56 H -198.830345159 0
56 I -194.798529767 0
56 K -195.183846446 0
56 L -195.242222322 0
56 M -196.826082181 0
56 N -196.460935511 0
56 P -180.486581599 0
56 Q -195.000877996 0
56 R -194.585585744 0
56 S -194.587540032 0
56 T -193.535846439 0
56 V -195.617486869 0
56 W -200.123338418 0
56 Y -203.199344949 1
57 A -202.374031166 1
57 C -198.49944448 0
57 D -202.184178158 0
57 E -203.439839231 0
57 F -200.108505083 0
57 G -201.768688714 0
57 H -203.225419202 0
57 I -199.146273538 0
57 K -202.980491411 0
57 L -203.05798854 0
57 M -201.592403489 0
57 N -201.654030216 0
57 P -203.754667734 0
57 Q -202.099473408 0
57 R -202.341193108 0
57 S -203.187503463 0
57 T -202.588951612 0
57 V -200.333958367 0
57 W -199.945836501 0
57 Y -200.089873278 0
58 A -198.096303198 0
58 C -195.127372506 0
58 D -181.934995213 0
58 E -197.610096564 0
58 F 60.1747682785 0
58 G -194.6865173 0
58 H -8.06818807865 0
58 I -165.72997714 0
58 K -196.069939721 0
58 L -9.53474198914 0
58 M -195.219603087 0
58 N -141.432089109 0
58 P -201.833573514 1
58 Q -196.067735583 0
58 R -196.248343773 0
58 S -196.198455328 0
58 T -194.973133249 0
58 V -189.050987369 0
58 W -193.697710374 0
58 Y -194.181187877 0
59 A -187.830532846 0
59 C -188.618545538 0
59 D -176.68327334 0
59 E -185.438717487 0
59 F -182.1818751 0
59 G -202.793990042 1
59 H -163.946957728 0
59 I -182.946164287 0
59 K -186.246081242 0
59 L -179.03209848 0
59 M -187.750294353 0
59 N -187.667155708 0
59 P -58.6500969834 0
59 Q -187.067606152 0
59 R -190.042673087 0
59 S -189.525964684 0
59 T -186.512619733 0
59 V -175.286157564 0
59 W -172.373556051 0
59 Y -182.683673113 0
60 A -200.006326164 0
60 C -199.351522565 0
60 D -200.36763177 0
60 E -202.162257195 0
60 F -201.418308338 0
60 G -196.663858758 0
60 H -200.476880552 0
60 I -203.703793606 0
60 K -200.254038163 0
60 L -203.906542326 1
60 M -199.88653587 0
60 N -200.748877348 0
60 P -196.466943232 0
60 Q -200.602103583 0
60 R -201.00933365 0
60 S -200.539505772 0
60 T -200.703055976 0
60 V -202.268359555 0
60 W -198.592770309 0
60 Y -201.933898776 0
61 A -192.777395695 0
61 C -192.106903636 0
61 D -189.144957023 0
61 E -189.561246443 0
61 F -201.330004269 0
61 G -189.107689305 0
61 H -197.378743808 0
61 I -176.157317728 0
61 K -192.252771767 0
61 L -197.80247319 0
61 M -193.348354998 0
61 N -193.399340443 0
61 P -144.075542131 0
61 Q -191.733345823 0
61 R -192.45277681 0
61 S -191.376303005 0
61 T -192.036938832 0
61 V -186.699369735 0
61 W -199.058153559 0
61 Y -204.182707601 1
62 A -198.891074009 0
62 C -197.393392563 0
62 D -195.347089958 0
62 E -189.767573171 0
62 F -184.850998034 0
62 G -199.728886238 0
62 H -200.922271021 0
62 I -199.02526698 0
62 K -194.420693095 0
62 L -196.66803866 0
62 M -197.949078228 0
62 N -199.425707205 0
62 P -119.50530488 0
62 Q -180.379932709 0
62 R -195.900399801 0
62 S -200.002076149 0
62 T -204.298459226 1
62 V -202.992035809 0
62 W -199.425791704 0
62 Y -180.311353582 0
63 A -199.155412652 0
63 C -198.631873895 0
63 D -197.485171867 0
63 E -199.599341216 0
63 F -191.288857415 0
63 G -194.989861316 0
63 H -190.710501556 0
63 I -201.182077845 0
63 K -191.547949145 0
63 L -200.488475451 0
63 M -200.21959572 0
63 N -198.553915351 0
63 P -183.786746464 0
63 Q -202.093502787 0
63 R -198.937204593 0
63 S -198.445342965 0
63 T -200.589805826 0
63 V -205.296193511 1
63 W -198.152839583 0
63 Y -192.123680459 0
64 A -201.459264111 0
64 C -197.746176057 0
64 D -203.933451611 0
64 E -200.854456605 0
64 F -194.115326681 0
64 G -199.06038103 0
64 H -204.369999991 1
64 I -192.955101043 0
64 K -199.762220829 0
64 L -199.549142919 0
64 M -198.876750008 0
64 N -201.667068346 0
64 P -4.77294146339 0
64 Q -198.332727434 0
64 R -199.12569329 0
64 S -200.61425982 0
64 T -192.966655256 0
64 V -185.741350511 0
64 W -186.85121113 0
64 Y -193.859261696 0
65 A -203.227203925 0
65 C -200.333390975 0
65 D -204.53736507 0
65 E -205.266442946 0
65 F -200.546000128 0
65 G -202.345916952 0
65 H -202.071520676 0
65 I -202.196490156 0
65 K -204.053259159 0
65 L -203.383765251 1
65 M -202.83759874 0
65 N -203.142760994 0
65 P -202.274445308 0
65 Q -202.649941141 0
65 R -203.357924398 0
65 S -204.280043265 0
65 T -202.279096503 0
65 V -201.571837168 0
65 W -203.237236799 0
65 Y -200.761302796 0
66 A -206.701790339 0
66 C -202.841403849 0
66 D -206.978872142 0
66 E -205.123965251 0
66 F -202.190900465 0
66 G -206.208909813 0
66 H -205.074701559 0
66 I -199.236031548 0
66 K -205.193194058 0
66 L -204.618709879 0
66 M -203.595944194 0
66 N -206.155106109 0
66 P -190.809498134 0
66 Q -201.211704682 0
66 R -204.73039035 0
66 S -207.675905229 1
66 T -199.82224834 0
66 V -198.62516299 0
66 W -204.567333183 0
66 Y -201.808358567 0
67 A -215.011493606 0
67 C -208.69729589 0
67 D -197.24487397 0
67 E -105.457017356 0
67 F 798.685521768 0
67 G -210.400315492 0
67 H 378.18573087 0
67 I -39.434863596 0
67 K -143.84681221 0
67 L 46.1046471652 0
67 M -163.153092906 0
67 N -168.663874687 0
67 P 99.3255116739 0
67 Q -59.4589570586 0
67 R -151.996818394 0
67 S -212.982499312 1
67 T -186.494876487 0
67 V -151.297989406 0
67 W 39.6555579273 0
67 Y 715.365067992 0
68 A -206.798555007 0
68 C -206.872628729 0
68 D -205.720817828 0
68 E -208.027683964 0
68 F -212.569197259 1
68 G -205.221405494 0
68 H -209.776603578 0
68 I -205.235281091 0
68 K -203.303281991 0
68 L -202.648818539 0
68 M -207.983686284 0
68 N -207.43952075 0
68 P 12.0160535268 0
68 Q -207.461702926 0
68 R -207.805534753 0
68 S -206.69518191 0
68 T -207.750704549 0
68 V -201.601143327 0
68 W -207.89122128 0
68 Y -212.46493876 0
69 A -205.362197041 0
69 C -204.093546095 0
69 D -206.366769833 0
69 E -203.059847162 0
69 F -199.573640684 0
69 G -202.985813597 0
69 H -202.712068687 0
69 I -204.065254813 0
69 K -207.044064818 1
69 L -202.93672899 0
69 M -203.876224415 0
69 N -204.899828807 0
69 P -156.03610195 0
69 Q -202.831129829 0
69 R -206.225709218 0
69 S -205.210179133 0
69 T -205.653483869 0
69 V -204.807412968 0
69 W -200.294369297 0
69 Y -199.420485013 0
70 A -205.505108071 0
70 C -204.85463565 0
70 D -207.790693509 0
70 E -208.795570198 0
70 F -209.3202605 0
70 G -205.592317321 0
70 H -208.348212889 0
70 I -211.902075714 0
70 K -208.65708571 0
70 L -208.767490321 0
70 M -208.717803306 0
70 N -206.647075288 0
70 P -204.674286662 0
70 Q -209.860080218 0
70 R -209.550907062 0
70 S -208.164921954 0
70 T -209.485112505 0
70 V -209.344084056 1
70 W -210.519215941 0
70 Y -209.083734674 0
71 A -207.538384907 0
71 C -206.897206225 0
71 D -206.466583955 0
71 E -201.814266357 0
71 F -198.991807097 0
71 G -211.011999243 1
71 H -203.341889748 0
71 I -194.638145591 0
71 K -194.626148086 0
71 L -127.839525788 0
71 M -199.052612482 0
71 N -208.573625244 0
71 P 59.7894203452 0
71 Q -199.215237061 0
71 R -200.58573039 0
71 S -203.681589364 0
71 T -201.462697562 0
71 V -177.698250501 0
71 W -202.79694709 0
71 Y -199.512586588 0
72 A -204.608520576 0
72 C -203.635484858 0
72 D -206.020971418 0
72 E -208.274055237 0
72 F -205.16948011 0
72 G -203.490603304 0
72 H -207.167432985 0
72 I -204.729193243 0
72 K -205.4333139 0
72 L -204.781291913 0
72 M -205.301139045 0
72 N -205.210430358 0
72 P -207.057551715 0
72 Q -207.657441539 1
72 R -205.400536812 0
72 S -206.028948967 0
72 T -204.714511664 0
72 V -204.179010973 0
72 W -206.032587474 0
72 Y -204.876659636 0
73 A -202.456817112 0
73 C -201.492413487 0
73 D -205.050948799 0
73 E -204.369166594 0
73 F -204.453289174 1
73 G -202.644103247 0
73 H -205.51122768 0
73 I -202.682773426 0
73 K -204.422477774 0
73 L -204.695036453 0
73 M -202.827318441 0
73 N -204.930730545 0
73 P -184.793857622 0
73 Q -202.631806527 0
73 R -203.747980008 0
73 S -204.183572133 0
73 T -204.661923694 0
73 V -203.531441945 0
73 W -202.987637352 0
73 Y -204.281337831 0
74 A -195.385040703 0
74 C -189.450111257 0
74 D -195.953988534 0
74 E -193.270862572 0
74 F -194.729465722 0
74 G -204.826932251 1
74 H -196.819455966 0
74 I -182.603808727 0
74 K -197.826616721 0
74 L -196.002110397 0
74 M -192.543382097 0
74 N -195.614011609 0
74 P -146.553688487 0
74 Q -192.688215109 0
74 R -195.691567809 0
74 S -198.238396953 0
74 T -189.971726633 0
74 V -182.735118506 0
74 W -193.718143763 0
74 Y -195.456093138 0
75 A -208.083047476 0
75 C -208.250426941 0
75 D -209.350360099 0
75 E -209.585751294 0
75 F -207.553176668 0
75 G -208.305253161 0
75 H -208.99730078 0
75 I -208.520635007 0
75 K -209.43754157 0
75 L -209.284908376 0
75 M -208.662142579 0
75 N -208.584081123 0
75 P -174.232883647 0
75 Q -208.214386191 0
75 R -209.427400267 0
75 S -210.866671855 1
75 T -210.800565842 0
75 V -209.354845438 0
75 W -207.142791204 0
75 Y -207.684390051 0
76 A -204.10681341 0
76 C -203.259379184 0
76 D -204.61364322 0
76 E -205.918262858 0
76 F -205.293566765 0
76 G -202.740262718 0
76 H -204.913790137 0
76 I -206.485621437 0
76 K -205.634351443 0
76 L -208.334809166 1
76 M -205.764972861 0
76 N -205.16769693 0
76 P -203.8551679 0
76 Q -204.604904972 0
76 R -205.880471561 0
76 S -205.216935747 0
76 T -205.889614521 0
76 V -206.631671505 0
76 W -208.120353439 0
76 Y -205.200757651 0
77 A -206.923045367 0
77 C -206.58233523 0
77 D -207.866437087 0
77 E -211.987760274 0
77 F -207.180382062 0
77 G -203.608998657 0
77 H -207.285011628 0
77 I -203.773501493 0
77 K -207.926489131 0
77 L -209.827643996 0
77 M -211.472201799 1
77 N -208.79788508 0
77 P -90.7233588232 0
77 Q -211.33064078 0
77 R -211.388147757 0
77 S -206.910039601 0
77 T -207.134691404 0
77 V -207.969547689 0
77 W -207.745975546 0
77 Y -206.819981484 0
78 A -206.968263623 0
78 C -207.777570505 0
78 D -206.980237312 0
78 E -209.567487115 0
78 F -209.367113525 0
78 G -205.002565554 0
78 H -206.870459333 0
78 I -212.413570003 1
78 K -208.854328936 0
78 L -208.339901036 0
78 M -208.777123635 0
78 N -207.535192184 0
78 P -207.115890451 0
78 Q -207.145198023 0
78 R -209.32363801 0
78 S -207.448627534 0
78 T -209.984518103 0
78 V -211.62149317 0
78 W -207.014130472 0
78 Y -209.1078989 0
79 A -205.824026332 0
79 C -201.562655678 0
79 D -210.208567594 1
79 E -207.175505441 0
79 F -206.779771425 0
79 G -205.429930705 0
79 H -208.104385862 0
79 I -187.388814474 0
79 K -203.893760303 0
79 L -205.721489291 0
79 M -203.55878901 0
79 N -206.378162633 0
79 P 4.68091512278 0
79 Q -203.900228766 0
79 R -203.771511508 0
79 S -206.309514054 0
79 T -204.81450499 0
79 V -208.037153018 0
79 W -201.989607545 0
79 Y -206.255397261 0
80 A -203.116307451 0
80 C -200.926390444 0
80 D -198.002067572 0
80 E -200.521390701 0
80 F -202.395318464 0
80 G -199.592974344 0
80 H -203.938571327 0
80 I -202.769213371 0
80 K -202.986743668 0
80 L -202.562840419 0
80 M -201.221425823 0
80 N -201.814655047 0
80 P -163.570257125 0
80 Q -201.242620066 0
80 R -205.369923341 1
80 S -202.865859917 0
80 T -202.385511691 0
80 V -204.814149601 0
80 W -186.450435008 0
80 Y -202.485899499 0
81 A -199.083518216 0
81 C -199.751930501 0
81 D -201.599620873 0
81 E -203.277237643 0
81 F -199.847466526 0
81 G -196.230030924 0
81 H -201.14867821 0
81 I -205.715349406 0
81 K -201.467892916 0
81 L -207.071150975 1
81 M -203.788013181 0
81 N -201.187759358 0
81 P -198.950389942 0
81 Q -202.696974368 0
81 R -204.712919555 0
81 S -200.851458512 0
81 T -202.790015593 0
81 V -204.276553883 0
81 W -201.993320873 0
81 Y -199.504253121 0
82 A -196.430335762 0
82 C -196.712043203 0
82 D -195.311638352 0
82 E -195.846602503 0
82 F -198.474287868 0
82 G -191.049682023 0
82 H -198.46610046 0
82 I -201.41678957 0
82 K -198.842501709 0
82 L -199.43435294 0
82 M -196.222692356 0
82 N -198.345129527 0
82 P 46.5803362061 0
82 Q -196.588723839 0
82 R -206.393983603 1
82 S -196.392188875 0
82 T -198.247685288 0
82 V -200.909042426 0
82 W -192.468697164 0
82 Y -198.451509905 0
83 A -191.908843627 0
83 C -193.030141663 0
83 D -190.243071148 0
83 E -191.459084277 0
83 F -181.928095706 0
83 G -189.049906915 0
83 H -193.558651712 0
83 I -179.890277571 0
83 K -184.4942404 0
83 L -204.072258969 1
83 M -194.460146709 0
83 N -193.88000584 0
83 P -169.231619118 0
83 Q -192.317813378 0
83 R -186.147752515 0
83 S -191.684107866 0
83 T -191.610462023 0
83 V -177.906921112 0
83 W -162.198855381 0
83 Y -178.220957746 0
84 A -199.113653267 0
84 C -197.425896905 0
84 D -192.366150548 0
84 E -201.420872427 0
84 F -196.568093473 0
84 G -194.92044264 0
84 H -199.423780715 0
84 I -201.765545146 0
84 K -204.466605297 0
84 L -199.978510629 0
84 M -202.464375606 0
84 N -197.111623222 0
84 P -152.303538516 0
84 Q -200.747361449 0
84 R -202.515518827 0
84 S -199.278320088 0
84 T -199.809644465 0
84 V -203.223643924 1
84 W -187.419207164 0
84 Y -196.357514927 0
85 A -199.691935832 0
85 C -198.181272851 0
85 D -198.832077782 0
85 E -201.665458391 0
85 F -200.932075984 0
85 G -198.892008166 0
85 H -200.516274595 0
85 I -198.24288256 0
85 K -200.54823292 0
85 L -197.467755227 0
85 M -199.081196212 0
85 N -199.138941162 0
85 P -202.785416441 1
85 Q -199.590669495 0
85 R -199.872500448 0
85 S -200.755384142 0
85 T -199.830196931 0
85 V -198.742854502 0
85 W -200.920645497 0
85 Y -200.858331301 0
86 A -202.645957704 1
86 C -201.370600618 0
86 D -199.995217992 0
86 E -204.327448664 0
86 F -201.580687177 0
86 G -201.206361448 0
86 H -204.893384479 0
86 I -203.85241412 0
86 K -205.303196052 0
86 L -206.649433494 0
86 M -207.612544923 0
86 N -201.374906323 0
86 P 55.8693666862 0
86 Q -204.048576528 0
86 R -205.112420829 0
86 S -202.390009334 0
86 T -200.802116111 0
86 V -199.29719111 0
86 W -205.056889935 0
86 Y -201.881592365 0
