1 A -211.292258114 1
1 C -211.292258114 1
1 D -211.292258114 1
1 E -211.292258114 1
1 F -211.292258114 1
1 G -211.292258114 1
1 H -211.292258114 1
1 I -211.292258114 1
1 K -211.292258114 1
1 L -211.292258114 1
1 M -211.292258114 1
1 N -211.292258114 1
1 P -211.292258114 1
1 Q -211.292258114 1
1 R -211.292258114 1
1 S -211.292258114 1
1 T -211.292258114 1
1 V -211.292258114 1
1 W -211.292258114 1
1 Y -211.292258114 1
2 A -210.513239085 0
2 C -207.979320821 0
2 D -214.317386656 1
2 E -211.058125099 0
2 F -206.813421331 0
2 G -207.2476757 0
2 H -209.016147676 0
2 I -208.906399662 0
2 K -209.88395846 0
2 L -207.332526369 0
2 M -207.792327101 0
2 N -209.548847166 0
2 P -50.3547635038 0
2 Q -209.433083733 0
2 R -210.16923522 0
2 S -208.90519693 0
2 T -209.390025512 0
2 V -210.292059677 0
2 W -205.089684611 0
2 Y -206.430665754 0
3 A -206.241863994 0
3 C -205.059508368 0
3 D -204.355395845 0
3 E -203.348760113 0
3 F -214.381246025 0
3 G -201.019029208 0
3 H -212.512116426 0
3 I -205.032924241 0
3 K -209.773797015 0
3 L -196.974366938 0
3 M -210.040038308 0
3 N -206.829551192 0
3 P -138.497641356 0
3 Q -205.777024717 0
3 R -211.421616258 0
3 S -205.258837763 0
3 T -203.412844326 0
3 V -206.416529401 0
3 W -212.043587527 0
3 Y -214.687871099 1
4 A -216.073408337 0
4 C -214.911133761 0
4 D -209.826437637 0
4 E -216.386077696 0
4 F -29.5359773832 0
4 G -211.629360759 0
4 H -94.7361862411 0
4 I -219.488816343 0
4 K -217.94387189 0
4 L -203.128503203 0
4 M -216.593283265 0
4 N -215.529485098 0
4 P -27.0328655477 0
4 Q -217.254012603 0
4 R -219.55649334 0
4 S -216.410804582 0
4 T -217.797870665 1
4 V -219.581427285 0
4 W -75.7090904022 0
4 Y -34.2949305802 0
5 A -212.900767309 1
5 C -212.900767309 1
5 D -212.900767309 1
5 E -212.900767309 1
5 F -212.878206376 1
5 G -212.878206376 1
5 H -212.900767309 1
5 I -212.878206376 1
5 K -212.878206376 1
5 L -212.900767309 1
5 M -212.900767309 1
5 N -212.900767309 1
5 P -212.900767309 1
5 Q -212.900767309 1
5 R -212.900767309 1
5 S -212.900767309 1
5 T -212.900767309 1
5 V -212.900767309 1
5 W -212.900767309 1
5 Y -212.900767309 1
6 A -210.579743022 0
6 C -199.580892243 0
6 D -211.599921618 0
6 E -192.77815425 0
6 F -199.196222939 0
6 G -217.005010704 1
6 H -202.09528559 0
6 I -181.594487526 0
6 K -199.334746254 0
6 L -141.421821594 0
6 M -191.684743726 0
6 N -208.205334141 0
6 P -134.129684137 0
6 Q -203.465229875 0
6 R -195.544191611 0
6 S -210.160647517 0
6 T -189.211817633 0
6 V -181.150398606 0
6 W -198.664564691 0
6 Y -198.525043692 0
7 A -209.001644835 0
7 C -207.568739723 0
7 D -210.565075692 0
7 E -211.522223224 0
7 F -208.564239934 0
7 G -208.565334531 0
7 H -211.563542338 0
7 I -208.061545482 0
7 K -210.542069794 0
7 L -209.854466687 0
7 M -208.898658574 0
7 N -209.753407701 0
7 P -206.941332625 0
7 Q -209.981763241 0
7 R -209.563158268 0
7 S -211.200420324 1
7 T -210.434265603 0
7 V -208.095231115 0
7 W -209.612486707 0
7 Y -208.394935278 0
8 A -217.153722918 0
8 C -214.507698449 0
8 D -212.692618021 0
8 E -212.346437618 0
8 F -212.45029822 0
8 G -214.598768391 0
8 H -216.462762748 0
8 I -208.081654002 0
8 K -211.546220571 0
8 L -202.449594926 0
8 M -212.906582143 0
8 N -218.059266909 1
8 P -149.343895063 0
8 Q -210.864159301 0
8 R -212.863412986 0
8 S -215.959781417 0
8 T -207.370816345 0
8 V -211.12105501 0
8 W -210.242346244 0
8 Y -212.604570145 0
9 A -211.905941922 1
9 C -211.905941922 1
9 D -211.905941922 1
9 E -211.905941922 1
9 F -211.905941922 1
9 G -211.905941922 1
9 H -211.905941922 1
9 I -211.905941922 1
9 K -211.905941922 1
9 L -211.905941922 1
9 M -211.905941922 1
9 N -211.905941922 1
9 P -211.905941922 1
9 Q -211.905941922 1
9 R -211.905941922 1
9 S -211.905941922 1
9 T -211.905941922 1
9 V -211.905941922 1
9 W -211.905941922 1
9 Y -211.905941922 1
10 A -206.36835787 0
10 C -205.403855569 0
10 D -204.088463295 0
10 E -205.506174767 0
10 F -217.073782117 0
10 G -202.387425 0
10 H -213.812060054 0
10 I -200.29774033 0
10 K -204.179009401 0
10 L -206.284973522 0
10 M -209.408972875 0
10 N -207.933797359 0
10 P -145.856426551 0
10 Q -206.683503906 0
10 R -204.66293836 0
10 S -205.589267573 0
10 T -205.320996164 0
10 V -204.701826068 0
10 W -85.8828444052 0
10 Y -218.710368971 1
11 A -210.905877821 0
11 C -208.84760018 0
11 D -209.838895031 0
11 E -211.06829635 0
11 F -210.413179019 0
11 G -211.154157968 0
11 H -210.671168126 0
11 I -205.554096631 0
11 K -211.491528201 0
11 L -211.956935767 0
11 M -210.722465334 0
11 N -210.565660899 0
11 P -201.959055434 0
11 Q -209.707251124 0
11 R -212.328788181 0
11 S -212.411318143 1
11 T -210.959966554 0
11 V -205.727989523 0
11 W -210.534351422 0
11 Y -209.930372487 0
12 A -211.870639111 0
12 C -209.464319494 0
12 D -210.91815292 0
12 E -211.793675781 0
12 F -212.589923565 0
12 G -210.751039641 0
12 H -211.599604755 0
12 I -213.472163493 0
12 K -211.808626497 0
12 L -214.558888914 0
12 M -214.578140713 0
12 N -211.875271669 0
12 P -199.316740636 0
12 Q -220.44482747 0
12 R -211.337393196 0
12 S -212.115732754 1
12 T -211.945134928 0
12 V -209.810646734 0
12 W -211.684811094 0
12 Y -212.671442524 0
13 A -211.043782469 0
13 C -208.433626817 0
13 D -212.092363095 0
13 E -212.156174234 0
13 F -209.45766003 0
13 G -210.46422915 0
13 H -210.530604733 0
13 I -209.277963113 0
13 K -212.09884954 0
13 L -211.790494815 0
13 M -211.082164032 0
13 N -211.411438144 0
13 P -193.181130806 0
13 Q -210.437034946 0
13 R -211.367513898 0
13 S -212.225713004 1
13 T -211.366670609 0
13 V -209.481530568 0
13 W -210.156116389 0
13 Y -209.531399111 0
14 A -212.997383553 0
14 C -209.6609238 0
14 D -216.066391956 1
14 E -212.030967579 0
14 F -209.628892613 0
14 G -210.290842313 0
14 H -212.690650626 0
14 I -207.625818916 0
14 K -211.926891726 0
14 L -212.446987073 0
14 M -212.843383613 0
14 N -211.870545917 0
14 P -150.690650972 0
14 Q -212.06488042 0
14 R -212.26499125 0
14 S -211.161239009 0
14 T -212.552519066 0
14 V -208.972691033 0
14 W -211.855249758 0
14 Y -209.250641582 0
15 A -213.116700243 0
15 C -212.319253609 0
15 D -207.215400806 0
15 E -208.905541934 0
15 F -194.849875382 0
15 G -205.995575118 0
15 H -204.751096635 0
15 I -214.002255427 0
15 K -201.126795707 0
15 L -204.575720271 0
15 M -210.714915003 0
15 N -211.664170444 0
15 P -68.2035948359 0
15 Q -208.089698908 0
15 R -204.081906709 0
15 S -211.729691705 0
15 T -213.739357094 0
15 V -218.190630499 1
15 W -185.279383674 0
15 Y -188.55065336 0
16 A -216.296030858 0
16 C -213.676688901 0
16 D -217.882197084 0
16 E -216.772386445 0
16 F -214.25471442 0
16 G -214.851735996 0
16 H -218.776219488 0
16 I -214.763846765 0
16 K -216.950679056 0
16 L -219.939143813 0
16 M -216.278074215 0
16 N -218.408165357 0
16 P 44.4578992327 0
16 Q -224.235434538 0
16 R -216.510230266 0
16 S -215.791676633 1
16 T -214.879497758 0
16 V -214.152492807 0
16 W -214.817256078 0
16 Y -217.653856724 0
17 A -214.340611197 0
17 C -211.533807583 0
17 D -213.051713759 0
17 E -214.785144256 0
17 F -210.869288413 0
17 G -213.036140854 0
17 H -214.822494287 0
17 I -214.018769501 0
17 K -215.696045415 0
17 L -215.51606905 0
17 M -213.947465916 0
17 N -213.516149589 0
17 P 55.8298852823 0
17 Q -213.289085654 0
17 R -217.167514219 0
17 S -214.397285533 0
17 T -215.913763761 1
17 V -209.365408352 0
17 W -212.51064362 0
17 Y -210.504526607 0
18 A -214.981991702 1
18 C -205.125945025 0
18 D -203.037540986 0
18 E -197.7072693 0
18 F -176.822089064 0
18 G -210.95855348 0
18 H -183.737774049 0
18 I -202.803191685 0
18 K -196.301097078 0
18 L -190.245901742 0
18 M -191.159232588 0
18 N -207.102763244 0
18 P -53.928454433 0
18 Q -188.206092221 0
18 R -180.408322985 0
18 S -211.751952925 0
18 T -209.94238472 0
18 V -206.438736517 0
18 W -40.4206881899 0
18 Y -176.217726086 0
19 A -230.619712357 0
19 C -229.441097437 0
19 D -231.545539161 0
19 E -236.135694905 0
19 F -195.40455021 0
19 G -225.63132026 0
19 H -233.796370383 0
19 I -229.125521467 0
19 K -236.672975722 0
19 L -236.953199969 0
19 M -238.612932994 0
19 N -234.437497864 0
19 P 65.0850248647 0
19 Q -237.156669217 1
19 R -237.838206996 0
19 S -229.436554341 0
19 T -232.09404354 0
19 V -231.757600272 0
19 W 22.8146444133 0
19 Y -190.903031853 0
20 A -229.01133742 1
20 C -226.446673309 0
20 D -227.831348617 0
20 E -228.860384893 0
20 F -227.082035078 0
20 G -227.572021818 0
20 H -228.334844026 0
20 I -227.591861777 0
20 K -229.046320167 0
20 L -228.577155039 0
20 M -227.605145607 0
20 N -228.353093035 0
20 P 32.9537217301 0
20 Q -226.907264468 0
20 R -228.409090287 0
20 S -228.433074939 0
20 T -228.900584914 0
20 V -224.186470358 0
20 W -228.337890317 0
20 Y -226.813328875 0
21 A -225.946368502 1
21 C -222.89650113 0
21 D -222.023241422 0
21 E -223.967013457 0
21 F -220.365612928 0
21 G -223.169998467 0
21 H -222.797596177 0
21 I -223.946330665 0
21 K -223.064947728 0
21 L -211.017464758 0
21 M -222.533138851 0
21 N -224.573066847 0
21 P -138.259340602 0
21 Q -223.126411887 0
21 R -223.011019148 0
21 S -224.354167918 0
21 T -220.351091906 0
21 V -225.170369315 0
21 W -223.434200176 0
21 Y -219.127334969 0
22 A -220.084873385 0
22 C -181.40696374 0
22 D -117.034275271 0
22 E -169.917488944 0
22 F 12.0926588714 0
22 G -227.492865393 1
22 H -118.932026117 0
22 I -150.989661144 0
22 K -87.2108246918 0
22 L -130.204441976 0
22 M -173.505580003 0
22 N -185.668969567 0
22 P 1.39959275626 0
22 Q -103.007825618 0
22 R -130.615425344 0
22 S -214.166423442 0
22 T -183.76071633 0
22 V -187.706385131 0
22 W -32.8673026188 0
22 Y -33.9757175845 0
23 A -229.391909054 0
23 C -226.335713546 0
23 D -227.499916655 0
23 E -226.89345002 0
23 F -233.826802411 0
23 G -226.331327437 0
23 H -230.755757455 0
23 I -225.506033671 0
23 K -226.238253377 0
23 L -224.447591121 0
23 M -231.183637857 0
23 N -230.283090674 0
23 P 26.0520967441 0
23 Q -237.09668639 0
23 R -229.98375841 0
23 S -226.517086999 0
23 T -228.21911751 0
23 V -220.322542041 0
23 W -233.071696736 0
23 Y -236.606762286 1
24 A -226.460568682 0
24 C -223.955678102 0
24 D -225.393361435 0
24 E -226.760464992 0
24 F -223.216018897 0
24 G -224.049062235 0
24 H -226.057342157 0
24 I -226.254856231 0
24 K -227.788137355 0
24 L -226.828327243 0
24 M -226.324591977 0
24 N -225.893988191 0
24 P 7.16792672557 0
24 Q -227.566541635 1
24 R -227.462779557 0
24 S -225.491793083 0
24 T -226.394083021 0
24 V -224.654929586 0
24 W -224.778810425 0
24 Y -223.16332845 0
25 A -223.902102345 0
25 C -221.005937425 0
25 D -222.001204339 0
25 E -221.953477267 0
25 F -225.416831584 0
25 G -217.193107486 0
25 H -224.393232341 0
25 I -150.372120988 0
25 K -224.356555967 0
25 L -227.517518502 1
25 M -224.183239891 0
25 N -222.804218115 0
25 P -90.6015976306 0
25 Q -223.405407876 0
25 R -225.312585386 0
25 S -222.142167979 0
25 T -219.062581771 0
25 V -204.004608268 0
25 W -222.865016386 0
25 Y -224.627807299 0
26 A -220.458235946 0
26 C -217.799062717 0
26 D -217.812543157 0
26 E -219.394593015 0
26 F -224.371347858 0
26 G -217.426957769 0
26 H -224.753960211 1
26 I -210.033551004 0
26 K -219.386456247 0
26 L -224.586018203 0
26 M -219.065573794 0
26 N -218.788983106 0
26 P 13.8354118555 0
26 Q -220.252984498 0
26 R -221.039695083 0
26 S -219.401187482 0
26 T -219.809280632 0
26 V -217.285962985 0
26 W -223.860555182 0
26 Y -221.629169238 0
27 A -224.345772779 0
27 C -219.696639907 0
27 D -220.837677001 0
27 E -223.067076373 1
27 F -222.490652413 0
27 G -221.374220606 0
27 H -223.480593041 0
27 I -217.734990759 0
27 K -223.516953429 0
27 L -224.120315899 0
27 M -221.118590468 0
27 N -221.693415461 0
27 P 114.368938034 0
27 Q -221.731543858 0
27 R -222.750237365 0
27 S -222.366024291 0
27 T -222.408443899 0
27 V -222.350840234 0
27 W -222.35193334 0
27 Y -222.033683391 0
28 A -222.23793216 0
28 C -219.840779129 0
28 D -223.377061326 1
28 E -221.696471048 0
28 F -218.59364041 0
28 G -220.554875924 0
28 H -220.924755281 0
28 I -214.438663946 0
28 K -222.562588338 0
28 L -223.291098651 0
28 M -221.814716399 0
28 N -222.492762296 0
28 P -6.7183325803 0
28 Q -220.612911362 0
28 R -222.539295458 0
28 S -221.922832115 0
28 T -221.58935039 0
28 V -217.145682756 0
28 W -221.238084049 0
28 Y -218.595549614 0
29 A -218.622173463 0
29 C -217.790177503 0
29 D -220.089118157 0
29 E -219.848169849 0
29 F -218.51741208 0
29 G -223.515341692 1
29 H -220.659190273 0
29 I -184.049007913 0
29 K -221.137159489 0
29 L -219.842105906 0
29 M -218.543764517 0
29 N -221.794007936 0
29 P -113.756584493 0
29 Q -219.598875832 0
29 R -220.351542158 0
29 S -217.741805397 0
29 T -212.414495003 0
29 V -188.589252979 0
29 W -217.711529594 0
29 Y -218.251829063 0
30 A -224.197490168 0
30 C -223.542448162 0
30 D -223.730674828 0
30 E -225.949089753 1
30 F -223.430032932 0
30 G -222.080815688 0
30 H -224.777975942 0
30 I -225.700980757 0
30 K -226.586589467 0
30 L -227.02927345 0
30 M -224.55053548 0
30 N -224.933230174 0
30 P -37.5547426843 0
30 Q -225.721138721 0
30 R -226.473853236 0
30 S -224.63966736 0
30 T -223.86304052 0
30 V -225.389657898 0
30 W -224.586445939 0
30 Y -222.49517942 0
31 A -213.51873941 0
31 C -212.447234767 0
31 D -210.339856813 0
31 E -209.966974719 0
31 F -212.228091303 0
31 G -210.562541887 0
31 H -213.294697937 0
31 I -209.816315246 0
31 K -210.696203455 0
31 L -202.130266381 0
31 M -211.010509268 0
31 N -212.02075731 0
31 P -198.943827367 0
31 Q -212.463628043 0
31 R -215.688025444 0
31 S -215.041224222 0
31 T -215.889387374 1
31 V -216.470350778 0
31 W -212.839131601 0
31 Y -211.720912841 0
32 A -212.337437488 0
32 C -212.240030522 0
32 D -210.653193511 0
32 E -212.612158723 0
32 F -207.696017196 0
32 G -208.502003689 0
32 H -211.459861115 0
32 I -213.24628766 0
32 K -213.224115383 0
32 L -213.374699741 0
32 M -213.553437698 0
32 N -211.596742786 0
32 P -163.572804162 0
32 Q -212.667231684 0
32 R -214.556493608 0
32 S -212.722605542 0
32 T -215.482761065 0
32 V -215.721944134 1
32 W -210.378371477 0
32 Y -209.286270607 0
33 A -187.806804358 0
33 C -182.429367224 0
33 D -178.585288397 0
33 E -153.957133472 0
33 F -113.038921912 0
33 G -216.4918754 1
33 H -158.40003254 0
33 I 42.1141584062 0
33 K -79.3782029497 0
33 L 575.518992119 0
33 M 466.46115371 0
33 N -178.886917582 0
33 P -123.805288759 0
33 Q -161.503448118 0
33 R 626.396896091 0
33 S -188.307788029 0
33 T -127.605263469 0
33 V -5.96670743177 0
33 W 987.808257343 0
33 Y 645.254788069 0
34 A -209.549209691 0
34 C -207.189942782 0
34 D -210.719553239 0
34 E -210.913452039 0
34 F -207.577191636 0
34 G -208.809873887 0
34 H -211.805213076 0
34 I -208.586198902 0
34 K -210.493647732 0
34 L -209.966611606 0
34 M -208.845570937 0
34 N -209.961652337 0
34 P -211.26064161 0
34 Q -208.932793735 0
34 R -209.236360987 0
34 S -211.018444978 1
34 T -209.050852594 0
34 V -208.014758006 0
34 W -207.855147676 0
34 Y -207.416713187 0
35 A -211.662621515 0
35 C -209.93438776 0
35 D -213.643860723 0
35 E -213.124385482 0
35 F -211.809383512 0
35 G -211.571426979 0
35 H -212.895531923 0
35 I -200.794935011 0
35 K -212.578965168 0
35 L -210.207103644 0
35 M -211.943734336 0
35 N -214.815727489 1
35 P -191.615549647 0
35 Q -211.521552749 0
35 R -211.661989857 0
35 S -212.111858875 0
35 T -205.050419099 0
35 V -200.490811679 0
35 W -211.194413758 0
35 Y -211.924336802 0
36 A -214.399702647 0
36 C -212.954208436 0
36 D -214.975768688 0
36 E -215.686605446 0
36 F -213.724525389 0
36 G -213.215228959 0
36 H -215.264064443 0
36 I -197.774107095 0
36 K -216.459021337 0
36 L -214.525644833 0
36 M -214.247147664 0
36 N -216.725633315 0
36 P -109.781941932 0
36 Q -214.347070143 0
36 R -216.151444674 0
36 S -214.191418009 1
36 T -209.519075228 0
36 V -197.998047352 0
36 W -211.696483226 0
36 Y -213.168543419 0
37 A -211.312828005 0
37 C -209.332345788 0
37 D -207.246002061 0
37 E -206.64478106 0
37 F -215.814595024 0
37 G -207.679221647 0
37 H -212.812667502 0
37 I -182.48495611 0
37 K -208.462054199 0
37 L -209.963799821 0
37 M -210.979891625 0
37 N -209.918198729 0
37 P -146.704110674 0
37 Q -210.634944254 0
37 R -204.255635083 0
37 S -208.178759121 0
37 T -208.567042217 0
37 V -200.120637595 0
37 W -209.06524881 0
37 Y -214.891966347 1
38 A -216.288691579 0
38 C -212.493328902 0
38 D -208.610169306 0
38 E -165.99639263 0
38 F 37.6058421612 0
38 G -209.350358975 0
38 H -152.093557565 0
38 I -208.104790908 0
38 K -172.342360593 0
38 L -158.494366348 0
38 M -123.787661258 0
38 N -209.976657789 0
38 P -221.89190386 1
38 Q -160.849099623 0
38 R -141.664265189 0
38 S -214.872544223 0
38 T -212.533498607 0
38 V -212.495478002 0
38 W 128.972220683 0
38 Y 326.639263678 0
39 A -218.42181608 0
39 C -216.882884849 0
39 D -218.977309533 0
39 E -217.867955298 0
39 F -215.843646551 0
39 G -216.41073621 0
39 H -220.749618468 1
39 I -217.011613804 0
39 K -218.907348167 0
39 L -218.295680917 0
39 M -218.732781867 0
39 N -217.873638838 0
39 P -146.152001372 0
39 Q -218.455208728 0
39 R -222.249548561 0
39 S -219.001026774 0
39 T -220.103586807 0
39 V -216.563296176 0
39 W -216.929948826 0
39 Y -215.195078198 0
40 A -216.615165654 0
40 C -214.477509018 0
40 D -210.575058653 0
40 E -216.712087535 0
40 F -198.571352881 0
40 G -214.024627622 0
40 H -211.809107706 0
40 I -216.873660347 0
40 K -216.802697332 1
40 L -212.732990952 0
40 M -216.495431209 0
40 N -213.413682155 0
40 P -214.677285533 0
40 Q -216.584061502 0
40 R -216.968937831 0
40 S -216.948965436 0
40 T -216.467903552 0
40 V -216.735677365 0
40 W -171.968474024 0
40 Y -193.412523097 0
41 A -209.404457339 0
41 C -207.313294248 0
41 D -213.817796142 0
41 E -207.155115193 0
41 F -217.103628388 0
41 G -207.188436352 0
41 H -213.72959331 0
41 I -197.343329381 0
41 K -204.662594707 0
41 L -214.546235567 0
41 M -210.972151366 0
41 N -213.393185114 0
41 P -12.3819170013 0
41 Q -208.25708723 0
41 R -207.054435654 0
41 S -208.936464059 0
41 T -207.705791885 0
41 V -208.027469265 0
41 W -211.61642673 0
41 Y -217.672038618 1
42 A -214.567278361 0
42 C -213.259095526 0
42 D -218.110423391 0
42 E -214.859442409 0
42 F -215.885453052 0
42 G -214.005811347 0
42 H -216.390378147 0
42 I -199.984075903 0
42 K -208.344748878 0
42 L -214.278176536 0
42 M -214.678092595 0
42 N -217.560349925 1
42 P -206.058803622 0
42 Q -214.325097352 0
42 R -215.852969084 0
42 S -214.851367745 0
42 T -214.790514162 0
42 V -201.561477943 0
42 W -212.715972591 0
42 Y -215.823374412 0
43 A -209.400678358 0
43 C -207.587260395 0
43 D -212.501716601 0
43 E -203.362088096 0
43 F -199.772416516 0
43 G -206.718918965 0
43 H -206.901183834 0
43 I -194.20311961 0
43 K -203.159826419 0
43 L -201.012855032 0
43 M -208.53409584 0
43 N -217.37125546 1
43 P -129.981909278 0
43 Q -204.174361914 0
43 R -207.987782175 0
43 S -208.987361799 0
43 T -206.38469421 0
43 V -201.0945454 0
43 W 383.290935665 0
43 Y -204.423664913 0
44 A -211.480679967 0
44 C -209.096396634 0
44 D -212.411206777 0
44 E -213.113300243 0
44 F -211.052434743 0
44 G -210.337581185 0
44 H -212.351366023 0
44 I -210.574999222 0
44 K -212.664112263 0
44 L -212.773782106 0
44 M -211.528471569 0
44 N -212.101200553 0
44 P -211.763348764 0
44 Q -210.856327045 0
44 R -212.699150154 0
44 S -212.298476274 0
44 T -211.602550245 0
44 V -211.180623645 0
44 W -211.456709788 0
44 Y -212.170119815 1
45 A -205.133201945 0
45 C -205.284246614 0
45 D -205.262125426 0
45 E -212.164410715 1
45 F -204.79029957 0
45 G -202.647497005 0
45 H -180.29819321 0
45 I -201.889259594 0
45 K -204.214431272 0
45 L -204.951901583 0
45 M -205.621555434 0
45 N -205.587851677 0
45 P -187.227827629 0
45 Q -205.446368376 0
45 R -203.145552533 0
45 S -205.161947074 0
45 T -204.769234489 0
45 V -203.753497421 0
45 W -199.99917018 0
45 Y -204.58547445 0
46 A -208.872840597 0
46 C -208.285007968 0
46 D -210.369322103 0
46 E -209.75355601 0
46 F -208.122975402 0
46 G -212.78944056 1
46 H -210.552670239 0
46 I -173.088516051 0
46 K -211.576290571 0
46 L -209.680324282 0
46 M -208.592294015 0
46 N -211.774347279 0
46 P -18.003772098 0
46 Q -209.677016394 0
46 R -210.465442373 0
46 S -208.118037929 0
46 T -200.868796393 0
46 V -187.246308354 0
46 W -207.307944638 0
46 Y -207.964479461 0
47 A -213.758821691 0
47 C -212.030047415 0
47 D -210.763505586 0
47 E -211.143482254 0
47 F -217.663639051 1
47 G -209.149245151 0
47 H -213.473730439 0
47 I -217.15278667 0
47 K -209.305437626 0
47 L -216.781335317 0
47 M -211.761932865 0
47 N -212.861198379 0
47 P -185.343328888 0
47 Q -210.089210543 0
47 R -210.590914508 0
47 S -212.607460942 0
47 T -210.543615931 0
47 V -214.966581469 0
47 W -201.22612834 0
47 Y -174.60379059 0
48 A -211.613374842 0
48 C -209.036874736 0
48 D -213.032867512 1
48 E -212.724389301 0
48 F -210.556540193 0
48 G -209.982227634 0
48 H -211.751249411 0
48 I -212.012958048 0
48 K -212.854792823 0
48 L -212.690956682 0
48 M -211.380873355 0
48 N -213.144616294 0
48 P -211.929405437 0
48 Q -212.20421122 0
48 R -212.314081685 0
48 S -211.579259636 0
48 T -210.683877516 0
48 V -211.732031719 0
48 W -210.360815618 0
48 Y -210.476228638 0
49 A -207.282556376 0
49 C -206.602481297 0
49 D -207.410396894 0
49 E -207.235603736 0
49 F -218.277406997 1
49 G -204.462088469 0
49 H -214.653520412 0
49 I -198.035835415 0
49 K -208.076030396 0
49 L -199.601173114 0
49 M -210.377803495 0
49 N -209.640633814 0
49 P -157.30389867 0
49 Q -206.34120451 0
49 R -203.025189093 0
49 S -206.254104083 0
49 T -206.509427868 0
49 V -200.122061005 0
49 W -213.479410105 0
49 Y -214.259546749 0
50 A -209.879350073 0
50 C -210.100631352 0
50 D -211.110411902 0
50 E -211.447090209 0
50 F -208.325335626 0
50 G -209.422325885 0
50 H -215.112625082 0
50 I -209.123129047 0
50 K -211.156371997 0
50 L -211.03113188 0
50 M -209.713507135 0
50 N -213.091460087 0
50 P -213.484767494 0
50 Q -210.218870041 0
50 R -213.227238179 0
50 S -214.305108333 1
50 T -213.523038874 0
50 V -210.254996314 0
50 W -208.637409447 0
50 Y -208.292759325 0
51 A -218.465545362 0
51 C -218.090969222 0
51 D -211.706398557 0
51 E -217.137340287 0
51 F -214.45948151 0
51 G -215.202092358 0
51 H -217.275097344 0
51 I -222.19294293 0
51 K -218.632794393 0
51 L -213.353784039 0
51 M -217.549503456 0
51 N -217.761685201 0
51 P -191.937446759 0
51 Q -217.989216606 0
51 R -219.489870135 0
51 S -218.367728855 0
51 T -219.946246205 0
51 V -224.072188802 1
51 W -210.114953523 0
51 Y -216.311150378 0
52 A -220.276881247 0
52 C -220.639933017 0
52 D -221.662073754 0
52 E -221.163748201 0
52 F -218.934600398 0
52 G -220.615870203 0
52 H -224.368800274 0
52 I -220.14053219 0
52 K -221.288662389 0
52 L -221.168899318 0
52 M -219.86810587 0
52 N -220.761215365 0
52 P -225.495981982 0
52 Q -221.421137711 0
52 R -221.552585964 0
52 S -222.29403729 1
52 T -221.868009966 0
52 V -220.935201028 0
52 W -218.946031782 0
52 Y -218.765591138 0
53 A -212.453912451 0
53 C -207.078924503 0
53 D -211.575031136 0
53 E -213.828793165 0
53 F -210.327901057 0
53 G -213.676373382 0
53 H -210.873236746 0
53 I -200.027904738 0
53 K -212.461515871 0
53 L -209.102719907 0
53 M -211.20110066 0
53 N -210.955152527 0
53 P -215.321665228 0
53 Q -211.712109382 0
53 R -212.096466307 0
53 S -214.909342474 1
53 T -209.484217598 0
53 V -196.038263654 0
53 W -208.050294575 0
53 Y -210.299999136 0
54 A -212.568191134 0
54 C -209.436845272 0
54 D -213.762008807 0
54 E -211.060269783 0
54 F -207.22828985 0
54 G -210.20369716 0
54 H -210.191192388 0
54 I -210.445486749 0
54 K -209.921995723 0
54 L -208.758645053 0
54 M -208.828783422 0
54 N -212.94771661 0
54 P -217.218249577 1
54 Q -209.016444506 0
54 R -209.78790472 0
54 S -212.333342201 0
54 T -209.000335759 0
54 V -207.714508414 0
54 W -208.594453192 0
54 Y -207.812687959 0
55 A -204.92405566 0
55 C -208.119531068 0
55 D -204.070931405 0
55 E -207.420306613 0
55 F -211.99711081 0
55 G -201.574971754 0
55 H -210.004916676 0
55 I -151.500236285 0
55 K -203.199199753 0
55 L -213.795433836 0
55 M -206.967256272 0
55 N -206.749505538 0
55 P -187.336328979 0
55 Q -207.019176934 0
55 R -200.86336927 0
55 S -204.46444883 0
55 T -205.392957889 0
55 V -183.873133188 0
55 W -210.615972297 0
55 Y -212.435021462 1
56 A -214.476660894 0
56 C -213.389824519 0
56 D -207.581828945 0
56 E -212.85238601 0
56 F -220.420774975 0
56 G -207.210562517 0
56 H -214.426901828 0
56 I -215.853191413 0
56 K -213.450822413 0
56 L -216.999349124 0
56 M -217.918728796 0
56 N -216.594810137 0
56 P -145.515395689 0
56 Q -212.088628414 0
56 R -213.003000415 0
56 S -214.260633889 0
56 T -213.40867028 0
56 V -212.297788177 0
56 W -219.578767275 0
56 Y -219.517485192 1
57 A -224.646655058 0
57 C -222.892003767 0
57 D -215.810024564 0
57 E -224.575912166 1
57 F -177.847625076 0
57 G -221.231774569 0
57 H -194.15465996 0
57 I -220.220343407 0
57 K -219.64460098 0
57 L -192.369068407 0
57 M -226.545947723 0
57 N -220.282550962 0
57 P -150.17715472 0
57 Q -223.180945653 0
57 R -221.560475383 0
57 S -223.325954994 0
57 T -223.608838878 0
57 V -220.985008209 0
57 W -180.974140072 0
57 Y -190.648720826 0
58 A -212.745556292 0
58 C -210.661705679 0
58 D -216.829829425 0
58 E -214.634634468 0
58 F -226.635309938 0
58 G -204.301937116 0
58 H -222.059371838 0
58 I -222.233032733 0
58 K -215.369696447 0
58 L -206.376697048 0
58 M -216.29144407 0
58 N -217.843006338 0
58 P -167.973821483 0
58 Q -215.372830532 0
58 R -212.618077433 0
58 S -212.495861803 0
58 T -212.310404378 0
58 V -210.853071876 0
58 W -220.543237615 1
58 Y -226.250310593 0
59 A -219.72127284 0
59 C -213.062998782 0
59 D -207.891348925 0
59 E -195.481568457 0
59 F 8.9673094866 0
59 G -214.287133047 0
59 H -180.267458743 0
59 I -176.857770335 0
59 K 29.9795411575 0
59 L -165.968437332 0
59 M -188.855526132 0
59 N -210.071362232 0
59 P -217.135869414 1
59 Q -132.830042607 0
59 R 143.213882815 0
59 S -216.720302431 0
59 T -212.246465776 0
59 V -209.190923065 0
59 W 97.047869193 0
59 Y -18.7417175772 0
60 A -203.106518175 0
60 C -202.88466272 0
60 D -201.422252076 0
60 E -203.287356025 0
60 F -179.489140043 0
60 G -197.934143507 0
60 H -201.43602212 0
60 I -214.007064501 1
60 K -183.826220566 0
60 L -207.336721063 0
60 M -198.095943628 0
60 N -203.920706038 0
60 P -118.015088646 0
60 Q -205.097226949 0
60 R -175.553825652 0
60 S -203.02752739 0
60 T -205.369144105 0
60 V -209.462990882 0
60 W -147.245396446 0
60 Y -164.612720696 0
61 A -205.160326208 0
61 C -204.815184217 0
61 D -205.273424765 0
61 E -205.564437639 0
61 F -198.355581056 0
61 G -203.061935528 0
61 H -204.577980159 0
61 I -207.012429385 0
61 K -207.696423594 0
61 L -212.175083173 1
61 M -207.77599629 0
61 N -205.979981179 0
61 P -195.316774763 0
61 Q -207.008889418 0
61 R -206.939887091 0
61 S -206.210766543 0
61 T -203.450870025 0
61 V -203.70503886 0
61 W -201.779739575 0
61 Y -192.524281053 0
62 A -210.660347297 0
62 C -208.114562822 0
62 D -211.158273067 0
62 E -212.103638644 0
62 F -209.286051785 0
62 G -208.837592383 0
62 H -212.433433758 0
62 I -202.877035176 0
62 K -210.572475565 0
62 L -204.577123191 0
62 M -208.456650621 0
62 N -210.708427133 0
62 P -211.034001585 0
62 Q -210.618686484 0
62 R -210.466216937 0
62 S -212.278556339 1
62 T -205.040835758 0
62 V -209.410704759 0
62 W -210.663211556 0
62 Y -209.234595923 0
63 A -207.21592763 0
63 C -204.217103852 0
63 D -207.582580312 0
63 E -207.938471911 0
63 F -205.110791846 0
63 G -206.175357524 0
63 H -206.606749993 0
63 I -203.934591806 0
63 K -207.823861825 0
63 L -207.543560021 0
63 M -206.537849166 0
63 N -207.273351377 0
63 P -184.126854884 0
63 Q -206.811522267 0
63 R -209.469926587 0
63 S -210.748013386 1
63 T -210.064228822 0
63 V -204.521210649 0
63 W -205.705845092 0
63 Y -205.137426061 0
64 A -201.350116097 0
64 C -194.507002134 0
64 D -199.790997474 0
64 E -199.0086596 0
64 F -199.958958075 0
64 G -211.954784915 1
64 H -201.820927461 0
64 I -189.682461851 0
64 K -204.928453532 0
64 L -200.687029981 0
64 M -196.632852757 0
64 N -203.28017067 0
64 P -132.152934221 0
64 Q -196.396871764 0
64 R -202.622229738 0
64 S -204.667233598 0
64 T -197.047910043 0
64 V -189.926601502 0
64 W -198.806000042 0
64 Y -200.741271854 0
65 A -210.430753428 0
65 C -207.910202769 0
65 D -210.827301303 1
65 E -210.597828951 0
65 F -206.499526545 0
65 G -208.712330987 0
65 H -209.18666229 0
65 I -206.430399051 0
65 K -210.126414124 0
65 L -210.399208739 0
65 M -209.335884405 0
65 N -209.445484481 0
65 P -109.471218528 0
65 Q -208.682665335 0
65 R -209.436956328 0
65 S -209.900252627 0
65 T -208.389143682 0
65 V -206.965145864 0
65 W -208.039267794 0
65 Y -205.827828121 0
66 A -207.830763354 0
66 C -206.989028133 0
66 D -207.994313717 0
66 E -209.953095129 0
66 F -195.255727536 0
66 G -206.076604714 0
66 H -201.15256821 0
66 I -211.642227098 0
66 K -208.563062974 0
66 L -208.03070804 0
66 M -208.543134498 0
66 N -208.84529374 0
66 P -208.079110297 0
66 Q -208.584679226 0
66 R -209.540288262 0
66 S -209.049899102 0
66 T -209.656185107 0
66 V -211.144148897 1
66 W -199.697678879 0
66 Y -164.940740426 0
67 A -199.033474925 0
67 C -201.739772198 0
67 D -204.273183372 0
67 E -202.930668131 0
67 F -212.885778253 0
67 G -194.479675535 0
67 H -207.303424433 0
67 I -197.890003421 0
67 K -192.106372645 0
67 L -199.38120238 0
67 M -198.66743869 0
67 N -203.527982976 0
67 P -192.560349916 0
67 Q -198.647579573 0
67 R -193.247922781 0
67 S -198.552776908 0
67 T -201.504205162 0
67 V -196.655027546 0
67 W -180.327305958 0
67 Y -214.472836522 1
68 A -208.604989589 0
68 C -208.299390106 0
68 D -212.208363907 0
68 E -209.37533449 0
68 F -210.028558091 0
68 G -208.900651626 0
68 H -211.091314783 0
68 I -209.683320378 0
68 K -210.29240126 0
68 L -209.996666511 0
68 M -208.649157039 0
68 N -211.869345668 0
68 P -150.130334772 0
68 Q -209.437522599 0
68 R -210.67896733 0
68 S -210.691393025 1
68 T -210.869929201 0
68 V -209.792248778 0
68 W -208.939510602 0
68 Y -209.478793815 0
69 A -198.165213102 0
69 C -185.812443471 0
69 D -130.613987417 0
69 E -166.958667813 0
69 F 115.242935305 0
69 G -210.584121807 1
69 H -86.7450772898 0
69 I -117.196422997 0
69 K -167.292545876 0
69 L -98.0116946694 0
69 M -157.807683327 0
69 N 2.72558928023 0
69 P -127.426343018 0
69 Q -163.717489836 0
69 R -160.258285969 0
69 S -192.207594737 0
69 T -138.69513927 0
69 V -126.494675555 0
69 W -63.6380343213 0
69 Y 151.620602691 0
70 A -204.138551951 0
70 C -202.258987681 0
70 D -208.507387753 0
70 E -204.800353989 0
70 F -201.543765238 0
70 G -210.746307214 1
70 H -204.095468115 0
70 I -202.514268456 0
70 K -206.151199323 0
70 L -205.512255563 0
70 M -203.158638763 0
70 N -207.549754112 0
70 P -193.120090817 0
70 Q -202.884347096 0
70 R -203.936055684 0
70 S -209.723045436 0
70 T -207.044034782 0
70 V -203.196434805 0
70 W -199.944588102 0
70 Y -202.934677084 0
71 A -208.755307519 0
71 C -208.573313083 0
71 D -213.820397672 0
71 E -211.678581915 0
71 F -209.326478996 0
71 G -206.159212147 0
71 H -211.882557088 0
71 I -210.839083748 0
71 K -210.751319519 0
71 L -209.351492115 0
71 M -209.081679812 0
71 N -212.620304061 0
71 P -210.215120334 0
71 Q -208.459190496 0
71 R -209.523208627 0
71 S -210.47960541 1
71 T -210.372677769 0
71 V -210.768272986 0
71 W -209.6320613 0
71 Y -209.037520468 0
72 A -214.844360144 0
72 C -211.274564743 0
72 D -214.156429665 0
72 E -212.239530005 0
72 F -195.727253668 0
72 G -211.148998603 0
72 H -206.457757427 0
72 I -204.790728241 0
72 K -205.76121401 0
72 L -193.223583687 0
72 M -208.292275651 0
72 N -209.371412462 0
72 P -214.457111946 1
72 Q -210.303051768 0
72 R -192.508448606 0
72 S -214.921776262 0
72 T -206.023951718 0
72 V -208.69281966 0
72 W -208.868623082 0
72 Y -199.893742799 0
73 A -199.979246686 0
73 C -194.2866104 0
73 D -203.963732075 0
73 E -197.863792714 0
73 F -193.211627293 0
73 G -211.370279906 1
73 H -196.039514747 0
73 I -181.772876852 0
73 K -200.376266279 0
73 L -196.185490705 0
73 M -195.034168814 0
73 N -197.631259735 0
73 P -90.6641044553 0
73 Q -198.986793208 0
73 R -195.278522063 0
73 S -207.960644607 0
73 T -192.180804792 0
73 V -181.787739462 0
73 W -191.914281734 0
73 Y -192.992990991 0
74 A -211.63834604 1
74 C -209.678428153 0
74 D -212.11922281 0
74 E -213.198877594 0
74 F -209.790790117 0
74 G -209.756835596 0
74 H -212.358480324 0
74 I -173.94940335 0
74 K -211.519741519 0
74 L -212.093373307 0
74 M -209.58857734 0
74 N -212.953315864 0
74 P -210.914577953 0
74 Q -211.098977904 0
74 R -210.885878551 0
74 S -211.730623162 0
74 T -213.470652329 0
74 V -208.450670485 0
74 W -209.486861025 0
74 Y -210.058438745 0
75 A -206.707281836 0
75 C -206.211622579 0
75 D -211.82433547 1
75 E -205.509150771 0
75 F -121.842143509 0
75 G -202.671698588 0
75 H -186.837792301 0
75 I -188.790723058 0
75 K -177.495460923 0
75 L -177.51059321 0
75 M -198.755909333 0
75 N -204.338017706 0
75 P -184.825139885 0
75 Q -203.557857772 0
75 R -179.840286792 0
75 S -205.363010771 0
75 T -206.985419904 0
75 V -206.866011587 0
75 W -125.933775716 0
75 Y -67.819471173 0
76 A -207.564102588 0
76 C -209.996280646 0
76 D -204.931388067 0
76 E -204.803504109 0
76 F -214.547842082 0
76 G -203.56595011 0
76 H -212.727888665 0
76 I -194.753647832 0
76 K -209.187889125 0
76 L -180.572109458 0
76 M -211.993364707 0
76 N -209.515435279 0
76 P -164.326925382 0
76 Q -209.391854579 0
76 R -215.720983885 1
76 S -205.864414781 0
76 T -208.814556869 0
76 V -210.29231071 0
76 W -158.188710834 0
76 Y -213.971722326 0
77 A -213.105712602 0
77 C -214.674386179 0
77 D -210.782982814 0
77 E -212.550131071 0
77 F -96.6110023904 0
77 G -205.227249508 0
77 H -183.191106998 0
77 I -216.177548065 0
77 K -174.432350723 0
77 L -201.073374069 0
77 M -194.605488362 0
77 N -211.723248213 0
77 P -140.14405832 0
77 Q -196.100028885 0
77 R -180.824774228 0
77 S -212.661959145 0
77 T -214.617473668 0
77 V -218.749313777 1
77 W -145.078363049 0
77 Y -37.7039923497 0
78 A -217.855098432 0
78 C -218.053506028 0
78 D -213.298656404 0
78 E -212.762719569 0
78 F -194.821504079 0
78 G -211.417176958 0
78 H -198.532408753 0
78 I -226.09633594 0
78 K -185.915291566 0
78 L -218.303936296 0
78 M -209.375869541 0
78 N -215.965087672 0
78 P -129.924484802 0
78 Q -214.357772911 0
78 R -180.964538681 0
78 S -217.259676871 0
78 T -221.184735336 0
78 V -226.528100694 1
78 W -169.473816828 0
78 Y -190.947741312 0
79 A -227.284372913 0
79 C -225.319661833 0
79 D -223.18949586 0
79 E -222.497521234 0
79 F -239.454726135 1
79 G -224.333845327 0
79 H -234.428894585 0
79 I -225.964381028 0
79 K -224.995149899 0
79 L -230.553219719 0
79 M -233.518513587 0
79 N -225.868352371 0
79 P -197.774194702 0
79 Q -223.981534204 0
79 R -221.142037704 0
79 S -227.384632031 0
79 T -227.374601169 0
79 V -216.404753779 0
79 W -229.997448417 0
79 Y -237.426106655 0
80 A -220.551641146 0
80 C -219.996339183 0
80 D -225.690808712 0
80 E -213.099420414 0
80 F -41.1650345946 0
80 G -222.691967188 0
80 H -188.308603343 0
80 I -208.567004782 0
80 K -210.727212077 0
80 L -185.840574536 0
80 M -219.195337094 0
80 N -231.491289089 1
80 P -81.1490408365 0
80 Q -210.245974989 0
80 R -211.216451355 0
80 S -223.566055222 0
80 T -224.518520428 0
80 V -210.1129777 0
80 W -188.626909973 0
80 Y -44.3901653493 0
81 A -224.919184396 0
81 C -223.220321575 0
81 D -223.274249167 0
81 E -228.547811244 1
81 F -222.094748656 0
81 G -223.143116648 0
81 H -222.909135859 0
81 I -229.109008148 0
81 K -225.747552729 0
81 L -223.98986515 0
81 M -223.944167897 0
81 N -224.20404291 0
81 P -204.423744034 0
81 Q -223.799438644 0
81 R -224.124245227 0
81 S -225.599199752 0
81 T -228.942950145 0
81 V -229.387258521 0
81 W -221.423901215 0
81 Y -222.079881387 0
82 A -222.409024438 0
82 C -220.355627747 0
82 D -223.790897926 0
82 E -223.225557372 0
82 F -223.166782338 0
82 G -221.750281719 0
82 H -224.5102202 0
82 I -210.749405978 0
82 K -223.998210438 0
82 L -224.485681222 0
82 M -222.450594571 0
82 N -224.448944242 1
82 P -191.327338384 0
82 Q -222.534954975 0
82 R -223.930205057 0
82 S -222.706381505 0
82 T -221.029628351 0
82 V -210.487155861 0
82 W -223.532175418 0
82 Y -223.065932011 0
83 A -228.376562018 0
83 C -214.745123627 0
83 D -231.002849996 0
83 E -207.682288307 0
83 F -218.53004409 0
83 G -229.898203656 0
83 H -215.154167673 0
83 I -195.157300282 0
83 K -226.311175723 0
83 L -219.837394807 0
83 M -225.583511949 0
83 N -232.519833651 1
83 P -164.180021128 0
83 Q -223.687644888 0
83 R -226.656626289 0
83 S -225.727108997 0
83 T -220.090389571 0
83 V -207.852736878 0
83 W -226.062393785 0
83 Y -217.716149173 0
84 A -230.468812153 0
84 C -228.993302919 0
84 D -229.752899523 0
84 E -233.497520599 0
84 F -228.629799125 0
84 G -228.214602951 0
84 H -230.449607754 0
84 I -223.358624531 0
84 K -231.324592387 0
84 L -232.692759034 0
84 M -230.444343643 0
84 N -229.542073651 0
84 P -117.722683045 0
84 Q -233.623005913 1
84 R -230.361113462 0
84 S -229.280052575 0
84 T -228.199141203 0
84 V -224.139615554 0
84 W -230.749864476 0
84 Y -228.617428559 0
85 A -224.14327901 0
85 C -224.881341583 0
85 D -224.441753884 0
85 E -227.137379916 0
85 F -223.002778245 0
85 G -222.65060506 0
85 H -228.720497674 0
85 I -228.037233567 0
85 K -224.126989023 0
85 L -231.434231038 1
85 M -224.789456046 0
85 N -226.040347965 0
85 P -223.312994987 0
85 Q -226.134053818 0
85 R -225.433950302 0
85 S -225.20370051 0
85 T -224.154656748 0
85 V -224.985383703 0
85 W -199.496022127 0
85 Y -214.05524788 0
86 A -224.960937811 1
86 C -217.589759861 0
86 D -211.756463543 0
86 E -166.257419689 0
86 F -50.8832372275 0
86 G -219.029768446 0
86 H -119.863277718 0
86 I -196.168505421 0
86 K -128.79331697 0
86 L -176.770736126 0
86 M -136.437925034 0
86 N -207.385015471 0
86 P -84.3700110026 0
86 Q -120.863299481 0
86 R -172.00807485 0
86 S -220.8927434 0
86 T -209.58682077 0
86 V -202.020595322 0
86 W 326.898360294 0
86 Y -20.5858520584 0
87 A -205.43734381 0
87 C -201.420513295 0
87 D -201.042112307 0
87 E -194.987227441 0
87 F -172.25122835 0
87 G -213.650401887 1
87 H -196.567864442 0
87 I -193.021758504 0
87 K -193.331244653 0
87 L -192.223651843 0
87 M -197.575532484 0
87 N -200.975954834 0
87 P -132.265835268 0
87 Q -193.831030864 0
87 R -195.3704357 0
87 S -204.313149799 0
87 T -198.635899221 0
87 V -191.57620285 0
87 W -190.787912616 0
87 Y -6.12377457574 0
88 A -204.116248816 0
88 C -205.455468665 0
88 D -201.026936494 0
88 E -202.858598603 0
88 F -185.713021589 0
88 G -198.463871364 0
88 H -199.981143089 0
88 I -208.895392318 0
88 K -191.125662632 0
88 L -206.335107004 0
88 M -202.713997293 0
88 N -205.368926183 0
88 P -181.951281656 0
88 Q -204.922752615 0
88 R -193.064954461 0
88 S -204.005366607 0
88 T -208.824789733 0
88 V -213.964442571 1
88 W -159.93041735 0
88 Y -171.471495688 0
89 A -203.162268443 0
89 C -204.644035691 0
89 D -201.085450828 0
89 E -200.665715825 0
89 F -186.385748531 0
89 G -199.090486382 0
89 H -192.060946567 0
89 I -213.605805133 1
89 K -199.533555603 0
89 L -199.90422245 0
89 M -209.324646347 0
89 N -203.089133097 0
89 P -175.584012106 0
89 Q -205.772407081 0
89 R -193.304442349 0
89 S -203.867578681 0
89 T -207.527776528 0
89 V -210.938240559 0
89 W -155.517139406 0
89 Y -171.644505063 0
90 A -206.957095503 0
90 C -205.200408158 0
90 D -194.202058782 0
90 E -197.821604382 0
90 F -132.444980262 0
90 G -202.165491051 0
90 H -198.284937676 0
90 I -170.786840769 0
90 K -183.446453363 0
90 L -182.636050904 0
90 M -199.178442995 0
90 N -199.992203036 0
90 P -96.6131885401 0
90 Q -200.992740066 0
90 R -188.808537136 0
90 S -207.735680267 0
90 T -211.982139253 1
90 V -193.655770303 0
90 W 12.0825765741 0
90 Y -119.076958029 0
91 A -206.269393781 0
91 C -205.840739513 0
91 D -202.394876369 0
91 E -208.356966612 0
91 F -210.140449899 0
91 G -204.488489543 0
91 H -211.673953121 1
91 I -205.853481018 0
91 K -207.203113858 0
91 L -211.545551185 0
91 M -207.743682357 0
91 N -207.146722351 0
91 P -48.2867959951 0
91 Q -207.313595335 0
91 R -208.665028176 0
91 S -206.485473953 0
91 T -207.955266709 0
91 V -205.618321289 0
91 W -208.635610637 0
91 Y -197.019830808 0
92 A -211.162867523 0
92 C -209.807624932 0
92 D -212.514564345 0
92 E -212.273501847 0
92 F -212.255023267 0
92 G -208.567103246 0
92 H -212.584098731 0
92 I -212.876881813 0
92 K -211.293457608 0
92 L -212.927252889 0
92 M -210.584020514 0
92 N -212.320625281 0
92 P -159.362478962 0
92 Q -210.22716721 0
92 R -210.825800006 0
92 S -211.621397174 0
92 T -211.12156264 1
92 V -211.702888969 0
92 W -213.303740769 0
92 Y -211.976721173 0
93 A -203.151740448 0
93 C -198.462997045 0
93 D -204.445957516 0
93 E -200.414710904 0
93 F -204.160272311 0
93 G -210.677749579 1
93 H -204.986812985 0
93 I -185.17381135 0
93 K -200.031289763 0
93 L -203.636347492 0
93 M -199.351417063 0
93 N -205.545312684 0
93 P -110.007088745 0
93 Q -201.636687859 0
93 R -202.623475351 0
93 S -202.497532005 0
93 T -195.663884184 0
93 V -185.501791388 0
93 W -202.331855609 0
93 Y -204.13411804 0
94 A -210.819336633 1
94 C -155.301102254 0
94 D -181.177559172 0
94 E -85.2943345689 0
94 F 968.432916833 0
94 G -206.331910902 0
94 H 433.125452313 0
94 I -30.1749410015 0
94 K 174.76067015 0
94 L -74.9939568388 0
94 M -65.0541668675 0
94 N -181.087058467 0
94 P 152.77022226 0
94 Q -84.9017460846 0
94 R -67.4473097018 0
94 S -206.991281414 0
94 T -122.206740794 0
94 V -30.5672073906 0
94 W 136.517604676 0
94 Y 947.062223245 0
95 A -209.417043691 0
95 C -207.833383419 0
95 D -210.535846531 0
95 E -211.364785506 0
95 F -209.196934689 0
95 G -208.77043081 0
95 H -210.29376468 0
95 I -209.002401519 0
95 K -210.897013915 0
95 L -211.248128739 0
95 M -209.59554951 0
95 N -210.253040514 0
95 P -209.022894692 0
95 Q -210.047199856 0
95 R -210.164015633 0
95 S -210.633003431 1
95 T -209.512213309 0
95 V -208.967376037 0
95 W -209.453130915 0
95 Y -209.204115013 0
96 A -206.217424365 0
96 C -194.459569284 0
96 D -208.549662393 0
96 E -198.266406663 0
96 F -195.86127387 0
96 G -210.850987517 1
96 H -197.897305191 0
96 I -187.583811183 0
96 K -207.961045204 0
96 L -197.503057867 0
96 M -196.374118963 0
96 N -208.200705165 0
96 P -139.168920832 0
96 Q -205.247157988 0
96 R -197.054030758 0
96 S -208.862862516 0
96 T -194.005247618 0
96 V -186.460758224 0
96 W -195.756980232 0
96 Y -195.722606684 0
97 A -208.374252087 0
97 C -207.076074011 0
97 D -211.447386849 0
97 E -210.252792113 0
97 F -209.123393568 0
97 G -208.417454602 0
97 H -210.625685022 0
97 I -208.905693219 0
97 K -210.379620125 0
97 L -210.734786591 0
97 M -209.648399048 0
97 N -211.213155788 1
97 P -206.530618472 0
97 Q -209.032056035 0
97 R -209.959712726 0
97 S -210.228494301 0
97 T -210.614417568 0
97 V -208.793124591 0
97 W -209.213516999 0
97 Y -208.95475585 0
98 A -209.44028933 0
98 C -207.582851085 0
98 D -210.567325816 0
98 E -210.00475639 0
98 F -209.678971932 0
98 G -210.76261753 0
98 H -210.58157632 0
98 I -199.486928953 0
98 K -209.85732643 0
98 L -211.281032838 0
98 M -210.460083581 0
98 N -210.938142135 1
98 P -21.6783261037 0
98 Q -210.153363149 0
98 R -209.473018788 0
98 S -210.692893435 0
98 T -209.918682909 0
98 V -149.6777782 0
98 W -207.111242172 0
98 Y -209.732926153 0
99 A -206.286906907 0
99 C -205.90898743 0
99 D -199.744416459 0
99 E -199.480038496 0
99 F -213.716393338 1
99 G -201.420876252 0
99 H -209.395308654 0
99 I -184.993882802 0
99 K -204.617716698 0
99 L -197.031463053 0
99 M -203.998123785 0
99 N -207.346523694 0
99 P -169.251251538 0
99 Q -201.295263374 0
99 R -202.309545769 0
99 S -204.053995875 0
99 T -205.335077202 0
99 V -204.160207118 0
99 W -206.650794813 0
99 Y -209.710058226 0
100 A -208.217081238 0
100 C -208.200956083 0
100 D -207.185487058 0
100 E -208.79983216 0
100 F -205.581240932 0
100 G -206.469715767 0
100 H -208.984861973 0
100 I -210.98749009 0
100 K -210.667485038 0
100 L -210.503098639 0
100 M -208.351454316 0
100 N -208.211892093 0
100 P -139.612673459 0
100 Q -208.870114589 0
100 R -211.571274134 0
100 S -208.92742397 0
100 T -209.93044403 0
100 V -212.673328024 1
100 W -204.729974331 0
100 Y -204.830420417 0
101 A -217.516093744 0
101 C -216.337934313 0
101 D -215.436191563 0
101 E -218.98663398 1
101 F -205.52322543 0
101 G -215.169852316 0
101 H -216.792827874 0
101 I -214.82604624 0
101 K -219.442212791 0
101 L -215.392603561 0
101 M -220.3728877 0
101 N -215.136436138 0
101 P -213.759601899 0
101 Q -215.791174316 0
101 R -219.528235778 0
101 S -217.866230432 0
101 T -217.783823258 0
101 V -216.03494658 0
101 W -214.013349951 0
101 Y -205.722206385 0
102 A -213.79798206 1
102 C -213.79798206 1
102 D -213.79798206 1
102 E -213.79798206 1
102 F -213.79798206 1
102 G -213.79798206 1
102 H -213.79798206 1
102 I -213.79798206 1
102 K -213.79798206 1
102 L -213.79798206 1
102 M -213.79798206 1
102 N -213.79798206 1
102 P -213.79798206 1
102 Q -213.79798206 1
102 R -213.79798206 1
102 S -213.79798206 1
102 T -213.79798206 1
102 V -213.79798206 1
102 W -213.79798206 1
102 Y -213.79798206 1
103 A -218.472504208 0
103 C -217.739370253 0
103 D -216.303247246 0
103 E -218.145284478 0
103 F -215.637682784 0
103 G -218.744346871 0
103 H -216.481683915 0
103 I -215.162237891 0
103 K -219.641391716 0
103 L -219.185986238 0
103 M -218.343482643 0
103 N -218.004658401 0
103 P -213.98477733 0
103 Q -217.455417041 0
103 R -219.606194603 0
103 S -219.35324218 0
103 T -217.49085257 1
103 V -217.612778069 0
103 W -215.891476704 0
103 Y -215.01782601 0
