1 A -29.5152611442 0
1 C -27.1957068484 0
1 D -31.5433668779 0
1 E -31.6475497869 0
1 F -27.7718788162 0
1 G -30.8005610954 0
1 H -30.6003502342 0
1 I -22.8449243812 0
1 K -31.1094995043 0
1 L -29.8312306211 1
1 M -28.7060055009 0
1 N -30.1008031026 0
1 P -32.4100531159 0
1 Q -28.442497654 0
1 R -29.9602783665 0
1 S -32.7622172372 0
1 T -29.8143013328 0
1 V -22.374234124 0
1 W -28.3871227809 0
1 Y -28.1548182637 0
2 A -40.5521157214 0
2 C -37.7772353053 0
2 D -41.6171353609 0
2 E -42.738468955 0
2 F -40.5846891863 0
2 G -33.5369481297 0
2 H -41.0756853861 0
2 I -42.6372796982 1
2 K -39.0973424995 0
2 L -39.2179863067 0
2 M -40.4003034479 0
2 N -41.0859231369 0
2 P -39.7966907779 0
2 Q -36.5353303392 0
2 R -35.9061798914 0
2 S -40.802148117 0
2 T -37.93232843 0
2 V -40.4254323411 0
2 W -40.368920499 0
2 Y -39.1900062387 0
3 A -39.0966179445 0
3 C -40.1139487859 0
3 D -43.0445929909 0
3 E -40.4314483537 0
3 F -37.6735103455 0
3 G -40.4009486182 0
3 H -40.0270910877 0
3 I -40.9798754723 0
3 K -39.1021457741 1
3 L -40.2760941064 0
3 M -38.9877269189 0
3 N -40.2075483368 0
3 P -41.7068331808 0
3 Q -40.017126829 0
3 R -40.4875320295 0
3 S -41.9988429697 0
3 T -42.3526711281 0
3 V -40.6188415172 0
3 W -37.5204589767 0
3 Y -37.4023133765 0
4 A -32.4602062589 0
4 C -28.9661060353 0
4 D -32.6120894842 0
4 E -36.0975338608 0
4 F -33.1001928345 0
4 G -38.6250554925 1
4 H -32.6394557085 0
4 I -30.3286259091 0
4 K -31.7703705165 0
4 L -30.4699417327 0
4 M -30.9048622972 0
4 N -32.360443369 0
4 P -37.7931564707 0
4 Q -34.4491251745 0
4 R -32.8001423051 0
4 S -33.9762419158 0
4 T -33.3949075327 0
4 V -30.9766438783 0
4 W -31.7787105049 0
4 Y -31.1297049917 0
5 A -32.1721749346 0
5 C -29.3116754939 0
5 D -34.4615540151 0
5 E -34.1972355238 0
5 F -30.0882626571 0
5 G -31.9681629889 0
5 H -33.5037824795 0
5 I -30.5669825095 0
5 K -32.7913284675 0
5 L -30.9544332769 0
5 M -31.2202925679 0
5 N -32.4216284404 0
5 P -37.9328978113 1
5 Q -31.7536924748 0
5 R -31.8842636311 0
5 S -33.9083740873 0
5 T -31.9379037443 0
5 V -30.6727792342 0
5 W -29.8962615135 0
5 Y -31.0172633528 0
6 A -29.2960175417 0
6 C -28.825078492 0
6 D -28.8408078434 0
6 E -32.8567048184 0
6 F -34.286114519 0
6 G -28.5028482393 0
6 H -31.8083967896 0
6 I -35.0948270796 0
6 K -32.051187007 0
6 L -23.9266427798 0
6 M -30.1613959307 0
6 N -30.4593289224 0
6 P -29.606688755 0
6 Q -28.9510137409 0
6 R -28.7045720214 0
6 S -28.4275987129 0
6 T -28.2123583158 0
6 V -31.6361550102 0
6 W -40.9433913674 1
6 Y -25.816364696 0
7 A -40.0918675772 0
7 C -38.8674767481 0
7 D -24.0133614196 0
7 E -42.10248369 0
7 F -39.0974151064 0
7 G -39.6888232887 0
7 H -40.5087799269 0
7 I -34.7508314641 0
7 K -41.249090763 0
7 L -25.4706647717 0
7 M -39.5669819872 0
7 N -39.3841222024 0
7 P -25.3158572046 0
7 Q -42.2136426453 0
7 R -24.1689673899 0
7 S -42.3265460157 0
7 T -42.7153781343 1
7 V -35.9404779888 0
7 W -22.0198395151 0
7 Y -39.3562588059 0
8 A -32.5347117547 0
8 C -29.325416082 0
8 D -33.7981196571 0
8 E -34.7709534065 0
8 F -30.0473933423 0
8 G -31.1540815827 0
8 H -32.0175217909 0
8 I -31.9874887079 0
8 K -32.3901350816 1
8 L -32.785417172 0
8 M -34.9044547243 0
8 N -32.2788095949 0
8 P -30.6826335705 0
8 Q -31.6550960083 0
8 R -33.0160945476 0
8 S -31.9424739525 0
8 T -32.3869275393 0
8 V -31.9958768576 0
8 W -31.1166754121 0
8 Y -29.8701252387 0
9 A -29.8628722135 0
9 C -26.7212866855 0
9 D -32.6839120014 0
9 E -32.8971012837 1
9 F -28.2540263958 0
9 G -28.9427770617 0
9 H -29.7587747503 0
9 I -26.2211025043 0
9 K -30.9358027648 0
9 L -30.3850373645 0
9 M -29.115797076 0
9 N -29.8133913844 0
9 P -12.4676590458 0
9 Q -29.782640384 0
9 R -30.2690416894 0
9 S -30.1887580361 0
9 T -29.3973219139 0
9 V -25.5222822432 0
9 W -28.3698387531 0
9 Y -28.0942809996 0
10 A -33.1006451961 0
10 C -37.3443226473 0
10 D -41.2018343205 0
10 E -43.0286420793 1
10 F -37.9163076842 0
10 G -28.2083329763 0
10 H -36.802869991 0
10 I -37.1824109047 0
10 K -38.051661367 0
10 L -41.164752415 0
10 M -37.8470267065 0
10 N -39.1363423771 0
10 P -5.64630473878 0
10 Q -37.9994448306 0
10 R -38.9927703969 0
10 S -30.3498191557 0
10 T -40.0086853262 0
10 V -37.79964798 0
10 W -39.5095809053 0
10 Y -37.1986087494 0
11 A -36.7044939559 0
11 C -33.6206039427 0
11 D -37.9144874829 1
11 E -27.4373561477 0
11 F -15.1402214559 0
11 G -21.1385319645 0
11 H -23.7032066631 0
11 I -28.4060237795 0
11 K -22.75309021 0
11 L -13.7302534182 0
11 M -11.6691811472 0
11 N -33.7975169643 0
11 P 203.983525194 0
11 Q -10.2023115521 0
11 R -26.5657208022 0
11 S -35.3366582678 0
11 T -34.0631053889 0
11 V -26.837926948 0
11 W 281.971412425 0
11 Y 332.465120156 0
12 A -35.2337932412 0
12 C -30.2802976013 0
12 D -33.1669242962 0
12 E -34.6725187921 0
12 F -32.8013517017 0
12 G -33.7576552811 0
12 H -34.3215269065 0
12 I -6.77613095225 0
12 K -34.7194961803 0
12 L -34.5726421301 0
12 M -32.9624534434 0
12 N -32.99986349 0
12 P 456.75690662 0
12 Q -33.9080405658 1
12 R -34.4070849698 0
12 S -33.5597329609 0
12 T -34.1771582221 0
12 V 5.16609886346 0
12 W -33.5456708441 0
12 Y -32.6135769585 0
13 A -32.9939280524 0
13 C -30.0327286588 0
13 D -32.0667614191 0
13 E -34.6990176386 0
13 F -30.9175538856 0
13 G -30.197825717 0
13 H -32.1614042941 0
13 I -34.0231891498 0
13 K -35.2664531514 0
13 L -35.2366993162 0
13 M -35.3756510094 0
13 N -32.2070442353 0
13 P 200.977570095 0
13 Q -33.9906421488 0
13 R -34.6191655932 1
13 S -33.336635426 0
13 T -35.0022089242 0
13 V -35.1764697448 0
13 W -31.1223106644 0
13 Y -31.0746420432 0
14 A -32.6186075609 0
14 C -31.2864881373 0
14 D -34.1699742332 0
14 E -38.1479731291 0
14 F -15.7195639574 0
14 G -29.2209584772 0
14 H -21.3320216307 0
14 I -33.6653924963 0
14 K -33.0761121422 0
14 L -41.222940259 0
14 M -40.7621895472 0
14 N -31.0822157346 0
14 P 63.6791112667 0
14 Q -40.0222886031 0
14 R -20.8892653469 0
14 S -32.2142636326 0
14 T -33.5619028635 0
14 V -38.1577731943 1
14 W 303.187375374 0
14 Y -4.07322315815 0
15 A -35.595820374 0
15 C -34.9167845983 0
15 D -36.0573107857 0
15 E -36.6816300533 0
15 F -37.6344975281 0
15 G -29.5977232193 0
15 H -38.2112224612 0
15 I -39.2889548433 1
15 K -36.1240762267 0
15 L -35.5446052878 0
15 M -36.8298271254 0
15 N -34.6623054795 0
15 P 309.157116518 0
15 Q -36.2674420153 0
15 R -37.2087592217 0
15 S -34.9124520773 0
15 T -36.8271341972 0
15 V -38.1595911006 0
15 W -39.5422186314 0
15 Y -37.4493194422 0
16 A -33.7285869562 0
16 C -31.3433543228 0
16 D -34.5365099994 0
16 E -34.6499155997 1
16 F -30.3710574692 0
16 G -32.3504869929 0
16 H -35.52775103 0
16 I -34.7173451885 0
16 K -33.9212296805 0
16 L -34.8865812172 0
16 M -33.9026209031 0
16 N -33.2900524338 0
16 P 206.507985997 0
16 Q -32.4523850085 0
16 R -33.8554798649 0
16 S -33.5617351436 0
16 T -33.3646987443 0
16 V -33.9946642553 0
16 W -33.6710121515 0
16 Y -29.8207468089 0
17 A -30.0077826503 0
17 C -28.438025584 0
17 D -29.5603929329 0
17 E -28.3092873 0
17 F -32.4086284405 0
17 G -26.1518471926 0
17 H -29.9481623307 0
17 I -27.2629379742 0
17 K -28.5860806023 0
17 L -35.8036061531 1
17 M -31.1182847711 0
17 N -29.67267064 0
17 P 156.674562218 0
17 Q -28.2797929938 0
17 R -29.1195552758 0
17 S -28.4765219504 0
17 T -27.3503078639 0
17 V -21.2313753034 0
17 W -33.8808747775 0
17 Y -32.5825705523 0
18 A -28.0457988752 0
18 C -28.5399081518 0
18 D -27.8887184394 0
18 E -26.7775660212 0
18 F -25.5536721196 0
18 G -23.7464586493 0
18 H -30.8939764925 0
18 I -34.9708235481 0
18 K -22.6920719807 0
18 L -31.8155222773 0
18 M -28.3916808316 0
18 N -28.8507324695 0
18 P 224.061911087 0
18 Q -27.7157209573 0
18 R -25.3969280064 0
18 S -25.8850243887 0
18 T -31.2321295173 0
18 V -37.9257281205 1
18 W -22.3586581771 0
18 Y -24.9092001028 0
19 A -32.3029228545 0
19 C -31.0713154423 0
19 D -32.2899588025 0
19 E -34.6757625647 0
19 F -31.8990343664 0
19 G -30.9580513417 0
19 H -34.0028845164 0
19 I -33.5139816103 0
19 K -34.5246086017 0
19 L -35.559441123 0
19 M -33.3353521636 0
19 N -33.3131896235 0
19 P 254.287220683 0
19 Q -34.1138371717 1
19 R -35.9805324497 0
19 S -32.6105682184 0
19 T -32.2534752247 0
19 V -32.3506776138 0
19 W -35.0380994339 0
19 Y -31.5181979625 0
20 A -30.8588630114 0
20 C -28.45145297 0
20 D -30.9624015986 0
20 E -31.4654743892 0
20 F -27.6786752433 0
20 G -28.7715153699 0
20 H -30.2118231315 0
20 I -32.4445580625 0
20 K -32.1551527474 1
20 L -32.5165010613 0
20 M -29.7403049657 0
20 N -31.0184300679 0
20 P 273.38086589 0
20 Q -30.598106228 0
20 R -33.2765741393 0
20 S -30.3242716031 0
20 T -31.5066316802 0
20 V -31.4323147849 0
20 W -28.6778510945 0
20 Y -27.3255986877 0
21 A -28.2987955123 0
21 C -27.0311036626 0
21 D -32.0052964677 0
21 E -30.5876318586 0
21 F -34.0642616376 0
21 G -26.8300220542 0
21 H -32.8258127927 0
21 I -25.2611585748 0
21 K -30.591663265 0
21 L -34.3934701155 0
21 M -29.3043022051 0
21 N -31.5924176654 0
21 P 204.678025409 0
21 Q -29.3579360497 0
21 R -31.7917837703 0
21 S -28.532376804 0
21 T -31.7412393411 0
21 V -24.0255094014 0
21 W -32.0132030541 0
21 Y -35.4947443201 1
22 A -17.3698640826 0
22 C -15.5546478161 0
22 D -16.623018294 0
22 E -15.8811125956 0
22 F -13.6034874015 0
22 G -36.7524049214 1
22 H -17.006370443 0
22 I -6.03878121359 0
22 K -15.8741825799 0
22 L -17.3256405291 0
22 M -14.7777981749 0
22 N -17.7745606837 0
22 P 34.1610757526 0
22 Q -15.8285776122 0
22 R -14.8295699248 0
22 S -15.4636201923 0
22 T -12.4870691567 0
22 V -7.05065009486 0
22 W -14.2672870526 0
22 Y -13.2080156477 0
23 A -29.3622550984 0
23 C -29.4563036403 0
23 D -32.1553614117 0
23 E -31.4218215632 0
23 F -19.7783004689 0
23 G -29.2294566379 0
23 H -31.5581533153 0
23 I -30.4449483176 0
23 K -36.2707103352 0
23 L -29.4832721387 0
23 M -31.0959816659 0
23 N -31.6872784662 0
23 P -33.360943174 1
23 Q -30.9915086898 0
23 R -31.4161712674 0
23 S -31.6572244828 0
23 T -32.438727994 0
23 V -30.52736218 0
23 W -21.3807021824 0
23 Y -23.9260933424 0
24 A -26.8327325709 0
24 C -19.0569049941 0
24 D -31.9972220327 0
24 E -23.4112755641 0
24 F -20.8878575909 0
24 G -36.4498344769 0
24 H -22.9605050976 0
24 I -0.605058203324 0
24 K -28.9472607506 1
24 L -22.1420259891 0
24 M -20.4531638307 0
24 N -28.5531526078 0
24 P 35.0576039289 0
24 Q -25.4154988363 0
24 R -21.6188904412 0
24 S -33.8770225186 0
24 T -18.3773833384 0
24 V 0.389347265368 0
24 W -20.2960780846 0
24 Y -20.8640487479 0
25 A -31.6901643082 0
25 C -29.8112628158 0
25 D -32.8008839741 0
25 E -31.8165722994 0
25 F -31.8333447114 0
25 G -30.2957685827 0
25 H -33.5262395518 0
25 I 0.769924283459 0
25 K -33.7942766402 0
25 L -32.688790183 0
25 M -32.063717559 0
25 N -34.4515095898 0
25 P 31.9172868972 0
25 Q -32.4672962516 0
25 R -33.5262440408 1
25 S -31.9193107232 0
25 T -24.8939008962 0
25 V -16.7970233649 0
25 W -31.0011163877 0
25 Y -31.1159280431 0
26 A -27.5933944758 0
26 C -24.8990710999 0
26 D -29.3422078227 0
26 E -30.5786592364 0
26 F -29.1065782376 0
26 G -21.6746593208 0
26 H -29.6389890094 0
26 I -26.844492485 0
26 K -26.1962020974 0
26 L -23.4378983626 0
26 M -27.909581579 0
26 N -26.5250521 0
26 P -23.9063428613 0
26 Q -26.4282871095 0
26 R -26.0736078512 0
26 S -27.5697977927 0
26 T -26.8509352955 0
26 V -26.4420887326 0
26 W -37.4579224367 1
26 Y -28.4989328252 0
27 A -31.1633908446 0
27 C -27.9629593735 0
27 D -32.6338408825 0
27 E -34.2492767263 0
27 F -28.9023369463 0
27 G -29.9544327552 0
27 H -30.8727596574 0
27 I -30.5966068986 0
27 K -32.0641837847 0
27 L -31.4100570911 0
27 M -30.4380780298 0
27 N -31.2035515654 0
27 P -14.2002021716 0
27 Q -31.2303315974 0
27 R -31.6974876743 0
27 S -32.0777111867 1
27 T -31.1358681502 0
27 V -30.7506131094 0
27 W -29.4008274918 0
27 Y -28.5322749124 0
28 A -31.0381380055 0
28 C -28.2187133875 0
28 D -34.9404215117 0
28 E -32.1697071673 0
28 F -30.3268262605 0
28 G -28.6872704502 0
28 H -30.838856002 0
28 I -31.6102439949 0
28 K -30.2367803191 0
28 L -33.5579550258 0
28 M -31.0585886078 0
28 N -29.354815245 0
28 P 87.3068778612 0
28 Q -32.7323116831 0
28 R -31.1980539823 0
28 S -29.7017926846 0
28 T -30.2649721738 0
28 V -32.7942300583 1
28 W -29.5152333518 0
28 Y -30.8001972448 0
29 A -25.1153942068 0
29 C -24.6176503327 0
29 D -23.9315259352 0
29 E -22.5741769894 0
29 F -12.9264328594 0
29 G -20.8402364555 0
29 H -26.663331005 0
29 I -35.0733965332 1
29 K -25.8772499914 0
29 L -30.2589870607 0
29 M -26.118846775 0
29 N -26.7626697625 0
29 P 119.689066248 0
29 Q -27.319341834 0
29 R 37.1805162688 0
29 S -25.5729739512 0
29 T -29.7635682934 0
29 V -30.6096141744 0
29 W 101.572135307 0
29 Y 2.91210750571 0
30 A -40.7720364184 1
30 C -30.6245317456 0
30 D -28.5877708857 0
30 E -31.6667648042 0
30 F -6.42661876251 0
30 G -37.2366247125 0
30 H -18.7429010465 0
30 I 67.92929159 0
30 K -30.5542067516 0
30 L 7.19072239606 0
30 M -31.4801214309 0
30 N -25.5025578981 0
30 P 262.065684587 0
30 Q -23.4793761291 0
30 R -31.0125528754 0
30 S -37.349666477 0
30 T -29.5787709338 0
30 V -9.29419029226 0
30 W -22.9168825661 0
30 Y -0.21880719061 0
31 A -31.0694314739 0
31 C -28.6556267447 0
31 D -29.912616633 0
31 E -30.9082096046 0
31 F -27.6044779093 0
31 G -29.6845305345 0
31 H -29.4327889052 0
31 I -27.2780380953 0
31 K -30.4889137948 1
31 L -29.6306564619 0
31 M -29.0728348288 0
31 N -30.5560010122 0
31 P 156.11527668 0
31 Q -28.8945106789 0
31 R -30.1660520151 0
31 S -29.8098258602 0
31 T -28.581473401 0
31 V -24.9459714461 0
31 W -29.84771282 0
31 Y -27.5490652882 0
32 A -26.1176392127 0
32 C -25.3039870057 0
32 D -28.4103617787 0
32 E -27.8091923595 0
32 F -27.6318208631 0
32 G -23.7438649435 0
32 H -30.6067563188 1
32 I -28.2510289362 0
32 K -28.3239679607 0
32 L -25.4345674838 0
32 M -26.7475416809 0
32 N -27.7801528899 0
32 P 114.419636363 0
32 Q -27.1692197452 0
32 R -28.1434155744 0
32 S -26.043242796 0
32 T -27.5974183438 0
32 V -29.085631249 0
32 W -27.5518654292 0
32 Y -26.989589956 0
33 A -33.6522572522 0
33 C -33.3812027001 0
33 D -31.3356656601 0
33 E -32.2692239861 0
33 F 67.331357533 0
33 G -29.3945701274 0
33 H -25.8318015458 0
33 I -37.0222824635 0
33 K -27.9443565855 0
33 L -39.913144033 1
33 M -37.2215958773 0
33 N -38.4753069268 0
33 P 141.001796588 0
33 Q -35.8199012249 0
33 R -20.5949877176 0
33 S -30.5794846057 0
33 T -31.7604174307 0
33 V -35.833573672 0
33 W 371.001834151 0
33 Y 203.55064656 0
34 A -38.1854932953 0
34 C -35.4524557375 0
34 D -40.7996212306 0
34 E -38.8380575867 0
34 F -37.0331012978 0
34 G -36.4348336065 0
34 H -38.2168697768 0
34 I -38.127682901 0
34 K -39.9569627075 1
34 L -39.595902541 0
34 M -37.9934114327 0
34 N -39.7034817464 0
34 P 90.1583715069 0
34 Q -37.7577459982 0
34 R -39.596085503 0
34 S -37.9119778574 0
34 T -37.9010695482 0
34 V -38.604602017 0
34 W -36.2031520525 0
34 Y -36.4761857779 0
35 A -29.7366687501 0
35 C -26.9508734833 0
35 D -21.4974311118 0
35 E -19.6119248092 0
35 F -12.5020343476 0
35 G -38.5398080664 1
35 H -15.7814767329 0
35 I -17.5112420839 0
35 K -19.6311836464 0
35 L -21.6091763345 0
35 M -11.8155726669 0
35 N -23.0773609983 0
35 P 144.802879692 0
35 Q -20.4679886378 0
35 R -23.7353945304 0
35 S -26.2104211161 0
35 T -19.7064557203 0
35 V -19.8207226532 0
35 W 21.1682549277 0
35 Y -12.1311238368 0
36 A -34.7858373696 0
36 C -34.7676270537 0
36 D -30.582812652 0
36 E -32.303644713 0
36 F -25.9827903535 0
36 G -29.0091244229 0
36 H -29.1884107948 0
36 I -28.3599817374 0
36 K -34.2043189388 0
36 L -26.7522597042 0
36 M -37.9319185092 0
36 N -33.742079667 0
36 P -2.56420599095 0
36 Q -35.5376273366 0
36 R -29.2738313922 1
36 S -33.1595725587 0
36 T -35.1055933452 0
36 V -36.4635969602 0
36 W -39.0202417279 0
36 Y -25.2723503741 0
37 A -41.3803486833 0
37 C -37.7144135795 0
37 D -44.6967270146 0
37 E -41.3865229356 0
37 F -41.6017592327 0
37 G -42.3198968647 0
37 H -42.8219055381 0
37 I -39.6024220103 1
37 K -41.7040712774 0
37 L -41.6170015666 0
37 M -40.462742501 0
37 N -42.8092154153 0
37 P -42.5776371195 0
37 Q -42.8125445528 0
37 R -41.088363344 0
37 S -43.7733080576 0
37 T -42.719405061 0
37 V -40.020007435 0
37 W -41.6351014496 0
37 Y -41.5612896766 0
38 A -45.3488905786 0
38 C -41.1022645985 0
38 D -43.8774898627 0
38 E -45.3166279773 0
38 F -43.9196885841 0
38 G -42.414313696 1
38 H -45.937668143 0
38 I -37.6114799817 0
38 K -44.5942156978 0
38 L -42.3913930694 0
38 M -42.648178174 0
38 N -43.0171408783 0
38 P -45.6998852133 0
38 Q -41.9972590698 0
38 R -43.8333695975 0
38 S -44.7419006458 0
38 T -37.9763727167 0
38 V -37.9402612222 0
38 W -46.4915804374 0
38 Y -44.2303239223 0
39 A -33.1520490938 0
39 C -30.1526405355 0
39 D -34.299763117 0
39 E -34.686850908 0
39 F -30.1512306639 0
39 G -32.3199000379 0
39 H -32.6090065226 0
39 I -34.7625608735 0
39 K -32.2833577366 1
39 L -34.8315937813 0
39 M -32.4725206494 0
39 N -32.5924889224 0
39 P -16.2232224228 0
39 Q -32.1679178367 0
39 R -33.2585794669 0
39 S -33.1019113592 0
39 T -34.1068065356 0
39 V -34.6538577248 0
39 W -31.2405946133 0
39 Y -30.8601904758 0
40 A -43.0368925073 0
40 C -39.4376979252 0
40 D -40.1186574316 0
40 E -44.7612703248 0
40 F -36.5077724421 0
40 G -39.1606330314 0
40 H -31.0684795059 0
40 I -36.9709164188 0
40 K -40.3065823307 0
40 L -43.8445741091 0
40 M -43.4964477816 0
40 N -40.6333369807 0
40 P -17.7022589577 0
40 Q -42.7075101643 1
40 R -39.3685699532 0
40 S -40.9064394376 0
40 T -39.7477530611 0
40 V -29.9223114024 0
40 W -38.2620092372 0
40 Y -36.8628179149 0
41 A -42.7631692603 0
41 C -44.0668503093 1
41 D -38.7762496691 0
41 E -35.4706354508 0
41 F 196.808127928 0
41 G -38.4426951098 0
41 H -5.32710091449 0
41 I -40.0093821222 0
41 K -1.49870529794 0
41 L -35.8134578554 0
41 M -31.5251707814 0
41 N -43.3114198882 0
41 P 187.519451638 0
41 Q -33.5760467821 0
41 R -5.46588665901 0
41 S -40.747796467 0
41 T -41.2482831697 0
41 V -17.287079839 0
41 W 98.9408535604 0
41 Y 269.466791694 0
42 A -36.791901941 0
42 C -31.6711025712 0
42 D -30.8352906073 0
42 E -34.480713132 0
42 F -37.1173542922 0
42 G -33.7224129734 0
42 H -35.5528190797 0
42 I -25.0521720429 0
42 K -33.0260116996 0
42 L -32.0990671192 0
42 M -32.3014211462 0
42 N -32.0745640485 0
42 P 240.654844569 0
42 Q -32.2470484619 0
42 R -34.3864057885 1
42 S -35.112897656 0
42 T -33.3118044366 0
42 V 28.0610230545 0
42 W -32.373907981 0
42 Y -34.4838250907 0
43 A -39.4848406011 0
43 C -36.902558812 0
43 D -43.8354876499 0
43 E -39.1045623781 1
43 F -34.5858637593 0
43 G -38.2222757757 0
43 H -35.7631860206 0
43 I -38.4035939783 0
43 K -37.4589210905 0
43 L -41.1115760755 0
43 M -38.8143352437 0
43 N -39.1030379227 0
43 P 277.217872141 0
43 Q -38.3656161681 0
43 R -38.041339088 0
43 S -38.1629228421 0
43 T -34.4593046326 0
43 V -36.5604521462 0
43 W -34.7769430319 0
43 Y -33.639195405 0
44 A -41.3924526937 0
44 C -41.4504641789 0
44 D -35.2373299989 0
44 E -37.90757994 0
44 F -34.0819443884 0
44 G -35.5013501903 0
44 H -34.6262375333 0
44 I -34.3418053769 0
44 K -39.4270296853 0
44 L -36.3949486978 0
44 M -40.0873577131 0
44 N -39.4128401262 0
44 P 215.710588392 0
44 Q -39.21733713 0
44 R -47.3981696602 1
44 S -40.8322874001 0
44 T -40.5853033417 0
44 V -35.994736924 0
44 W -37.0830118987 0
44 Y -29.5432611734 0
45 A -35.6821661615 0
45 C -32.2774561365 0
45 D -32.3415674001 0
45 E -34.964633508 0
45 F -41.3158542823 0
45 G -33.1974348585 0
45 H -37.4643368086 0
45 I -33.5946210279 0
45 K -37.287968211 0
45 L -31.467709933 0
45 M -37.7684876792 0
45 N -36.053321127 0
45 P 52.4456852773 0
45 Q -35.0298957082 0
45 R -35.0210081836 0
45 S -33.2666987565 0
45 T -35.7129348958 0
45 V -36.0468277955 0
45 W -47.2536475771 1
45 Y -39.9314145201 0
46 A -40.07715615 0
46 C -40.4877635085 0
46 D -43.4293522868 0
46 E -41.9824108815 0
46 F -33.0070431952 0
46 G -39.7425351425 0
46 H -45.5115012803 1
46 I -17.7253539952 0
46 K -43.3580670394 0
46 L -40.1276369751 0
46 M -41.1669797491 0
46 N -40.9799654572 0
46 P 357.592741785 0
46 Q -42.5035823607 0
46 R -42.9077092143 0
46 S -40.288057999 0
46 T -40.4903475259 0
46 V -13.772762328 0
46 W -19.9705302895 0
46 Y -31.5807210917 0
47 A -40.0531478323 0
47 C -37.7563494943 0
47 D -39.9503649094 0
47 E -41.0287224421 0
47 F -37.1542735514 0
47 G -42.0211759112 0
47 H -40.5195669839 0
47 I -42.4908056394 0
47 K -44.5809295633 0
47 L -42.7945577374 0
47 M -38.1945042828 0
47 N -40.723259378 1
47 P 208.866654614 0
47 Q -41.1612091839 0
47 R -46.4280028558 0
47 S -41.8366561229 0
47 T -45.6368602374 0
47 V -40.2449827368 0
47 W -42.2260424376 0
47 Y -40.090289278 0
48 A -38.8214398336 0
48 C -38.9585725174 0
48 D -41.0154144576 0
48 E -42.3525261875 0
48 F -40.5343025261 0
48 G -37.7072230749 0
48 H -41.8288598498 1
48 I -39.7497119756 0
48 K -42.5834808784 0
48 L -41.7781568825 0
48 M -39.1037114575 0
48 N -40.8060527074 0
48 P -16.1942987861 0
48 Q -40.492126086 0
48 R -42.3266488093 0
48 S -41.173208231 0
48 T -42.1617406509 0
48 V -41.2506917838 0
48 W -39.1468070998 0
48 Y -41.1171378099 0
49 A -35.6361321218 0
49 C -34.427197617 0
49 D -37.2600079696 0
49 E -35.6506593886 0
49 F -17.0299610315 0
49 G -30.5960888851 0
49 H -31.152078989 0
49 I -37.9861871917 0
49 K -34.3755279825 0
49 L -41.9125679556 1
49 M -36.5646392067 0
49 N -40.683917451 0
49 P 135.773163161 0
49 Q -34.891556876 0
49 R -36.8146079343 0
49 S -34.3939320896 0
49 T -34.320492497 0
49 V -38.7063954833 0
49 W -23.3837219634 0
49 Y -21.6082411329 0
50 A -41.5474665033 0
50 C -38.248882034 0
50 D -39.0359903614 0
50 E -36.6064729873 0
50 F -40.7098066311 0
50 G -29.4115947998 0
50 H -42.9130997507 0
50 I -31.7986069209 0
50 K -41.729429093 0
50 L -38.7303183288 0
50 M -39.882453664 0
50 N -40.2060013498 1
50 P 258.005413521 0
50 Q -37.9944345023 0
50 R -42.0612080372 0
50 S -37.9512559553 0
50 T -30.877075657 0
50 V -33.2267942209 0
50 W -42.0282263061 0
50 Y -39.921738542 0
51 A -31.5157989339 0
51 C -30.2723253803 0
51 D -38.3862028351 0
51 E -35.0606900449 0
51 F -31.4799254121 0
51 G -32.2418915336 0
51 H -38.4627438345 0
51 I -29.6649450259 0
51 K -32.7783541654 0
51 L -32.5901820225 0
51 M -32.3887333655 0
51 N -32.438226427 0
51 P -40.3138662344 1
51 Q -31.4933200537 0
51 R -32.6260826308 0
51 S -33.8911071818 0
51 T -33.9969728102 0
51 V -29.7676732422 0
51 W -37.5046128394 0
51 Y -36.2219009931 0
52 A -31.3091479207 0
52 C -30.2987870488 0
52 D -36.4504278681 0
52 E -36.5064384974 1
52 F -35.0555284166 0
52 G -31.168317611 0
52 H -34.5517280246 0
52 I -30.4519765333 0
52 K -35.7994812149 0
52 L -37.8833681801 0
52 M -36.7927750886 0
52 N -35.7299136402 0
52 P -14.1480315876 0
52 Q -34.3418177049 0
52 R -34.7748766927 0
52 S -31.8845105804 0
52 T -30.8518573961 0
52 V -29.655575872 0
52 W -34.8433583996 0
52 Y -36.1281120106 0
