1 A -167.987753029 0
1 C -166.116721551 0
1 D -169.486153388 0
1 E -168.090596355 0
1 F -167.312529481 0
1 G -167.484625245 0
1 H -170.348514026 0
1 I -162.800883005 0
1 K -168.590069737 1
1 L -170.715008638 0
1 M -168.955272327 0
1 N -168.214734363 0
1 P -169.784849962 0
1 Q -168.232030226 0
1 R -167.949948458 0
1 S -168.707102256 0
1 T -164.487300542 0
1 V -161.132817791 0
1 W -165.194384964 0
1 Y -167.272816652 0
2 A -169.900078779 0
2 C -165.81371143 0
2 D -169.4449384 0
2 E -169.700456406 0
2 F -168.143256683 0
2 G -169.335215995 0
2 H -169.122286254 0
2 I -164.324803835 0
2 K -169.401895289 0
2 L -169.989726247 0
2 M -168.309724467 0
2 N -169.065164139 0
2 P -168.807063093 0
2 Q -167.97595965 0
2 R -170.499471873 0
2 S -169.585914739 1
2 T -167.382358095 0
2 V -166.343878869 0
2 W -167.906151509 0
2 Y -167.644067267 0
3 A -169.209278998 0
3 C -165.167448543 0
3 D -169.572843183 0
3 E -170.415759743 0
3 F -168.326107031 0
3 G -167.892137905 0
3 H -167.057737165 0
3 I -167.646527739 0
3 K -169.078527922 0
3 L -165.981628435 0
3 M -167.672084956 0
3 N -165.24744122 0
3 P -170.637908247 1
3 Q -168.522203736 0
3 R -168.758906796 0
3 S -169.645932896 0
3 T -169.88952488 0
3 V -167.865373166 0
3 W -166.132898592 0
3 Y -167.633649918 0
4 A -166.829389197 0
4 C -163.896044722 0
4 D -168.407378813 0
4 E -169.744950412 1
4 F -164.914779777 0
4 G -165.810829176 0
4 H -166.687987349 0
4 I -166.026831716 0
4 K -167.906841576 0
4 L -167.484641617 0
4 M -166.30530149 0
4 N -166.928206115 0
4 P -149.560788113 0
4 Q -167.133833298 0
4 R -167.298002629 0
4 S -167.309888742 0
4 T -166.333362404 0
4 V -166.104880472 0
4 W -164.965907668 0
4 Y -164.891155521 0
5 A -167.396880769 0
5 C -163.714553438 0
5 D -168.082278192 0
5 E -169.283349544 1
5 F -163.609127228 0
5 G -165.308164824 0
5 H -166.087686975 0
5 I -167.403492262 0
5 K -166.792650167 0
5 L -167.783770281 0
5 M -166.473964451 0
5 N -164.97981158 0
5 P -46.7190511084 0
5 Q -168.784966092 0
5 R -165.894192753 0
5 S -166.407990723 0
5 T -167.169902792 0
5 V -167.472897354 0
5 W -165.143031662 0
5 Y -163.469364952 0
6 A -167.418490412 0
6 C -166.173369242 0
6 D -166.34907173 0
6 E -169.246047465 0
6 F -152.374035805 0
6 G -162.029319606 0
6 H -160.291004715 0
6 I -166.356033947 0
6 K -168.152932773 0
6 L -172.573513137 1
6 M -170.02470816 0
6 N -169.105281648 0
6 P 108.401953052 0
6 Q -170.053181179 0
6 R -168.77334401 0
6 S -165.624320165 0
6 T -164.215521917 0
6 V -167.241647808 0
6 W -157.416949369 0
6 Y -149.229074323 0
7 A -171.951056761 0
7 C -168.323126933 0
7 D -168.423631076 0
7 E -170.649042598 0
7 F -170.602957669 0
7 G -169.112053488 0
7 H -171.028200202 0
7 I -168.73654045 0
7 K -172.115646157 1
7 L -174.14937511 0
7 M -170.753997099 0
7 N -170.045927388 0
7 P 170.326876027 0
7 Q -170.267768668 0
7 R -172.429586114 0
7 S -169.956252007 0
7 T -171.445582368 0
7 V -157.10674518 0
7 W -168.040476385 0
7 Y -169.862643277 0
8 A -173.523154206 0
8 C -170.741229345 0
8 D -171.848546835 0
8 E -174.337608094 0
8 F -171.945991178 0
8 G -172.231047922 1
8 H -172.732941725 0
8 I -173.103255816 0
8 K -174.321080252 0
8 L -174.021708204 0
8 M -172.994530982 0
8 N -171.983272762 0
8 P 6.52534213307 0
8 Q -172.642545491 0
8 R -173.96971856 0
8 S -172.589972023 0
8 T -172.532664529 0
8 V -173.021631103 0
8 W -173.614530539 0
8 Y -171.314508268 0
9 A -167.227947938 0
9 C -164.775041182 0
9 D -168.841202879 0
9 E -169.24379382 0
9 F -166.440889241 0
9 G -163.563187437 0
9 H -168.949376306 0
9 I -173.578854994 1
9 K -168.265139901 0
9 L -171.019541927 0
9 M -165.779979957 0
9 N -167.336313245 0
9 P -6.73544227225 0
9 Q -168.914207473 0
9 R -166.837175275 0
9 S -166.285288578 0
9 T -168.706039631 0
9 V -171.195588634 0
9 W -161.987752463 0
9 Y -166.609379474 0
10 A -159.549386021 0
10 C -158.339377024 0
10 D -158.868461192 0
10 E -157.196901143 0
10 F -172.531429908 1
10 G -156.371399229 0
10 H -165.150362405 0
10 I -124.573719642 0
10 K -154.959801274 0
10 L -161.007055081 0
10 M -158.794752358 0
10 N -159.701848129 0
10 P 131.225870519 0
10 Q -157.789557627 0
10 R -157.453314757 0
10 S -158.799118385 0
10 T -159.504298147 0
10 V -159.029082776 0
10 W -149.111962036 0
10 Y -167.203620367 0
11 A -172.259334497 0
11 C -169.999036346 0
11 D -175.904545165 0
11 E -174.522444043 1
11 F -171.621984039 0
11 G -170.651446789 0
11 H -172.325582281 0
11 I -173.074991249 0
11 K -172.433110567 0
11 L -174.571298386 0
11 M -172.551261504 0
11 N -172.052308907 0
11 P 66.1849596693 0
11 Q -171.39408143 0
11 R -172.653877542 0
11 S -171.586745691 0
11 T -171.866435572 0
11 V -172.238821917 0
11 W -172.828952055 0
11 Y -171.46427301 0
12 A -172.222230875 0
12 C -169.453268771 0
12 D -170.933068931 0
12 E -172.396294699 0
12 F -172.326321236 0
12 G -170.226698762 0
12 H -173.346583264 0
12 I -170.805652311 0
12 K -173.482404435 1
12 L -173.105994772 0
12 M -170.727423835 0
12 N -171.202366211 0
12 P 113.937647871 0
12 Q -170.926403248 0
12 R -172.636120892 0
12 S -171.785599552 0
12 T -172.706644387 0
12 V -166.432162266 0
12 W -171.614524391 0
12 Y -172.371454713 0
13 A -173.41080394 0
13 C -171.938768705 0
13 D -175.164405901 0
13 E -177.652795184 0
13 F -179.254455195 0
13 G -168.602891782 0
13 H -177.022412373 0
13 I -173.996341329 0
13 K -172.671640316 0
13 L -175.579120251 0
13 M -175.616097316 0
13 N -174.260995843 0
13 P -97.6420398734 0
13 Q -174.248800527 0
13 R -176.565518347 0
13 S -172.260893983 0
13 T -171.881094604 0
13 V -173.746895982 0
13 W -180.016569153 0
13 Y -180.839403598 1
14 A -179.616496293 1
14 C -176.508290617 0
14 D -153.17858305 0
14 E -107.207069511 0
14 F 480.994105402 0
14 G -174.488469094 0
14 H 100.014234294 0
14 I -63.1503264382 0
14 K -54.9072167099 0
14 L 54.8622951884 0
14 M -15.8144832268 0
14 N -147.440615356 0
14 P 87.8227477597 0
14 Q -62.4480892817 0
14 R -61.2026043051 0
14 S -176.376396689 0
14 T -168.265367173 0
14 V -144.976205255 0
14 W 81.0161116887 0
14 Y 153.044454888 0
15 A -178.044505806 1
15 C -174.689916515 0
15 D -176.033373719 0
15 E -175.463475448 0
15 F -176.656123418 0
15 G -176.721023184 0
15 H -176.959272054 0
15 I -170.839564447 0
15 K -176.445241093 0
15 L -175.98077212 0
15 M -176.096123669 0
15 N -178.28120753 0
15 P 134.585893211 0
15 Q -175.143237719 0
15 R -176.575174814 0
15 S -177.49220973 0
15 T -175.131124402 0
15 V -153.038247327 0
15 W -176.140191406 0
15 Y -175.640081428 0
16 A -177.927586036 0
16 C -175.389009575 0
16 D -177.648078292 0
16 E -179.316055246 0
16 F -177.947456439 0
16 G -176.625244798 0
16 H -178.418301468 0
16 I -176.818578078 0
16 K -178.399227925 1
16 L -180.858473968 0
16 M -179.674126619 0
16 N -178.721418823 0
16 P 84.38910912 0
16 Q -177.942586084 0
16 R -179.654565998 0
16 S -176.449639398 0
16 T -177.458339051 0
16 V -172.870854328 0
16 W -175.018639772 0
16 Y -177.496663469 0
17 A -174.26405783 0
17 C -173.593077105 0
17 D -179.339835733 0
17 E -175.190107583 1
17 F -175.724470095 0
17 G -175.04468178 0
17 H -175.081519148 0
17 I -168.606486218 0
17 K -175.570912062 0
17 L -171.2538039 0
17 M -173.736929355 0
17 N -177.833460678 0
17 P -123.444284222 0
17 Q -175.852145889 0
17 R -176.103408087 0
17 S -176.171581549 0
17 T -175.527360916 0
17 V -168.018027162 0
17 W -172.938741554 0
17 Y -176.453295049 0
18 A -170.15813268 0
18 C -159.908712514 0
18 D -168.584253852 0
18 E -160.936938755 0
18 F -157.570379588 0
18 G -176.206049981 1
18 H -159.618797684 0
18 I -132.66878449 0
18 K -169.665536333 0
18 L -162.404960292 0
18 M -160.258855976 0
18 N -171.100212553 0
18 P -120.874915299 0
18 Q -167.664279302 0
18 R -160.747394534 0
18 S -176.766979862 0
18 T -157.341101236 0
18 V -133.935277509 0
18 W -159.47117495 0
18 Y -158.274155782 0
19 A -167.548474304 0
19 C -168.453319666 0
19 D -173.342174641 1
19 E -170.086882924 0
19 F -166.082886942 0
19 G -163.463167093 0
19 H -167.269497324 0
19 I -170.784299799 0
19 K -169.852200336 0
19 L -168.008259802 0
19 M -167.23717305 0
19 N -172.475739768 0
19 P -164.747550284 0
19 Q -166.416719548 0
19 R -174.357136509 0
19 S -167.986087917 0
19 T -169.404156092 0
19 V -170.581743339 0
19 W -166.161604054 0
19 Y -165.019619217 0
20 A -170.821744133 0
20 C -169.104187343 0
20 D -170.545921652 0
20 E -172.126338715 0
20 F -172.090055241 0
20 G -170.075263451 0
20 H -172.665142552 0
20 I -170.491875173 0
20 K -172.391071395 0
20 L -166.414121791 0
20 M -170.518656746 0
20 N -170.340207865 0
20 P -172.914745081 1
20 Q -170.759863216 0
20 R -171.196367138 0
20 S -172.170018815 0
20 T -171.24451559 0
20 V -170.211653938 0
20 W -172.500294327 0
20 Y -171.351084321 0
21 A -166.952291111 0
21 C -165.038278085 0
21 D -168.30063645 0
21 E -168.043168631 0
21 F -168.13754575 0
21 G -166.820412687 0
21 H -169.568038437 0
21 I -157.025583951 0
21 K -168.469629924 0
21 L -168.269726779 0
21 M -167.394298286 0
21 N -168.861240061 1
21 P -129.173934982 0
21 Q -169.134496639 0
21 R -168.445022746 0
21 S -168.806490258 0
21 T -168.887465917 0
21 V -157.755011151 0
21 W -166.644943028 0
21 Y -167.80961526 0
22 A -169.576760864 0
22 C -167.569421873 0
22 D -165.29361296 0
22 E -168.512161961 0
22 F -174.569674734 0
22 G -167.593684472 0
22 H -174.934528781 0
22 I -151.600269272 0
22 K -175.933807139 0
22 L -172.669479765 0
22 M -176.781174886 0
22 N -170.000226214 0
22 P -112.427862753 0
22 Q -171.064067076 1
22 R -177.118156628 0
22 S -168.8641614 0
22 T -169.939157642 0
22 V -163.282920887 0
22 W -176.493865604 0
22 Y -174.628315571 0
23 A -160.153071876 0
23 C -161.037550336 0
23 D -154.015113143 0
23 E -160.088377472 0
23 F 219.646712713 0
23 G -155.010242801 0
23 H -30.5245816874 0
23 I -165.790569091 0
23 K -151.957093641 0
23 L -170.064562832 1
23 M -163.36520571 0
23 N -158.572797788 0
23 P -84.4537601004 0
23 Q -161.075034199 0
23 R -145.357373032 0
23 S -159.991628284 0
23 T -162.574852836 0
23 V -163.54042337 0
23 W 265.952083166 0
23 Y -113.805379126 0
24 A -167.103108045 0
24 C -172.042715875 0
24 D -166.40907545 0
24 E -171.969813185 0
24 F -172.353200905 0
24 G -166.902107035 0
24 H -170.571379061 0
24 I -170.377806394 0
24 K -172.864206671 0
24 L -166.74550504 0
24 M -173.689275759 0
24 N -167.801552498 0
24 P -166.040555608 0
24 Q -169.580573783 0
24 R -170.852196273 0
24 S -175.62762491 1
24 T -173.100024774 0
24 V -170.066492523 0
24 W -142.304515429 0
24 Y -165.431579992 0
25 A -170.389853973 0
25 C -166.475660948 0
25 D -168.359594962 0
25 E -167.596268859 0
25 F -166.509732785 0
25 G -167.550820713 0
25 H -168.882980327 0
25 I -171.365785832 0
25 K -171.965827003 1
25 L -173.841853676 0
25 M -169.698309793 0
25 N -167.685291622 0
25 P -153.801298895 0
25 Q -169.564925165 0
25 R -169.932728971 0
25 S -169.334434995 0
25 T -167.768600265 0
25 V -169.461262232 0
25 W -166.483974864 0
25 Y -166.519517218 0
26 A -168.301410378 0
26 C -165.193165925 0
26 D -169.445549724 0
26 E -170.54633731 1
26 F -172.67413864 0
26 G -167.285104658 0
26 H -168.30135186 0
26 I -167.527790592 0
26 K -169.424632288 0
26 L -169.138004028 0
26 M -168.053316843 0
26 N -168.715635008 0
26 P -153.641020616 0
26 Q -167.282275214 0
26 R -172.896819542 0
26 S -168.706331223 0
26 T -167.798826843 0
26 V -167.726729862 0
26 W -173.121784198 0
26 Y -172.727728631 0
27 A -176.28090935 0
27 C -175.069686441 0
27 D -178.565585097 0
27 E -177.835460245 1
27 F -173.206139522 0
27 G -171.342352449 0
27 H -176.948146961 0
27 I -172.551374339 0
27 K -171.004482557 0
27 L -180.980928199 0
27 M -176.8844076 0
27 N -177.723913298 0
27 P -144.552531429 0
27 Q -180.19341707 0
27 R -174.948684966 0
27 S -176.783168826 0
27 T -173.691813219 0
27 V -172.781770082 0
27 W -165.665935917 0
27 Y -171.401548825 0
28 A -163.652691406 0
28 C -162.591561792 0
28 D -162.612816039 0
28 E -165.26389512 0
28 F -162.28576821 0
28 G -160.233488404 0
28 H -165.138205837 0
28 I -110.689436007 0
28 K -159.291414343 0
28 L -172.116016354 1
28 M -167.616719471 0
28 N -163.170853896 0
28 P 40.9420596699 0
28 Q -164.370017989 0
28 R -158.502211472 0
28 S -162.922608394 0
28 T -165.014984792 0
28 V -164.313034537 0
28 W -123.813274341 0
28 Y -159.93454762 0
29 A -171.571062157 0
29 C -169.648424711 0
29 D -169.835316983 0
29 E -173.292086846 0
29 F -172.186061392 0
29 G -169.680235969 0
29 H -171.299529321 0
29 I -173.298891086 0
29 K -173.879243891 1
29 L -173.855226735 0
29 M -172.172319026 0
29 N -169.769307214 0
29 P 121.758181692 0
29 Q -172.30279768 0
29 R -173.46695281 0
29 S -170.689671781 0
29 T -171.858823392 0
29 V -172.822870892 0
29 W -169.694475204 0
29 Y -171.938427487 0
30 A -171.049074386 0
30 C -167.94163732 0
30 D -171.043178667 0
30 E -175.782570244 0
30 F -169.434365398 0
30 G -169.25696431 0
30 H -170.678450043 0
30 I -171.038776887 0
30 K -171.697175023 0
30 L -172.529231364 1
30 M -173.959730339 0
30 N -170.613932208 0
30 P 24.5533636137 0
30 Q -170.864680509 0
30 R -178.069902993 0
30 S -170.422075669 0
30 T -171.18877006 0
30 V -171.463124773 0
30 W -170.103841772 0
30 Y -169.543351212 0
31 A -166.008947121 0
31 C -164.708015135 0
31 D -161.408948057 0
31 E -162.825442004 0
31 F -87.2892839363 0
31 G -161.703708761 0
31 H -149.569657327 0
31 I -150.900439247 0
31 K -155.700728795 0
31 L -172.904650131 1
31 M -167.199249305 0
31 N -162.50589239 0
31 P 113.486598284 0
31 Q -161.531437344 0
31 R -82.0942432548 0
31 S -164.207003499 0
31 T -166.370575324 0
31 V -153.102146971 0
31 W -23.5891559205 0
31 Y -132.725592818 0
32 A -164.362906389 0
32 C -163.489293818 0
32 D -164.893690838 0
32 E -165.385802509 0
32 F -170.133840177 0
32 G -161.034003705 0
32 H -167.2494089 0
32 I -165.350482733 0
32 K -160.905726868 0
32 L -173.013201218 1
32 M -170.006328924 0
32 N -166.215283732 0
32 P 42.6966779401 0
32 Q -166.224907701 0
32 R -155.971108559 0
32 S -162.790110716 0
32 T -161.116680594 0
32 V -163.028282262 0
32 W -162.227078847 0
32 Y -166.90872526 0
33 A -172.997405445 0
33 C -169.391320782 0
33 D -170.577056866 0
33 E -173.085928346 0
33 F -171.799529865 0
33 G -170.41970596 0
33 H -172.876879835 0
33 I -168.89036792 0
33 K -173.354165523 0
33 L -173.447896058 0
33 M -172.404389921 0
33 N -170.931852643 0
33 P 171.511500342 0
33 Q -171.483284336 1
33 R -172.400260266 0
33 S -171.820918076 0
33 T -172.900375165 0
33 V -153.51396978 0
33 W -171.915225904 0
33 Y -171.720811741 0
34 A -170.427917714 0
34 C -169.384620585 0
34 D -172.19643567 0
34 E -174.723035389 0
34 F -171.492820851 0
34 G -169.7665374 0
34 H -172.594567218 0
34 I -170.12952869 0
34 K -172.85169881 0
34 L -173.680603079 0
34 M -171.482044151 0
34 N -171.923344869 0
34 P -1.39613643897 0
34 Q -171.105470762 0
34 R -175.316560228 0
34 S -171.395449213 0
34 T -171.652502483 1
34 V -170.715912893 0
34 W -170.663340718 0
34 Y -171.460340892 0
35 A -168.973311731 0
35 C -168.139098941 0
35 D -171.567231423 0
35 E -174.028270348 1
35 F -160.579848856 0
35 G -165.284579282 0
35 H -169.519018653 0
35 I -173.301766836 0
35 K -165.820987191 0
35 L -170.133062305 0
35 M -169.852133192 0
35 N -169.24724274 0
35 P 52.6999146465 0
35 Q -171.02701336 0
35 R -167.087678934 0
35 S -167.963105256 0
35 T -167.271247367 0
35 V -172.248746723 0
35 W -164.717859908 0
35 Y -157.416735486 0
36 A -162.970471284 0
36 C -163.154034843 0
36 D -163.249033611 0
36 E -163.279242903 0
36 F -171.826041182 1
36 G -149.672462283 0
36 H -168.815475864 0
36 I -152.621262106 0
36 K -161.790630882 0
36 L -165.044147841 0
36 M -164.195469173 0
36 N -165.525567285 0
36 P -84.6035300703 0
36 Q -164.057557402 0
36 R -163.526841379 0
36 S -161.29034735 0
36 T -162.056274486 0
36 V -152.473529388 0
36 W -164.651301863 0
36 Y -167.896807428 0
37 A -166.350622013 0
37 C -163.477847964 0
37 D -168.042854904 0
37 E -166.387399518 0
37 F -165.205747758 0
37 G -165.666561114 0
37 H -168.075706783 0
37 I -164.692552653 0
37 K -166.960461172 0
37 L -165.16410076 0
37 M -164.058098652 0
37 N -166.286934259 0
37 P -170.930635358 1
37 Q -164.486324217 0
37 R -166.327887154 0
37 S -168.313379853 0
37 T -164.120073837 0
37 V -164.953938858 0
37 W -165.27935062 0
37 Y -165.187807192 0
38 A -165.485094725 0
38 C -164.768490706 0
38 D -168.13122542 0
38 E -169.905422997 0
38 F -164.253796066 0
38 G -165.328056767 0
38 H -171.026738677 0
38 I -165.367591936 0
38 K -167.603212462 0
38 L -166.704737297 0
38 M -167.191264064 0
38 N -166.861103503 0
38 P -145.049671392 0
38 Q -168.462745385 0
38 R -166.921579438 0
38 S -168.005813747 1
38 T -166.896946669 0
38 V -165.717688362 0
38 W -171.731341017 0
38 Y -164.38035753 0
39 A -162.561480218 0
39 C -161.147020552 0
39 D -161.209041041 0
39 E -162.534536141 0
39 F -162.884831844 0
39 G -160.441056681 0
39 H -163.416903226 0
39 I -159.479208008 0
39 K -161.259971266 0
39 L -168.503157088 1
39 M -165.054012834 0
39 N -162.541897785 0
39 P 82.380536312 0
39 Q -164.894936109 0
39 R -162.449602885 0
39 S -162.433895046 0
39 T -162.779853802 0
39 V -160.095542269 0
39 W -160.122366417 0
39 Y -162.447594862 0
40 A -162.040958227 0
40 C -164.113757361 0
40 D -165.086327119 0
40 E -163.766048888 0
40 F -159.327414527 0
40 G -161.86022692 0
40 H -160.701124437 0
40 I -158.705805256 0
40 K -162.267763831 0
40 L -170.224596758 1
40 M -168.079988106 0
40 N -166.169706277 0
40 P 20.9887948716 0
40 Q -164.967472426 0
40 R -163.930636695 0
40 S -164.267648814 0
40 T -166.205653098 0
40 V -146.422405135 0
40 W -30.5809806247 0
40 Y -15.9392504647 0
41 A -166.948618627 0
41 C -166.544641479 0
41 D -167.474751789 0
41 E -168.447706871 0
41 F -165.783587735 0
41 G -165.876813709 0
41 H -166.800894848 0
41 I -165.626771126 0
41 K -168.629658668 1
41 L -169.364476345 0
41 M -167.904121923 0
41 N -167.297855474 0
41 P -87.4907430474 0
41 Q -168.329929324 0
41 R -168.406905527 0
41 S -167.7137752 0
41 T -167.015307942 0
41 V -165.937273691 0
41 W -167.90606852 0
41 Y -165.209323446 0
42 A -150.333981833 0
42 C -148.478996324 0
42 D -152.112357474 0
42 E -150.322372515 0
42 F -149.36725602 0
42 G -168.95883484 1
42 H -150.030730767 0
42 I -136.166638886 0
42 K -149.52686734 0
42 L -151.180999618 0
42 M -149.084387305 0
42 N -149.909597433 0
42 P -119.380270937 0
42 Q -148.081112178 0
42 R -149.192406926 0
42 S -147.254310609 0
42 T -148.286940446 0
42 V -132.485567145 0
42 W -148.308801471 0
42 Y -149.135045997 0
43 A -164.685833114 0
43 C -163.234412512 0
43 D -166.787622583 0
43 E -166.751969892 0
43 F -166.003554251 0
43 G -163.651384293 0
43 H -165.929006797 0
43 I -165.386050904 0
43 K -166.472044717 0
43 L -165.660977441 0
43 M -164.198709247 0
43 N -165.220060475 0
43 P -167.700835085 1
43 Q -164.268791063 0
43 R -165.646476884 0
43 S -166.100593958 0
43 T -165.929735936 0
43 V -165.423369616 0
43 W -165.593512142 0
43 Y -166.165153797 0
44 A -165.961790037 0
44 C -166.462615845 0
44 D -163.43491724 0
44 E -166.925019488 0
44 F 293.66512743 0
44 G -164.856983571 0
44 H -165.804110472 0
44 I -167.54207744 0
44 K -168.489394628 0
44 L -172.422256041 0
44 M -167.937424157 0
44 N -166.918197181 0
44 P -162.013922761 0
44 Q -168.933302531 0
44 R -168.219975835 0
44 S -169.7379643 1
44 T -169.243292623 0
44 V -167.315530039 0
44 W 34.2372860859 0
44 Y -163.879994227 0
45 A -167.023148483 0
45 C -165.150148801 0
45 D -167.689710528 0
45 E -170.175377332 0
45 F -167.900929298 0
45 G -166.397616354 0
45 H -168.97978237 0
45 I -168.0652929 0
45 K -172.861762837 0
45 L -169.122218859 0
45 M -167.131740843 0
45 N -167.889428628 0
45 P -163.283266036 0
45 Q -166.791705423 0
45 R -175.01868396 0
45 S -170.982494481 0
45 T -171.349650422 1
45 V -169.307398995 0
45 W -166.495788148 0
45 Y -167.679475207 0
46 A -164.792150333 0
46 C -162.323282385 0
46 D -163.478592642 0
46 E -166.789260798 0
46 F -164.40488793 0
46 G -162.008738397 0
46 H -163.908463209 0
46 I -165.967343445 0
46 K -162.098415616 0
46 L -171.023835588 1
46 M -166.989763189 0
46 N -164.507692204 0
46 P -95.9219445669 0
46 Q -165.08024641 0
46 R -162.955018356 0
46 S -164.225187647 0
46 T -164.991326541 0
46 V -162.50530311 0
46 W -36.6594769252 0
46 Y -152.738665043 0
47 A -163.861294018 0
47 C -161.325963873 0
47 D -169.634517882 1
47 E -166.578595001 0
47 F -160.873901181 0
47 G -163.231275976 0
47 H -165.455961443 0
47 I -164.015555711 0
47 K -164.545292634 0
47 L -160.367194578 0
47 M -162.67202047 0
47 N -165.077792614 0
47 P -158.771790825 0
47 Q -164.118567839 0
47 R -165.14500036 0
47 S -164.714817583 0
47 T -163.836144627 0
47 V -164.239869264 0
47 W -161.061424225 0
47 Y -160.896105337 0
48 A -166.633124129 0
48 C -163.909595065 0
48 D -168.149518513 0
48 E -168.629469644 1
48 F -165.423546615 0
48 G -165.462821208 0
48 H -166.706151711 0
48 I -167.687287262 0
48 K -168.121719719 0
48 L -167.85983229 0
48 M -166.678333263 0
48 N -166.358889402 0
48 P -136.198756052 0
48 Q -167.179256787 0
48 R -167.674720014 0
48 S -167.134305111 0
48 T -167.163497828 0
48 V -167.421992293 0
48 W -165.486707308 0
48 Y -165.16508605 0
49 A -163.310215837 0
49 C -165.248260722 0
49 D -166.675204572 0
49 E -166.988589572 0
49 F -166.94817472 0
49 G -160.299608221 0
49 H -166.793367968 0
49 I -169.721314272 0
49 K -165.12658319 0
49 L -172.087386971 1
49 M -167.459509452 0
49 N -165.437530063 0
49 P 7.35100335918 0
49 Q -166.672324484 0
49 R -167.461582057 0
49 S -165.414267183 0
49 T -165.304301911 0
49 V -164.965756541 0
49 W -165.848594265 0
49 Y -171.243321903 0
50 A -163.599790295 0
50 C -162.388373111 0
50 D -161.290185079 0
50 E -162.324262878 0
50 F -171.068081733 1
50 G -159.962410927 0
50 H -165.993127512 0
50 I -153.044861047 0
50 K -157.915943736 0
50 L -161.647313121 0
50 M -164.446348944 0
50 N -161.061773138 0
50 P 126.071647638 0
50 Q -161.36246213 0
50 R -157.384249406 0
50 S -161.83706363 0
50 T -163.523424573 0
50 V -160.589083431 0
50 W -150.765159106 0
50 Y -162.611119557 0
51 A -172.50441152 0
51 C -170.940942632 0
51 D -173.977220068 0
51 E -174.530427708 1
51 F -170.242170043 0
51 G -171.249588097 0
51 H -173.130200525 0
51 I -173.060995394 0
51 K -174.151754851 0
51 L -173.689149754 0
51 M -173.333240906 0
51 N -173.568073078 0
51 P 94.7956424562 0
51 Q -171.311458371 0
51 R -173.539491416 0
51 S -171.775439382 0
51 T -173.315523774 0
51 V -171.9143838 0
51 W -172.170919664 0
51 Y -170.1533656 0
52 A -172.516710461 0
52 C -169.38367314 0
52 D -171.889030453 0
52 E -173.731190216 1
52 F -169.918412598 0
52 G -171.412815223 0
52 H -171.511658477 0
52 I -171.799323948 0
52 K -173.136905467 0
52 L -172.957645837 0
52 M -172.720222335 0
52 N -171.97463526 0
52 P 39.4487082788 0
52 Q -171.356337375 0
52 R -172.611528167 0
52 S -171.33804909 0
52 T -171.41365751 0
52 V -171.024879753 0
52 W -170.77509354 0
52 Y -169.931387105 0
53 A -170.495496853 0
53 C -169.171685306 0
53 D -169.358200823 0
53 E -170.876434436 0
53 F -170.74377019 0
53 G -167.681450687 0
53 H -172.262576249 0
53 I -164.142306568 0
53 K -169.122330251 0
53 L -176.039951489 1
53 M -170.330670351 0
53 N -170.852119937 0
53 P 39.9378548097 0
53 Q -171.347945535 0
53 R -171.429036603 0
53 S -169.41279619 0
53 T -168.576833667 0
53 V -163.478316583 0
53 W -166.198905439 0
53 Y -164.08735288 0
54 A -173.31121241 0
54 C -171.028366501 0
54 D -177.658533932 1
54 E -145.238441429 0
54 F -26.1699136525 0
54 G -169.355720608 0
54 H -92.7957203838 0
54 I -163.86572134 0
54 K -149.669744561 0
54 L -134.891561178 0
54 M -94.1824453938 0
54 N -172.583394889 0
54 P 35.0355319495 0
54 Q -84.4387659096 0
54 R -79.5435008669 0
54 S -169.947244348 0
54 T -169.204338412 0
54 V -170.503267516 0
54 W 1201.45215884 0
54 Y 130.301581801 0
55 A -173.360023566 0
55 C -171.681524348 0
55 D -171.61564121 0
55 E -174.136640825 0
55 F -172.318872678 0
55 G -172.456662776 0
55 H -174.752427316 0
55 I -172.302453248 0
55 K -174.516234614 1
55 L -174.502644446 0
55 M -172.693968239 0
55 N -172.324231004 0
55 P -50.144867211 0
55 Q -172.849863733 0
55 R -174.350337119 0
55 S -175.007102817 0
55 T -173.692713041 0
55 V -172.655313911 0
55 W -172.459840272 0
55 Y -172.033100608 0
56 A -175.028446771 0
56 C -172.947824517 0
56 D -178.367844643 0
56 E -176.117216892 0
56 F -175.33455412 0
56 G -174.663677648 0
56 H -176.394282998 0
56 I -173.229222973 0
56 K -176.754894817 0
56 L -176.448367519 0
56 M -174.772459084 0
56 N -176.699215742 1
56 P -160.118685522 0
56 Q -174.833182508 0
56 R -176.20514503 0
56 S -176.370371425 0
56 T -176.37482459 0
56 V -174.793773456 0
56 W -174.131900545 0
56 Y -174.525729009 0
57 A -175.753419526 0
57 C -174.654157379 0
57 D -176.635081694 0
57 E -176.909301041 0
57 F -175.726332237 0
57 G -177.980951878 1
57 H -177.940709353 0
57 I -134.478415924 0
57 K -178.629412765 0
57 L -176.819423203 0
57 M -175.141086301 0
57 N -178.848653137 0
57 P -57.7103920376 0
57 Q -175.99713271 0
57 R -177.588975027 0
57 S -175.707131496 0
57 T -170.734002979 0
57 V -160.525038563 0
57 W -174.863492204 0
57 Y -175.522482724 0
58 A -171.188679965 0
58 C -170.916600074 0
58 D -172.418148502 1
58 E -173.015345945 0
58 F -169.014249784 0
58 G -171.208896341 0
58 H -172.049873501 0
58 I -173.022253413 0
58 K -173.408409003 0
58 L -173.868688253 0
58 M -171.589550215 0
58 N -173.059652706 0
58 P -135.75460329 0
58 Q -173.774802298 0
58 R -173.613981276 0
58 S -172.130905258 0
58 T -173.033320351 0
58 V -173.086733674 0
58 W -165.090337536 0
58 Y -169.017530811 0
59 A -162.644471608 0
59 C -159.15030962 0
59 D -165.793267889 0
59 E -163.310376166 0
59 F -163.145257902 0
59 G -170.67962496 1
59 H -164.718804052 0
59 I -142.334132419 0
59 K -164.863889009 0
59 L -163.575953574 0
59 M -159.323393986 0
59 N -165.908792787 0
59 P -96.741494027 0
59 Q -163.370092502 0
59 R -164.240068542 0
59 S -163.312415713 0
59 T -153.736602623 0
59 V -142.211343018 0
59 W -161.863948917 0
59 Y -162.658561258 0
60 A -173.341882458 0
60 C -172.026132167 0
60 D -168.037966803 0
60 E -173.527959828 1
60 F -168.622474958 0
60 G -170.179973212 0
60 H -174.277398297 0
60 I -170.480468195 0
60 K -174.232231045 0
60 L -175.795130887 0
60 M -175.039636983 0
60 N -172.759967074 0
60 P -36.0717778304 0
60 Q -172.990225577 0
60 R -173.549239169 0
60 S -171.403411906 0
60 T -173.489512319 0
60 V -174.630317773 0
60 W -174.338027114 0
60 Y -167.388417842 0
61 A -165.123197856 0
61 C -166.581543465 0
61 D -159.485335501 0
61 E -166.894521121 0
61 F -157.3777934 0
61 G -162.287378239 0
61 H -150.429036267 0
61 I -173.332454007 0
61 K -152.07782242 0
61 L -174.620594642 0
61 M -167.541373193 0
61 N -169.52766996 0
61 P -134.701248862 0
61 Q -166.979611799 0
61 R -118.339932746 0
61 S -164.746197999 0
61 T -168.115429989 0
61 V -171.603154961 1
61 W -23.7404991141 0
61 Y -152.537691787 0
62 A -166.829819117 0
62 C -165.226363179 0
62 D -167.715970797 0
62 E -166.827203328 0
62 F -168.123404664 0
62 G -168.355407123 0
62 H -171.576067086 0
62 I -159.127594646 0
62 K -167.005864939 0
62 L -165.755048205 0
62 M -166.172746017 0
62 N -168.759351402 0
62 P -158.14153986 0
62 Q -165.456995753 0
62 R -173.57956074 0
62 S -168.881809194 1
62 T -168.464517276 0
62 V -161.189182098 0
62 W -167.947925161 0
62 Y -167.857712967 0
63 A -163.179514041 0
63 C -161.115812105 0
63 D -161.187210852 0
63 E -161.50013371 0
63 F -169.194584708 1
63 G -159.291987201 0
63 H -163.422412232 0
63 I -166.772569739 0
63 K -160.861028916 0
63 L -160.207408507 0
63 M -162.474425312 0
63 N -162.083167169 0
63 P -160.666564068 0
63 Q -157.405388786 0
63 R -161.677728427 0
63 S -162.519876595 0
63 T -163.45243488 0
63 V -160.363594304 0
63 W -165.729492071 0
63 Y -165.381470207 0
64 A -165.996144644 0
64 C -163.213802017 0
64 D -166.862019439 0
64 E -168.626662528 1
64 F -164.886343487 0
64 G -164.773337547 0
64 H -166.496273351 0
64 I -165.844336507 0
64 K -166.838572267 0
64 L -166.885935466 0
64 M -165.568392699 0
64 N -165.449730147 0
64 P -152.614954119 0
64 Q -165.919048528 0
64 R -166.918738072 0
64 S -166.234867768 0
64 T -165.542016582 0
64 V -165.600140356 0
64 W -171.970312026 0
64 Y -164.923086561 0
65 A -172.081685009 0
65 C -168.684924944 0
65 D -171.701115493 0
65 E -174.269876877 1
65 F -168.861993135 0
65 G -165.241105457 0
65 H -172.022859038 0
65 I -159.427810527 0
65 K -171.641827059 0
65 L -173.629546573 0
65 M -171.058054092 0
65 N -171.123809189 0
65 P -140.43421647 0
65 Q -176.025719868 0
65 R -172.810482601 0
65 S -169.633862758 0
65 T -166.246291806 0
65 V -164.198926038 0
65 W -174.054438197 0
65 Y -168.840964317 0
66 A -162.108559802 0
66 C -160.014237413 0
66 D -162.833916042 0
66 E -162.241598446 0
66 F -173.228359671 1
66 G -159.635731539 0
66 H -167.762693479 0
66 I -158.84705828 0
66 K -159.628934938 0
66 L -163.988003294 0
66 M -163.332445544 0
66 N -163.0279983 0
66 P 105.605705512 0
66 Q -161.99594252 0
66 R -152.781364466 0
66 S -161.546572028 0
66 T -162.992902595 0
66 V -162.699358776 0
66 W -157.217166162 0
66 Y -169.732698939 0
67 A -173.778099005 0
67 C -172.458997062 0
67 D -171.793254858 0
67 E -175.232958249 0
67 F -171.615918111 0
67 G -171.042643266 0
67 H -173.720976041 0
67 I -175.046369033 0
67 K -172.471223047 0
67 L -174.408968189 0
67 M -174.28440081 0
67 N -173.517510744 0
67 P 37.8735582191 0
67 Q -172.921829719 1
67 R -173.842359785 0
67 S -172.168965822 0
67 T -173.329516234 0
67 V -176.206842867 0
67 W -172.677958673 0
67 Y -171.265381315 0
68 A -173.452984816 0
68 C -169.791364894 0
68 D -172.933809318 0
68 E -174.757533991 0
68 F -171.400720698 0
68 G -170.942022367 0
68 H -172.515482871 0
68 I -173.626157463 0
68 K -178.862656216 0
68 L -178.292965438 0
68 M -177.208189969 0
68 N -172.686642905 0
68 P 64.9197314758 0
68 Q -177.485595656 0
68 R -177.643779234 0
68 S -172.474496607 0
68 T -174.00697239 0
68 V -173.173194898 1
68 W -175.024579532 0
68 Y -171.548026975 0
69 A -165.100292412 0
69 C -164.291914408 0
69 D -164.687815305 0
69 E -165.364119979 0
69 F -166.668496545 0
69 G -163.445669448 0
69 H -164.172304983 0
69 I -116.896198572 0
69 K -149.435592523 0
69 L -173.712565576 1
69 M -158.255961461 0
69 N -165.827857663 0
69 P 116.571517907 0
69 Q -165.85278852 0
69 R -124.561007925 0
69 S -165.463373843 0
69 T -164.389666006 0
69 V -121.412316689 0
69 W -154.853825909 0
69 Y -162.956221832 0
70 A -168.825134706 0
70 C -168.918109598 0
70 D -167.531280826 0
70 E -168.72628355 0
70 F -111.969155343 0
70 G -166.119326258 0
70 H -169.683281092 0
70 I -175.275675145 0
70 K -167.853858539 0
70 L -175.433085511 0
70 M -169.575285804 0
70 N -170.024760074 0
70 P 22.4444603539 0
70 Q -167.613736781 0
70 R -169.946020658 0
70 S -167.927350127 0
70 T -170.355343757 0
70 V -173.844335415 1
70 W -171.442111505 0
70 Y -154.52671141 0
71 A -175.478868016 0
71 C -172.762270606 0
71 D -175.387078977 0
71 E -176.559893441 0
71 F -177.224026321 0
71 G -174.678590184 0
71 H -176.427533603 0
71 I -176.277667541 0
71 K -176.195796252 1
71 L -175.665074661 0
71 M -175.777529392 0
71 N -175.18828237 0
71 P 78.872848612 0
71 Q -174.76335203 0
71 R -176.030137007 0
71 S -175.692737379 0
71 T -175.73057492 0
71 V -175.474830427 0
71 W -174.798289182 0
71 Y -175.38772474 0
72 A -176.696224068 0
72 C -174.612993436 0
72 D -176.737151637 0
72 E -177.264589765 0
72 F -175.02770363 0
72 G -173.964729654 0
72 H -176.360060629 0
72 I -173.841533332 0
72 K -176.917082986 1
72 L -179.135942353 0
72 M -176.137524229 0
72 N -176.502961819 0
72 P 95.1025506113 0
72 Q -175.725143282 0
72 R -178.960175253 0
72 S -175.68569686 0
72 T -173.284529537 0
72 V -174.853366243 0
72 W -173.946742139 0
72 Y -175.045360394 0
73 A -173.156300655 0
73 C -172.155354498 0
73 D -168.584767248 0
73 E -171.595848704 0
73 F -90.4177696723 0
73 G -170.884996802 0
73 H -167.446975162 0
73 I -176.617005961 1
73 K -168.889053702 0
73 L -175.961686311 0
73 M -173.185532661 0
73 N -172.101666733 0
73 P 84.4138142127 0
73 Q -173.439966398 0
73 R -173.417371737 0
73 S -172.34542348 0
73 T -171.640602949 0
73 V -173.762261654 0
73 W 275.312008665 0
73 Y -7.04868556091 0
74 A -175.540845102 0
74 C -172.148076456 0
74 D -166.848616284 0
74 E -159.901851088 0
74 F -168.787123595 0
74 G -173.775059412 0
74 H -172.244092536 0
74 I -164.748985561 0
74 K -174.342817846 0
74 L -169.977638942 0
74 M -173.795099752 0
74 N -173.903060413 0
74 P 66.3408232143 0
74 Q -171.774524829 0
74 R -174.228641939 0
74 S -176.188207849 1
74 T -171.240224826 0
74 V -152.932080158 0
74 W -121.324197637 0
74 Y -168.353238902 0
75 A -175.356614564 0
75 C -174.340710792 0
75 D -173.981282604 0
75 E -176.688854464 0
75 F -174.478556635 0
75 G -175.96888776 0
75 H -176.314321139 0
75 I -176.56951311 0
75 K -176.563312362 0
75 L -175.600759461 0
75 M -177.945864524 0
75 N -176.166300981 0
75 P -121.143785933 0
75 Q -175.168449195 1
75 R -177.764655067 0
75 S -176.136444187 0
75 T -174.967165619 0
75 V -176.722154311 0
75 W -174.664429602 0
75 Y -175.551706622 0
