1 A -168.253042377 0
1 C -166.297423968 0
1 D -171.565142083 0
1 E -169.377901719 0
1 F -167.616739619 0
1 G -169.259651866 0
1 H -169.562409998 0
1 I -166.408416544 0
1 K -168.963218823 0
1 L -168.751485727 1
1 M -167.242197975 0
1 N -169.367890555 0
1 P -172.109421235 0
1 Q -166.905322784 0
1 R -168.192812484 0
1 S -170.116858508 0
1 T -166.480465622 0
1 V -165.923610485 0
1 W -169.706031259 0
1 Y -167.665319532 0
2 A -164.402815968 0
2 C -163.612850725 0
2 D -165.696212777 0
2 E -165.42542685 0
2 F -169.271132675 0
2 G -162.200165369 0
2 H -168.280697821 0
2 I -166.005334326 0
2 K -164.496535825 0
2 L -163.613161364 0
2 M -165.20859394 0
2 N -164.304572487 0
2 P -157.812574493 0
2 Q -164.491313506 0
2 R -164.894159907 0
2 S -165.610583576 0
2 T -165.736939164 0
2 V -164.741187872 0
2 W -167.900187415 0
2 Y -167.913552392 1
3 A -170.423331043 1
3 C -167.929073204 0
3 D -170.638221169 0
3 E -173.735310788 0
3 F -167.520959777 0
3 G -166.605790278 0
3 H -168.764224312 0
3 I 64.4857267328 0
3 K -170.818689508 0
3 L -171.272772878 0
3 M -169.36723108 0
3 N -170.697119551 0
3 P -169.896749622 0
3 Q -168.671686217 0
3 R -169.946806606 0
3 S -170.023565175 0
3 T -167.696842762 0
3 V 15.9444621827 0
3 W -167.900108129 0
3 Y -167.71929868 0
4 A -169.770318323 0
4 C -167.506420971 0
4 D -168.557246799 0
4 E -170.832855426 0
4 F -169.577362578 0
4 G -167.654272665 0
4 H -169.841922553 0
4 I -168.23600847 0
4 K -170.119968894 0
4 L -170.590879159 0
4 M -170.171226299 0
4 N -168.969577432 0
4 P -173.21765997 1
4 Q -170.19814992 0
4 R -170.165778685 0
4 S -169.498426992 0
4 T -168.540807505 0
4 V -168.547966205 0
4 W -169.129347049 0
4 Y -169.884629275 0
5 A -169.359149057 0
5 C -167.43678729 0
5 D -160.946622842 0
5 E -158.954909455 0
5 F -108.054677049 0
5 G -161.417068125 0
5 H -129.136036957 0
5 I -154.806885792 0
5 K -150.599772049 0
5 L -139.61042996 0
5 M -119.123466287 0
5 N -164.82377097 0
5 P -108.780998138 0
5 Q -160.772431784 0
5 R -155.652853886 0
5 S -169.669508017 1
5 T -146.039808511 0
5 V -153.97844 0
5 W 63.137503348 0
5 Y -94.3362629846 0
6 A -170.786279134 1
6 C -169.448928644 0
6 D -170.296409471 0
6 E -171.426035405 0
6 F -173.046920214 0
6 G -167.102183393 0
6 H -173.822174288 0
6 I -169.139367199 0
6 K -171.52952427 0
6 L -172.243479621 0
6 M -170.920854491 0
6 N -171.63284116 0
6 P -127.218378388 0
6 Q -169.594007084 0
6 R -171.594736886 0
6 S -172.074292215 0
6 T -167.554093126 0
6 V -170.198102356 0
6 W -171.565158979 0
6 Y -172.511544163 0
7 A -162.227166927 0
7 C -162.666285041 0
7 D -159.253027451 0
7 E -168.930962304 0
7 F -126.099275231 0
7 G -158.059758663 0
7 H -168.245193684 0
7 I -162.105655594 0
7 K -164.4739194 0
7 L -174.972619695 1
7 M -164.173590871 0
7 N -163.469116716 0
7 P -107.3111706 0
7 Q -169.54907439 0
7 R -170.229094772 0
7 S -161.433356467 0
7 T -163.874872338 0
7 V -164.479588959 0
7 W -158.985398562 0
7 Y -110.474408164 0
8 A -165.98826811 0
8 C -165.945341173 0
8 D -165.135041895 0
8 E -168.854366848 0
8 F -166.856801834 0
8 G -163.143403361 0
8 H -167.011169124 0
8 I -170.863249889 0
8 K -169.306350078 0
8 L -169.451102751 0
8 M -167.988833838 0
8 N -166.339647982 0
8 P -90.6612589153 0
8 Q -167.187582864 0
8 R -168.855897941 0
8 S -166.837044749 0
8 T -169.460763987 0
8 V -170.858380087 1
8 W -165.148374433 0
8 Y -166.683725293 0
9 A -164.751186321 0
9 C -165.673419068 0
9 D -163.18374885 0
9 E -169.654564609 0
9 F -173.59963907 0
9 G -160.02531085 0
9 H -172.506485797 0
9 I -168.717000533 0
9 K -167.31563933 0
9 L -174.356328143 1
9 M -174.922547586 0
9 N -165.963685825 0
9 P -107.114531855 0
9 Q -171.697789163 0
9 R -165.036673191 0
9 S -164.765480637 0
9 T -164.329228966 0
9 V -168.163558565 0
9 W -135.387147177 0
9 Y -158.170701755 0
10 A -172.696234473 0
10 C -171.79099784 0
10 D -168.090847915 0
10 E -174.150187911 0
10 F -167.352438779 0
10 G -169.870682236 0
10 H -170.732588475 0
10 I -170.312394985 0
10 K -173.445007222 0
10 L -174.588214811 0
10 M -173.135243812 0
10 N -170.28966875 0
10 P -137.029860422 0
10 Q -172.903329935 0
10 R -174.180489079 0
10 S -171.812340648 0
10 T -172.866447917 1
10 V -172.075252338 0
10 W -165.437565752 0
10 Y -166.230401235 0
11 A -168.387297597 0
11 C -166.979112764 0
11 D -164.62021435 0
11 E -165.742428702 0
11 F -150.179410826 0
11 G -163.130765419 0
11 H -146.740488722 0
11 I -167.591749572 0
11 K -160.466788787 0
11 L -168.923732193 0
11 M -169.150284356 0
11 N -167.029476208 0
11 P -115.590359158 0
11 Q -169.153604999 0
11 R -145.476230715 0
11 S -168.269085789 0
11 T -171.370988454 0
11 V -172.542488777 1
11 W -159.72516266 0
11 Y -146.553664953 0
12 A -56.3438693447 0
12 C -23.1246021293 0
12 D 16.522660071 0
12 E 45.1301829466 0
12 F 68.2053620478 0
12 G -171.05452295 1
12 H 82.6949381639 0
12 I 127.703299968 0
12 K 54.5531882243 0
12 L 119.923118686 0
12 M 31.0963564399 0
12 N 16.564256627 0
12 P -16.6777072921 0
12 Q 26.0972974406 0
12 R 32.5461005343 0
12 S -61.0687608792 0
12 T -6.1604600723 0
12 V 125.672920621 0
12 W 180.122585975 0
12 Y 67.1566767034 0
13 A -168.864474006 0
13 C -167.317621737 0
13 D -166.283950198 0
13 E -167.758868605 0
13 F -170.358120297 0
13 G -168.053110191 0
13 H -168.563134845 0
13 I -171.381132007 0
13 K -173.904284439 1
13 L -172.398807377 0
13 M -170.122193739 0
13 N -169.715744317 0
13 P -167.767534572 0
13 Q -168.50522062 0
13 R -172.337036352 0
13 S -168.994701815 0
13 T -168.803313146 0
13 V -170.550773137 0
13 W -168.77635733 0
13 Y -169.243437964 0
14 A -120.860603524 0
14 C 4.61363725582 0
14 D -52.9933058379 0
14 E 28.5817816753 0
14 F 106.85898867 0
14 G -174.833396578 1
14 H 188.756344255 0
14 I 155.755751312 0
14 K 23.9138520365 0
14 L 757.343431559 0
14 M 19.2768494231 0
14 N -27.2772028129 0
14 P 88.3710893771 0
14 Q 26.4695833994 0
14 R 750.425071204 0
14 S -112.467590812 0
14 T 70.954293905 0
14 V 151.820903255 0
14 W 27.239118052 0
14 Y 85.0462431429 0
15 A -171.453109783 0
15 C -171.378557338 0
15 D -173.70724183 0
15 E -175.911143774 0
15 F -173.258041631 0
15 G -170.201497715 0
15 H -172.956738929 0
15 I -174.233281055 0
15 K -172.57456009 0
15 L -168.368838321 0
15 M -173.57787227 0
15 N -174.128889624 0
15 P -159.806103759 0
15 Q -172.297149249 0
15 R -173.988406373 0
15 S -173.140354781 0
15 T -175.472197412 0
15 V -174.888021153 1
15 W -172.279246995 0
15 Y -173.464119267 0
16 A -172.417708543 0
16 C -168.407590608 0
16 D -172.375846714 0
16 E -170.646948256 0
16 F -167.825410081 0
16 G -170.378051074 0
16 H -173.89728963 0
16 I -162.419242224 0
16 K -170.041856481 0
16 L -167.621883012 0
16 M -168.603513647 0
16 N -170.998923907 0
16 P -114.231843655 0
16 Q -168.487343532 0
16 R -169.590460395 0
16 S -174.051689092 1
16 T -166.400640229 0
16 V -163.317782892 0
16 W -167.418149049 0
16 Y -167.62177311 0
17 A -170.379904117 1
17 C -166.120827454 0
17 D -170.059294141 0
17 E -169.724153697 0
17 F -167.770839122 0
17 G -168.814836858 0
17 H -170.626801193 0
17 I -168.435868965 0
17 K -170.488605015 0
17 L -169.895889592 0
17 M -169.381360081 0
17 N -168.16530189 0
17 P -168.884246133 0
17 Q -167.927230011 0
17 R -170.165337692 0
17 S -171.312592606 0
17 T -168.237841635 0
17 V -167.856236588 0
17 W -169.878844575 0
17 Y -167.853258399 0
18 A -167.900379591 0
18 C -164.832072765 0
18 D -169.076362705 0
18 E -170.110219408 0
18 F -165.650007724 0
18 G -166.364733456 0
18 H -167.44074248 0
18 I -166.906058162 0
18 K -168.635726839 0
18 L -168.126143498 0
18 M -167.02220966 0
18 N -167.788348359 0
18 P -159.120287291 0
18 Q -167.89822419 0
18 R -168.044470897 0
18 S -168.145002561 0
18 T -167.290240752 1
18 V -167.112145238 0
18 W -166.249934543 0
18 Y -165.861185163 0
19 A -167.196772186 0
19 C -166.304666802 0
19 D -168.92979644 0
19 E -169.647387873 0
19 F -166.841024139 0
19 G -166.428952242 0
19 H -169.122246792 0
19 I -166.49993569 0
19 K -169.791314286 0
19 L -170.262484325 0
19 M -167.771998422 0
19 N -169.071277292 0
19 P -137.445449457 0
19 Q -167.83730395 0
19 R -169.393755225 0
19 S -169.847185202 0
19 T -170.695455233 1
19 V -166.748024559 0
19 W -167.529691767 0
19 Y -168.215837614 0
20 A -170.990820837 1
20 C -152.587628646 0
20 D -130.189254082 0
20 E -131.945946141 0
20 F 1412.45661576 0
20 G -163.891045317 0
20 H 785.103824466 0
20 I -5.46119048604 0
20 K -73.6437928781 0
20 L 77.2304250928 0
20 M -147.717678748 0
20 N -113.219447716 0
20 P 55.7526195483 0
20 Q -71.5249499404 0
20 R -94.7359833685 0
20 S -167.151609818 0
20 T -147.495151474 0
20 V -63.5328482002 0
20 W 1731.63567653 0
20 Y 1775.95703755 0
21 A -168.707163663 1
21 C -167.309610948 0
21 D -170.936035548 0
21 E -171.470982944 0
21 F -168.678534471 0
21 G -168.30360038 0
21 H -170.077760073 0
21 I -168.34884114 0
21 K -171.011708957 0
21 L -170.919527807 0
21 M -169.730935118 0
21 N -169.984285562 0
21 P -170.293920974 0
21 Q -169.745992488 0
21 R -170.581243808 0
21 S -170.890598181 0
21 T -169.166978713 0
21 V -168.954333529 0
21 W -169.286572149 0
21 Y -168.463411232 0
22 A -167.554916309 0
22 C -165.306055765 0
22 D -169.371186564 0
22 E -168.814938534 0
22 F -166.230745441 0
22 G -164.876632151 0
22 H -167.007818108 0
22 I -167.891998413 0
22 K -165.090177748 0
22 L -164.197407599 0
22 M -166.930544518 0
22 N -168.906430586 0
22 P -169.958073049 1
22 Q -166.41717168 0
22 R -167.723404245 0
22 S -167.753632035 0
22 T -167.140006006 0
22 V -166.620664057 0
22 W -166.400858763 0
22 Y -164.915788421 0
23 A -165.210881331 0
23 C -163.592533841 0
23 D -167.619841498 0
23 E -168.864682382 1
23 F -163.808018343 0
23 G -163.766315696 0
23 H -167.188536711 0
23 I -166.070903383 0
23 K -166.63886154 0
23 L -167.680659917 0
23 M -165.986449619 0
23 N -165.837258082 0
23 P 29.0962101413 0
23 Q -166.727835582 0
23 R -165.821549215 0
23 S -165.297296078 0
23 T -165.554335362 0
23 V -165.656611303 0
23 W -164.84769268 0
23 Y -164.145504258 0
24 A -167.298138647 0
24 C -165.655130085 0
24 D -165.092045034 0
24 E -167.428435466 0
24 F -167.59849842 0
24 G -164.988296309 0
24 H -168.317722376 0
24 I -168.756435392 0
24 K -171.221288667 0
24 L -167.869529442 0
24 M -166.626197788 0
24 N -166.493162489 0
24 P -93.0674908845 0
24 Q -166.615524978 0
24 R -172.825171519 1
24 S -168.202232419 0
24 T -167.640405594 0
24 V -168.770277029 0
24 W -166.647549199 0
24 Y -167.859296729 0
25 A -171.613914801 1
25 C -167.998579657 0
25 D -168.515082662 0
25 E -170.919949829 0
25 F -170.161169007 0
25 G -168.540137764 0
25 H -170.045691347 0
25 I -165.355098549 0
25 K -171.404312105 0
25 L -168.618695965 0
25 M -170.758005266 0
25 N -169.200640353 0
25 P -145.796320272 0
25 Q -172.034029844 0
25 R -170.934778804 0
25 S -171.56494625 0
25 T -171.921861826 0
25 V -171.174217652 0
25 W -170.502594947 0
25 Y -169.784758259 0
26 A -166.591698486 0
26 C -166.323815038 0
26 D -164.246615779 0
26 E -164.821471099 0
26 F -157.29178095 0
26 G -161.335410903 0
26 H -164.053513077 0
26 I -163.766749882 0
26 K -166.524303737 0
26 L -152.939277528 0
26 M -164.643585813 0
26 N -164.266676503 0
26 P -134.530244551 0
26 Q -165.907932443 0
26 R -166.503241094 0
26 S -164.883507398 0
26 T -166.830058681 0
26 V -172.335599367 1
26 W -137.439239248 0
26 Y -155.202952685 0
27 A -167.333930727 0
27 C -166.25977781 0
27 D -166.135146009 0
27 E -169.019499977 0
27 F -168.167332933 0
27 G -165.943460371 0
27 H -167.90680311 0
27 I -166.69718344 0
27 K -168.154522825 0
27 L -167.325637909 0
27 M -167.287125054 0
27 N -167.017636994 0
27 P -150.133863216 0
27 Q -166.672085809 0
27 R -167.74064976 0
27 S -170.351262742 0
27 T -170.72268908 1
27 V -167.048121111 0
27 W -167.058923537 0
27 Y -168.244905141 0
28 A -160.890202921 0
28 C -161.766497309 0
28 D -158.706982625 0
28 E -162.098225471 0
28 F -94.8520516718 0
28 G -155.900880126 0
28 H -150.958889231 0
28 I -163.829627176 0
28 K -154.628455298 0
28 L -171.619136129 1
28 M -164.540049651 0
28 N -162.199523301 0
28 P -102.715198077 0
28 Q -163.996418666 0
28 R -159.637681338 0
28 S -161.469062928 0
28 T -161.590588135 0
28 V -160.814657833 0
28 W 478.494475472 0
28 Y -46.3196210032 0
29 A -166.335078276 0
29 C -165.515960924 0
29 D -164.692949647 0
29 E -167.275162162 0
29 F -170.174990775 0
29 G -163.457312266 0
29 H -169.629145692 0
29 I -170.063845363 0
29 K -167.917254134 0
29 L -169.040832787 0
29 M -167.237029815 0
29 N -167.436403131 0
29 P -97.3278218802 0
29 Q -167.552651784 0
29 R -167.84731386 0
29 S -166.710022957 0
29 T -167.951446407 1
29 V -170.190234113 0
29 W -170.728841339 0
29 Y -170.139503357 0
30 A -168.189170252 1
30 C -168.189170252 1
30 D -168.189170252 1
30 E -168.189170252 1
30 F -168.189170252 1
30 G -168.189170252 1
30 H -168.189170252 1
30 I -168.189170252 1
30 K -168.189170252 1
30 L -168.189170252 1
30 M -168.189170252 1
30 N -168.189170252 1
30 P -168.189170252 1
30 Q -168.189170252 1
30 R -168.189170252 1
30 S -168.189170252 1
30 T -168.189170252 1
30 V -168.189170252 1
30 W -168.189170252 1
30 Y -168.189170252 1
31 A -168.479909038 1
31 C -160.061901278 0
31 D -160.233911926 0
31 E -163.364105468 0
31 F -98.9822057327 0
31 G -162.183341149 0
31 H -142.902572972 0
31 I -150.359908253 0
31 K -162.73685496 0
31 L -151.272774362 0
31 M -161.139540164 0
31 N -166.303422903 0
31 P -81.873983757 0
31 Q -163.341061817 0
31 R -164.909823494 0
31 S -168.100797279 0
31 T -155.693393628 0
31 V -147.454759375 0
31 W -110.246907303 0
31 Y -78.144301794 0
32 A -166.084902659 0
32 C -164.820343829 0
32 D -167.268492821 0
32 E -168.115833111 0
32 F -164.937089056 0
32 G -165.367978497 0
32 H -168.07574571 0
32 I -166.247823408 0
32 K -168.705168875 0
32 L -168.724027906 0
32 M -167.245441046 0
32 N -167.518970422 0
32 P -168.771928477 1
32 Q -166.092064254 0
32 R -167.173186758 0
32 S -168.471003808 0
32 T -168.347348377 0
32 V -166.040989146 0
32 W -166.389642935 0
32 Y -164.641934847 0
33 A -168.226818435 0
33 C -166.994679174 0
33 D -160.463735216 0
33 E -161.837925977 0
33 F -137.414112108 0
33 G -167.212471119 1
33 H -169.460886037 0
33 I -163.747037076 0
33 K -167.835598572 0
33 L -165.456672052 0
33 M -164.969641339 0
33 N -163.473441082 0
33 P -122.784009638 0
33 Q -166.069205498 0
33 R -165.735183232 0
33 S -168.043996538 0
33 T -166.696216417 0
33 V -166.918692843 0
33 W -154.757861203 0
33 Y -168.844171887 0
34 A -165.785029969 0
34 C -159.263179853 0
34 D -151.409626786 0
34 E -160.038669838 0
34 F -41.4633322633 0
34 G -162.07050909 0
34 H -116.875578011 0
34 I -65.2177546263 0
34 K -159.391065271 0
34 L 68.4639643725 0
34 M -152.610574799 0
34 N -162.444524269 0
34 P -167.12810234 1
34 Q -146.481338556 0
34 R -146.570622837 0
34 S -163.487536392 0
34 T -157.30787552 0
34 V -154.831346626 0
34 W -67.9880365285 0
34 Y -48.0787526705 0
35 A -166.234123464 0
35 C -162.796765516 0
35 D -169.388710047 0
35 E -164.108677919 0
35 F -163.127681831 0
35 G -166.545076415 0
35 H -165.010323739 0
35 I -159.43132077 0
35 K -163.89898154 0
35 L -159.728287705 0
35 M -165.003788756 0
35 N -167.518406153 0
35 P -91.089535331 0
35 Q -163.793385938 0
35 R -163.209130377 0
35 S -167.421454185 1
35 T -165.074650613 0
35 V -157.417311234 0
35 W -162.291187919 0
35 Y -162.955824113 0
36 A -115.758994418 0
36 C -62.5815890416 0
36 D -13.7019071566 0
36 E 34.8000828752 0
36 F 524.663219075 0
36 G -167.76866038 1
36 H 134.75643564 0
36 I 391.824615914 0
36 K 70.1860112196 0
36 L 637.538619482 0
36 M 61.9077516536 0
36 N 95.4950142838 0
36 P -49.1574072395 0
36 Q 38.0399819034 0
36 R 60.0482041021 0
36 S -115.4388497 0
36 T 19.5889707274 0
36 V 83.2289634554 0
36 W 680.276287655 0
36 Y 396.282918933 0
37 A -166.222981952 0
37 C -163.341579146 0
37 D -166.84260811 0
37 E -166.92590928 0
37 F -164.04627859 0
37 G -165.050636526 0
37 H -165.936790315 0
37 I -162.764235799 0
37 K -166.849671058 0
37 L -166.871059158 0
37 M -165.403974272 0
37 N -166.159846302 0
37 P -151.712157175 0
37 Q -165.116120036 0
37 R -165.985523252 0
37 S -168.713488428 0
37 T -168.116750155 1
37 V -163.290637698 0
37 W -164.661781174 0
37 Y -164.224860017 0
38 A -158.769582199 0
38 C -158.909345192 0
38 D -160.665923522 0
38 E -154.169013222 0
38 F -139.872230944 0
38 G -152.489902744 0
38 H -169.439621802 1
38 I -151.950705951 0
38 K -153.488054467 0
38 L -155.563869713 0
38 M -160.156697223 0
38 N -162.720817171 0
38 P -6.20232776736 0
38 Q -154.6746584 0
38 R -124.677481139 0
38 S -158.268063838 0
38 T -159.515144447 0
38 V -150.565409914 0
38 W 45.970621446 0
38 Y -57.6853295158 0
39 A -164.820654066 0
39 C -162.687605933 0
39 D -165.272703572 0
39 E -165.5941853 0
39 F -163.080530033 0
39 G -164.345226652 0
39 H -164.283792415 0
39 I -164.790694909 0
39 K -166.245451293 0
39 L -164.929883326 0
39 M -164.193823417 0
39 N -164.457445169 0
39 P -167.714350215 1
39 Q -165.706179514 0
39 R -165.491496194 0
39 S -166.418491946 0
39 T -164.468564285 0
39 V -165.1315439 0
39 W -163.883737617 0
39 Y -162.994055822 0
40 A -167.994930088 1
40 C -163.989822165 0
40 D -170.380689569 0
40 E -168.701515653 0
40 F -167.268317756 0
40 G -163.174399534 0
40 H -169.26224312 0
40 I -156.602501782 0
40 K -168.643967858 0
40 L -166.749421394 0
40 M -166.358329699 0
40 N -168.271752215 0
40 P -131.27133465 0
40 Q -169.724967408 0
40 R -169.655050683 0
40 S -164.862401802 0
40 T -163.456126589 0
40 V -160.228301299 0
40 W -162.448971138 0
40 Y -166.649939686 0
41 A -167.974276142 1
41 C -163.372317061 0
41 D -163.223022209 0
41 E -160.425438131 0
41 F -101.20133135 0
41 G -163.275051845 0
41 H -162.897119305 0
41 I -149.437173296 0
41 K -134.231282359 0
41 L -16.1610980391 0
41 M -112.671011915 0
41 N -160.535123873 0
41 P -159.627808977 0
41 Q -158.925450328 0
41 R -68.3368925816 0
41 S -165.771250391 0
41 T -161.281885883 0
41 V -160.577153856 0
41 W 309.324594311 0
41 Y -152.141591224 0
42 A -167.348738653 0
42 C -164.676844389 0
42 D -167.935373032 0
42 E -170.08322486 0
42 F -167.952415472 0
42 G -167.445174961 1
42 H -168.704328829 0
42 I -168.257385241 0
42 K -168.798555924 0
42 L -168.163249572 0
42 M -166.708618299 0
42 N -166.425492786 0
42 P -165.174955659 0
42 Q -166.817421107 0
42 R -167.881897323 0
42 S -168.019403407 0
42 T -167.986919928 0
42 V -168.336112756 0
42 W -167.946155531 0
42 Y -167.894134185 0
43 A -170.440247671 0
43 C -166.973938915 0
43 D -171.83366406 0
43 E -173.429134437 0
43 F -168.191189272 0
43 G -166.16701691 0
43 H -169.89546249 0
43 I -168.215336221 0
43 K -170.732202247 0
43 L -171.114803482 0
43 M -169.794999849 0
43 N -169.650891728 0
43 P -150.094742553 0
43 Q -171.215670066 0
43 R -169.840424735 0
43 S -170.102343531 1
43 T -169.611852006 0
43 V -168.615181761 0
43 W -168.928847715 0
43 Y -168.129456246 0
44 A -169.833294699 1
44 C -157.746347322 0
44 D -153.473700705 0
44 E -128.871017305 0
44 F -127.522659878 0
44 G -163.966198023 0
44 H -152.806856716 0
44 I -90.8533608991 0
44 K -122.950881027 0
44 L -126.366676958 0
44 M -126.556420811 0
44 N -157.799432205 0
44 P 55.6534672475 0
44 Q -129.832762797 0
44 R -88.0407808086 0
44 S -166.116948402 0
44 T -148.867036549 0
44 V -124.832487833 0
44 W -122.435779855 0
44 Y -106.334972089 0
45 A -168.323973991 1
45 C -168.323973991 1
45 D -168.323973991 1
45 E -168.323973991 1
45 F -168.323973991 1
45 G -168.323973991 1
45 H -168.323973991 1
45 I -168.323973991 1
45 K -168.323973991 1
45 L -168.323973991 1
45 M -168.323973991 1
45 N -168.323973991 1
45 P -168.323973991 1
45 Q -168.323973991 1
45 R -168.323973991 1
45 S -168.323973991 1
45 T -168.323973991 1
45 V -168.323973991 1
45 W -168.323973991 1
45 Y -168.323973991 1
46 A -169.634773939 1
46 C -166.921645243 0
46 D -169.250262264 0
46 E -170.103534167 0
46 F -167.379600932 0
46 G -168.090972965 0
46 H -168.928224562 0
46 I -168.810820092 0
46 K -170.237777099 0
46 L -170.036987891 0
46 M -168.332619511 0
46 N -169.471483014 0
46 P 108.130668849 0
46 Q -168.577265711 0
46 R -169.750153039 0
46 S -168.424374973 0
46 T -168.713001355 0
46 V -167.775697365 0
46 W -168.376151317 0
46 Y -167.164899079 0
47 A -166.776104825 0
47 C -165.578319634 0
47 D -170.671564709 1
47 E -168.456569681 0
47 F -147.003118016 0
47 G -165.212128494 0
47 H -156.12164473 0
47 I -163.837390148 0
47 K -160.163428206 0
47 L -165.553004938 0
47 M -165.564502596 0
47 N -166.307466529 0
47 P 69.3738095396 0
47 Q -166.905589639 0
47 R -162.465501984 0
47 S -165.350028121 0
47 T -158.491337567 0
47 V -165.76803442 0
47 W -159.003083512 0
47 Y -147.772318636 0
48 A -160.899939127 0
48 C -164.492730807 0
48 D -164.981438593 0
48 E -166.492383503 0
48 F -158.838548709 0
48 G -157.60058259 0
48 H -164.62838033 0
48 I -166.259953187 0
48 K -157.306042795 0
48 L -173.130586907 1
48 M -168.355329092 0
48 N -167.018086458 0
48 P 8.35096928334 0
48 Q -166.435016385 0
48 R -162.571315518 0
48 S -163.821502704 0
48 T -163.407413154 0
48 V -166.198542268 0
48 W -160.947869418 0
48 Y -157.453883133 0
49 A -168.677095473 1
49 C -166.799164176 0
49 D -167.544811808 0
49 E -168.7645226 0
49 F -167.029804808 0
49 G -166.726193031 0
49 H -167.823052545 0
49 I -168.715550056 0
49 K -169.45096939 0
49 L -168.934540438 0
49 M -168.369387962 0
49 N -166.741081042 0
49 P 124.8023079 0
49 Q -167.380309452 0
49 R -170.702371792 0
49 S -167.946339252 0
49 T -168.134700986 0
49 V -166.400957232 0
49 W -167.565721886 0
49 Y -166.980137275 0
50 A -167.930667926 1
50 C -165.216075601 0
50 D -166.905495419 0
50 E -167.317032146 0
50 F -164.873448055 0
50 G -166.30784921 0
50 H -166.94739185 0
50 I -165.419714306 0
50 K -167.676883353 0
50 L -166.780228333 0
50 M -165.642133993 0
50 N -167.465131445 0
50 P 103.111393529 0
50 Q -166.321825156 0
50 R -167.989775831 0
50 S -166.686674742 0
50 T -166.891319848 0
50 V -161.406585027 0
50 W -166.486203886 0
50 Y -164.767976494 0
51 A -167.940947162 0
51 C -169.345245182 0
51 D -160.522478366 0
51 E -159.001979117 0
51 F -109.286561891 0
51 G -165.52597701 0
51 H -159.050526329 0
51 I -165.566371409 0
51 K -166.530768783 0
51 L -164.214760925 0
51 M -161.890987661 0
51 N -156.007338723 0
51 P -7.44897072899 0
51 Q -159.830454048 0
51 R -165.793748286 0
51 S -169.482648869 0
51 T -161.427129883 0
51 V -171.289500541 1
51 W -139.043300705 0
51 Y -113.413585863 0
52 A -162.876475082 0
52 C -161.563384477 0
52 D -164.137749211 0
52 E -163.880981623 0
52 F -162.9297732 0
52 G -168.809632878 1
52 H -164.821342427 0
52 I -129.654432559 0
52 K -165.464593221 0
52 L -164.011763611 0
52 M -162.465467599 0
52 N -165.976254853 0
52 P -76.7021204319 0
52 Q -164.021693389 0
52 R -164.453385262 0
52 S -162.768441118 0
52 T -156.721180796 0
52 V -128.00007123 0
52 W -161.774920371 0
52 Y -162.617015946 0
53 A -155.807157301 0
53 C -144.732891905 0
53 D -145.749124791 0
53 E -133.35901962 0
53 F -83.3175926715 0
53 G -172.085457442 1
53 H -135.801026468 0
53 I -117.624180992 0
53 K -110.198926406 0
53 L -114.546755825 0
53 M -139.621917545 0
53 N -140.929729306 0
53 P -55.8282999139 0
53 Q -70.5665544088 0
53 R -134.454691519 0
53 S -159.419285162 0
53 T -137.189616014 0
53 V -115.066069619 0
53 W -111.590308092 0
53 Y -113.209077945 0
54 A -170.58950096 0
54 C -167.382035092 0
54 D -173.824336555 1
54 E -169.451292481 0
54 F -169.898887654 0
54 G -166.493946367 0
54 H -170.345123791 0
54 I -171.203740464 0
54 K -169.285964115 0
54 L -169.101086235 0
54 M -168.658429425 0
54 N -172.224512007 0
54 P 105.782716014 0
54 Q -167.56924734 0
54 R -172.072537112 0
54 S -169.467995581 0
54 T -169.110741707 0
54 V -171.284283028 0
54 W -172.726623198 0
54 Y -172.956291484 0
55 A -171.776297816 0
55 C -170.47063904 0
55 D -172.086973801 0
55 E -172.628320255 0
55 F -177.105440839 0
55 G -168.312158913 0
55 H -175.822373861 0
55 I -173.551913958 0
55 K -166.041676145 0
55 L -178.24019096 1
55 M -172.558036804 0
55 N -172.894457277 0
55 P -167.620773159 0
55 Q -171.770152557 0
55 R -165.556124988 0
55 S -170.769171533 0
55 T -172.094839288 0
55 V -172.346628805 0
55 W -172.095690016 0
55 Y -174.125367941 0
56 A -176.037171926 0
56 C -172.874078773 0
56 D -176.933341243 0
56 E -176.722852653 0
56 F -172.377993505 0
56 G -175.564894532 0
56 H -173.124072027 0
56 I -171.8393286 0
56 K -177.251002297 0
56 L -174.46814511 0
56 M -175.382162864 0
56 N -173.849695852 1
56 P -167.128943578 0
56 Q -174.910868526 0
56 R -177.417555066 0
56 S -176.924835098 0
56 T -175.794211124 0
56 V -170.971679653 0
56 W -173.281363657 0
56 Y -171.835843924 0
57 A -175.401586584 1
57 C -173.611713323 0
57 D -172.095023617 0
57 E -174.038459151 0
57 F -169.18029125 0
57 G -175.24125331 0
57 H -172.406256086 0
57 I -167.782978919 0
57 K -176.644151847 0
57 L -171.952366381 0
57 M -170.308799836 0
57 N -174.748610831 0
57 P 61.4742251366 0
57 Q -174.941544226 0
57 R -175.987320136 0
57 S -173.912588876 0
57 T -174.219129471 0
57 V -168.569740709 0
57 W -170.576738385 0
57 Y -169.28941319 0
58 A -172.546054803 0
58 C -174.414703516 0
58 D -171.336571212 0
58 E -172.985980112 0
58 F -140.475882831 0
58 G -168.775394505 0
58 H -167.455223787 0
58 I -179.597288655 0
58 K -164.723638598 0
58 L -180.113726751 1
58 M -174.817020917 0
58 N -173.479016762 0
58 P -40.5240426926 0
58 Q -173.145849578 0
58 R -168.687948623 0
58 S -173.209562654 0
58 T -173.200716663 0
58 V -176.589786428 0
58 W -140.778121895 0
58 Y 11.4245176143 0
59 A -168.414678148 0
59 C -167.425727656 0
59 D -173.102789209 0
59 E -170.031155537 0
59 F -168.295659269 0
59 G -168.512443314 0
59 H -169.470657285 0
59 I -167.123845202 0
59 K -170.126996093 0
59 L -170.309210655 0
59 M -172.112864328 0
59 N -169.448016906 0
59 P -169.765719572 0
59 Q -172.817007376 0
59 R -169.386243674 0
59 S -170.602401048 0
59 T -170.412171032 1
59 V -167.696597753 0
59 W -168.42112537 0
59 Y -168.101027613 0
60 A -170.913307974 0
60 C -177.689614749 0
60 D -178.037842431 0
60 E -179.687016844 0
60 F -178.768672507 0
60 G -167.796369098 0
60 H -178.644374526 0
60 I -177.35219994 0
60 K -180.321029442 0
60 L -180.551493485 0
60 M -178.010266005 0
60 N -179.113695974 0
60 P -169.888180861 0
60 Q -178.38282202 0
60 R -188.816162073 1
60 S -178.153284607 0
60 T -177.188369599 0
60 V -177.078590962 0
60 W -175.651367014 0
60 Y -182.524019334 0
61 A -182.273156898 0
61 C -182.402243262 0
61 D -184.045383652 0
61 E -183.918464815 0
61 F -184.513468971 0
61 G -180.906975058 1
61 H -182.874600504 0
61 I -185.962767501 0
61 K -184.333068706 0
61 L -185.438984648 0
61 M -185.557364297 0
61 N -184.05976113 0
61 P -87.8792815911 0
61 Q -182.830628121 0
61 R -188.125178176 0
61 S -182.535052524 0
61 T -182.673132128 0
61 V -183.194475154 0
61 W -182.912804141 0
61 Y -179.580700393 0
62 A -176.121793759 0
62 C -172.779136608 0
62 D -176.652929806 0
62 E -178.010900617 1
62 F -173.931567818 0
62 G -175.254921981 0
62 H -176.545579372 0
62 I -174.479550371 0
62 K -176.943935162 0
62 L -176.169181313 0
62 M -175.135268338 0
62 N -175.603178252 0
62 P -173.821098398 0
62 Q -175.317759255 0
62 R -176.468017045 0
62 S -177.801597307 0
62 T -176.107325644 0
62 V -174.466144278 0
62 W -176.537565119 0
62 Y -175.167349945 0
63 A -181.738785352 0
63 C -180.151763957 0
63 D -183.94565345 1
63 E -183.663329748 0
63 F -182.542292387 0
63 G -181.193775453 0
63 H -184.91693828 0
63 I -181.343021619 0
63 K -183.72005426 0
63 L -183.501558967 0
63 M -182.169562725 0
63 N -183.022495352 0
63 P -167.547683262 0
63 Q -182.238636749 0
63 R -182.790415085 0
63 S -184.170170559 0
63 T -183.791807265 0
63 V -181.576084535 0
63 W -184.827777534 0
63 Y -182.43796214 0
64 A -182.331128289 0
64 C -181.373693212 0
64 D -182.501645956 0
64 E -182.418406024 0
64 F -183.222056425 0
64 G -179.668457253 0
64 H -187.914657911 0
64 I -189.448867729 0
64 K -183.700248741 0
64 L -187.773512759 0
64 M -187.409859765 0
64 N -185.281193011 0
64 P -24.566228177 0
64 Q -182.312762713 0
64 R -187.05938234 0
64 S -182.298002072 0
64 T -183.174999156 0
64 V -184.587476209 1
64 W -187.754831441 0
64 Y -182.888417497 0
65 A -180.749351959 0
65 C -180.522436425 0
65 D -180.122810591 0
65 E -182.804074286 0
65 F -182.776485659 0
65 G -178.488480536 0
65 H -182.80907242 0
65 I -187.052195209 0
65 K -182.803597808 0
65 L -187.088256215 0
65 M -181.343316797 1
65 N -185.202217369 0
65 P -147.935724991 0
65 Q -185.397943536 0
65 R -182.578241909 0
65 S -182.414067124 0
65 T -183.006573818 0
65 V -183.250607946 0
65 W -183.404293732 0
65 Y -182.760373717 0
66 A -182.75749634 1
66 C -182.75749634 1
66 D -182.75749634 1
66 E -182.75749634 1
66 F -182.75749634 1
66 G -182.75749634 1
66 H -182.75749634 1
66 I -182.75749634 1
66 K -182.75749634 1
66 L -182.75749634 1
66 M -182.75749634 1
66 N -182.75749634 1
66 P -182.75749634 1
66 Q -182.75749634 1
66 R -182.75749634 1
66 S -182.75749634 1
66 T -182.75749634 1
66 V -182.75749634 1
66 W -182.75749634 1
66 Y -182.75749634 1
67 A -173.874152299 0
67 C -170.823181065 0
67 D -175.304952814 0
67 E -175.166985264 0
67 F -171.133461222 0
67 G -172.274899254 0
67 H -173.075779874 0
67 I -170.565269647 0
67 K -173.925615975 0
67 L -173.389698841 0
67 M -172.778731404 0
67 N -173.33659861 0
67 P -173.515774699 1
67 Q -172.480765282 0
67 R -173.490309385 0
67 S -174.704967 0
67 T -171.798239855 0
67 V -171.530672285 0
67 W -171.868476005 0
67 Y -171.021376958 0
68 A -169.308692331 0
68 C -166.348058014 0
68 D -171.354290939 0
68 E -170.105766054 0
68 F -167.794802351 0
68 G -168.137457242 0
68 H -169.669470168 0
68 I -166.529318768 0
68 K -170.335496985 0
68 L -169.886606573 0
68 M -168.521189102 1
68 N -170.686158383 0
68 P -171.514374347 0
68 Q -168.993639452 0
68 R -169.693047706 0
68 S -169.702652733 0
68 T -168.284292289 0
68 V -166.968393727 0
68 W -167.618065062 0
68 Y -167.927543631 0
69 A -164.960496586 0
69 C -164.015595613 0
69 D -165.339349426 0
69 E -166.72722152 0
69 F -164.213699104 0
69 G -161.278065192 0
69 H -166.27528439 0
69 I -169.262375737 0
69 K -166.545600376 0
69 L -167.9156159 0
69 M -165.522298669 0
69 N -165.472532274 0
69 P 121.531113582 0
69 Q -165.297719282 0
69 R -166.252861188 0
69 S -165.800444764 0
69 T -166.50726073 0
69 V -168.581152957 1
69 W -165.085109611 0
69 Y -163.467245864 0
70 A -167.265677619 0
70 C -166.186978355 0
70 D -170.128675057 0
70 E -169.335504216 0
70 F -168.798585992 0
70 G -164.034448757 0
70 H -168.727378649 0
70 I -170.083077016 0
70 K -169.082319067 0
70 L -170.292667456 0
70 M -168.003962401 0
70 N -170.032939544 0
70 P -165.897095357 0
70 Q -168.032542031 0
70 R -168.340607936 0
70 S -168.546748782 0
70 T -168.188971516 0
70 V -169.550217074 0
70 W -168.440280931 0
70 Y -168.514718291 1
71 A -167.197526481 0
71 C -164.813571787 0
71 D -170.638757704 1
71 E -166.913016347 0
71 F -161.671069678 0
71 G -154.872388042 0
71 H -166.130116796 0
71 I -150.933429464 0
71 K -165.523867059 0
71 L -166.163350404 0
71 M -166.181435192 0
71 N -166.953033932 0
71 P -60.3859087716 0
71 Q -165.470893023 0
71 R -165.250118025 0
71 S -165.835103907 0
71 T -163.977801154 0
71 V -153.066445816 0
71 W -164.759997999 0
71 Y -162.032696576 0
72 A -171.696187225 0
72 C -165.989820922 0
72 D -168.781770741 0
72 E -165.685031909 0
72 F -63.6101442679 0
72 G -164.259106354 0
72 H -70.5484601511 0
72 I -165.595000629 0
72 K -157.197283836 0
72 L -143.145192559 0
72 M -164.366732917 0
72 N -168.387334378 0
72 P -175.556803003 1
72 Q -165.537860017 0
72 R -164.639806811 0
72 S -170.420017019 0
72 T -170.288635984 0
72 V -168.9719169 0
72 W 7.58711814385 0
72 Y -58.3159114508 0
73 A -168.3686828 0
73 C -166.055690081 0
73 D -161.131771874 0
73 E -161.098204558 0
73 F -154.144896256 0
73 G -161.421255435 0
73 H -167.7302891 0
73 I -167.089764128 0
73 K -145.419154084 0
73 L -150.733816586 0
73 M -157.013779863 0
73 N -165.263777377 0
73 P -131.069543572 0
73 Q -152.618871544 0
73 R -161.93945166 0
73 S -166.586858415 0
73 T -168.143737627 0
73 V -173.008208363 1
73 W -168.242340938 0
73 Y -152.629095275 0
74 A -167.967293107 0
74 C -168.489299351 0
74 D -165.219393266 0
74 E -163.33236347 0
74 F -161.065188908 0
74 G -163.08834646 0
74 H -170.752718954 0
74 I -160.943768357 0
74 K -164.905333336 0
74 L -176.642665172 1
74 M -159.24748656 0
74 N -168.656347457 0
74 P -80.093170471 0
74 Q -165.041685239 0
74 R -156.530469086 0
74 S -167.337889665 0
74 T -170.660043687 0
74 V -172.146890349 0
74 W -138.00988935 0
74 Y -150.892061057 0
75 A -166.440529975 0
75 C -167.288643507 0
75 D -165.039636426 0
75 E -164.061861706 0
75 F -169.616628064 0
75 G -159.772312666 0
75 H -167.488699924 0
75 I -165.342267501 0
75 K -156.247328864 0
75 L -174.356932527 1
75 M -169.562877531 0
75 N -167.592610286 0
75 P -89.4396673663 0
75 Q -167.668475445 0
75 R -160.800145012 0
75 S -165.68005914 0
75 T -168.383091328 0
75 V -169.723519547 0
75 W -161.515076836 0
75 Y -165.758420735 0
76 A -171.337285038 0
76 C -171.763636915 0
76 D -165.938494121 0
76 E -171.706364724 0
76 F -161.191001275 0
76 G -168.923914461 0
76 H -167.185102134 0
76 I -174.062690144 0
76 K -173.555422948 0
76 L -175.380808811 0
76 M -173.494679545 0
76 N -170.071732094 0
76 P -131.705700359 0
76 Q -172.468785733 0
76 R -174.742109825 0
76 S -170.750498335 0
76 T -172.771729056 1
76 V -173.627927479 0
76 W -124.71416928 0
76 Y -160.209749794 0
77 A -167.851940062 0
77 C -169.471094799 0
77 D -166.314952945 0
77 E -166.138865209 0
77 F -152.468136737 0
77 G -158.64004399 0
77 H -163.196717504 0
77 I -172.630233725 0
77 K -148.199577229 0
77 L -174.016701954 0
77 M -169.612037316 0
77 N -168.479097211 0
77 P -134.2394816 0
77 Q -159.850302303 0
77 R -155.881745683 0
77 S -168.200667835 0
77 T -170.154054631 0
77 V -176.0686723 1
77 W -149.983386306 0
77 Y -145.648167935 0
78 A -172.597265631 0
78 C -170.432281001 0
78 D -171.638377986 1
78 E -173.580119837 0
78 F -171.543226875 0
78 G -170.717228941 0
78 H -173.654185089 0
78 I -171.677698976 0
78 K -173.591874995 0
78 L -172.219563491 0
78 M -173.233275541 0
78 N -172.127722946 0
78 P -94.8616418329 0
78 Q -171.845566521 0
78 R -173.600605897 0
78 S -172.687378985 0
78 T -173.216720298 0
78 V -172.334727978 0
78 W -172.328158724 0
78 Y -171.359132697 0
79 A -42.7286596842 0
79 C 16.6246943331 0
79 D 207.209916591 0
79 E 24.2646794886 0
79 F 425.816791608 0
79 G -176.777585539 1
79 H 337.04016476 0
79 I 345.971919535 0
79 K 22.7329499428 0
79 L 533.828083914 0
79 M 13.4318680889 0
79 N 11.6647410731 0
79 P 49.425057979 0
79 Q 22.8474003128 0
79 R 33.3574187081 0
79 S -23.7444694514 0
79 T 59.5099743415 0
79 V 162.001166467 0
79 W 35.6348240555 0
79 Y 419.000653283 0
80 A -170.226244265 0
80 C -168.31938824 0
80 D -167.254224534 0
80 E -170.66007838 0
80 F -172.078619483 0
80 G -166.831609911 0
80 H -170.351770852 0
80 I -169.981776567 0
80 K -169.631492449 0
80 L -171.164716153 0
80 M -171.770365811 0
80 N -169.858153819 0
80 P -112.07805418 0
80 Q -170.259393244 0
80 R -169.770929808 0
80 S -169.403682481 0
80 T -170.100780057 0
80 V -173.693986389 1
80 W -170.721802368 0
80 Y -172.701909967 0
81 A -164.65478917 0
81 C -164.791084289 0
81 D -167.889735302 0
81 E -168.357651193 0
81 F -171.881475227 0
81 G -159.728191159 0
81 H -168.729393005 0
81 I -164.342852596 0
81 K -163.338386796 0
81 L -169.57601025 0
81 M -167.387365775 0
81 N -168.110864255 0
81 P -103.056492557 0
81 Q -164.793036666 0
81 R -163.117772753 0
81 S -166.476815665 0
81 T -165.391225713 0
81 V -163.719814238 0
81 W -174.652140646 1
81 Y -168.566045954 0
82 A -171.708488838 0
82 C -170.908845578 0
82 D -173.264829222 0
82 E -173.411094836 0
82 F -168.731554575 0
82 G -170.061395487 0
82 H -172.220141468 0
82 I -146.281337194 0
82 K -172.969862276 0
82 L -173.025486045 0
82 M -172.162500313 0
82 N -174.111206451 0
82 P -98.7856055153 0
82 Q -172.129695753 1
82 R -173.116886278 0
82 S -171.618347734 0
82 T -167.424403804 0
82 V -158.095343235 0
82 W -173.016231344 0
82 Y -167.937016331 0
83 A -166.223265347 0
83 C -159.009387248 0
83 D -165.949776071 0
83 E -163.465473293 0
83 F 800.468565454 0
83 G -173.14069674 1
83 H 651.921378397 0
83 I -113.889728732 0
83 K -163.779629187 0
83 L -17.6472591137 0
83 M -162.49683722 0
83 N -167.061555281 0
83 P -35.4558552497 0
83 Q -129.514689466 0
83 R -167.926587508 0
83 S -160.168206933 0
83 T -152.686122804 0
83 V -118.16885216 0
83 W 919.109180666 0
83 Y 1159.11644018 0
84 A -172.121850233 0
84 C -171.076872296 0
84 D -171.206181041 0
84 E -172.948102354 0
84 F -172.78371877 0
84 G -170.201891352 0
84 H -173.140085182 0
84 I -172.948297526 0
84 K -173.221696344 1
84 L -173.501598266 0
84 M -172.792807665 0
84 N -172.758875839 0
84 P 161.466513267 0
84 Q -172.526883181 0
84 R -174.12642204 0
84 S -172.485601859 0
84 T -172.588144717 0
84 V -173.267666724 0
84 W -172.33199672 0
84 Y -172.429811601 0
85 A -172.224710933 0
85 C -170.385770223 0
85 D -172.89309516 0
85 E -173.484096081 0
85 F -172.764750102 0
85 G -171.357009978 0
85 H -172.341183484 0
85 I -172.264729926 0
85 K -173.31666282 0
85 L -171.414358683 0
85 M -171.817790971 0
85 N -172.410721802 0
85 P -173.568983462 0
85 Q -171.350668276 0
85 R -172.312324905 1
85 S -173.282761356 0
85 T -172.355281287 0
85 V -172.514603357 0
85 W -174.291094875 0
85 Y -172.704839011 0
86 A -170.735568062 0
86 C -171.538137377 0
86 D -168.843524293 0
86 E -171.392912485 0
86 F -152.280144376 0
86 G -162.219583322 0
86 H -161.927929462 0
86 I -176.625166477 0
86 K -172.84462138 0
86 L -170.103154218 0
86 M -173.174636789 0
86 N -171.105616716 0
86 P -18.8365288063 0
86 Q -171.471917714 0
86 R -171.350067916 0
86 S -171.291656288 0
86 T -174.112337589 0
86 V -178.084089578 1
86 W -128.877889122 0
86 Y -152.070193025 0
87 A -167.387399021 0
87 C -167.604176864 0
87 D -168.18603717 0
87 E -169.410575644 0
87 F -167.705292609 0
87 G -163.21114863 0
87 H -172.215880175 0
87 I -167.352307494 0
87 K -166.979786001 0
87 L -166.611019619 0
87 M -166.259683238 0
87 N -167.792177228 0
87 P -143.812668598 0
87 Q -165.830454599 0
87 R -167.278497424 0
87 S -170.041627898 1
87 T -166.577435667 0
87 V -167.218819956 0
87 W -162.203002053 0
87 Y -166.53350109 0
88 A -167.282065541 0
88 C -164.949834251 0
88 D -170.987402596 0
88 E -170.385541566 0
88 F -176.014262662 0
88 G -160.140602064 0
88 H -172.984958184 0
88 I -170.246522322 0
88 K -170.64088122 0
88 L -165.512975502 0
88 M -170.994289508 0
88 N -170.834105621 0
88 P -54.6398631181 0
88 Q -169.602160591 0
88 R -173.802808409 0
88 S -167.634325189 0
88 T -170.412634481 0
88 V -167.917774402 0
88 W -175.723907017 0
88 Y -175.279793857 1
89 A -170.735277732 0
89 C -166.989167892 0
89 D -167.627997369 0
89 E -171.022909155 1
89 F -169.842739777 0
89 G -167.007044098 0
89 H -169.759791682 0
89 I -161.824691021 0
89 K -169.674472691 0
89 L -168.402138562 0
89 M -169.959107435 0
89 N -168.514788572 0
89 P -143.496741531 0
89 Q -169.984745299 0
89 R -175.019165758 0
89 S -170.431818305 0
89 T -167.834391008 0
89 V -164.467651028 0
89 W -175.573334409 0
89 Y -169.709798741 0
90 A -171.525995061 0
90 C -169.57150769 0
90 D -171.424588755 0
90 E -176.076682077 0
90 F -164.256119516 0
90 G -166.716989078 0
90 H -174.315353645 0
90 I -169.800442123 0
90 K -177.38586756 0
90 L -171.811174085 0
90 M -177.300392578 0
90 N -168.776224636 0
90 P -135.455360878 0
90 Q -176.446177532 0
90 R -181.879691372 1
90 S -170.648618348 0
90 T -171.419618656 0
90 V -172.624851174 0
90 W -173.448931267 0
90 Y -164.683302115 0
91 A -170.330172249 0
91 C -168.906154698 0
91 D -168.167937468 0
91 E -165.68981037 0
91 F 433.336467262 0
91 G -163.470376372 0
91 H -168.434956083 0
91 I -171.664540286 0
91 K -170.395003491 0
91 L -152.148624908 0
91 M -166.94533897 0
91 N -169.267445922 0
91 P -165.709820998 0
91 Q -167.94513837 0
91 R -170.182787377 0
91 S -170.110700362 0
91 T -171.897119353 0
91 V -171.630941145 1
91 W 243.094907835 0
91 Y -167.360261098 0
92 A -165.056201609 0
92 C -167.675538518 0
92 D -166.474787768 0
92 E -169.115546235 0
92 F -179.575502708 1
92 G -163.575553515 0
92 H -173.777845579 0
92 I -161.182226327 0
92 K -166.51844371 0
92 L -169.039512462 0
92 M -169.110134745 0
92 N -169.481450819 0
92 P -108.595554353 0
92 Q -167.829823833 0
92 R -166.318715172 0
92 S -166.468367084 0
92 T -166.083409768 0
92 V -161.340023071 0
92 W -174.207000606 0
92 Y -178.670711269 0
93 A -176.711659936 0
93 C -173.354603995 0
93 D -178.475991479 0
93 E -179.362015113 0
93 F -174.424159512 0
93 G -175.177412904 0
93 H -176.292157225 0
93 I -175.429489989 0
93 K -177.536723626 0
93 L -175.21790872 0
93 M -176.546993619 0
93 N -177.101629964 0
93 P -174.410860133 0
93 Q -176.343393052 0
93 R -178.346641526 0
93 S -176.819239322 1
93 T -175.198407936 0
93 V -175.550427824 0
93 W -174.327383981 0
93 Y -174.399007518 0
94 A -174.779398548 0
94 C -175.042045202 0
94 D -177.158051533 0
94 E -169.263560349 0
94 F -174.001104443 0
94 G -173.174900558 0
94 H -173.376379514 0
94 I -170.576682074 0
94 K -169.499658575 0
94 L -172.366990744 0
94 M -175.526375483 0
94 N -179.539689531 1
94 P -124.760663398 0
94 Q -173.098603061 0
94 R -170.59303774 0
94 S -176.173081874 0
94 T -174.961600694 0
94 V -170.449270674 0
94 W -171.601191533 0
94 Y -173.830735402 0
95 A -174.253005341 0
95 C -175.11902334 0
95 D -176.306048488 0
95 E -179.645982328 1
95 F -177.708294066 0
95 G -172.360826932 0
95 H -174.263652118 0
95 I -177.982503688 0
95 K -174.633866864 0
95 L -177.581206698 0
95 M -175.975093996 0
95 N -174.895903141 0
95 P -167.412282175 0
95 Q -177.325623084 0
95 R -173.940484775 0
95 S -175.153021902 0
95 T -176.97062109 0
95 V -178.273545341 0
95 W -173.21872454 0
95 Y -172.023719858 0
96 A -190.691062751 1
96 C -190.705913117 1
96 D -190.691062751 1
96 E -190.691062751 1
96 F -190.691062751 1
96 G -190.691062751 1
96 H -190.705913117 1
96 I -190.691062751 1
96 K -190.691062751 1
96 L -190.691062751 1
96 M -190.705913117 1
96 N -190.691062751 1
96 P -190.691062751 1
96 Q -190.691062751 1
96 R -190.691062751 1
96 S -190.691062751 1
96 T -190.691062751 1
96 V -190.691062751 1
96 W -190.691062751 1
96 Y -190.691062751 1
97 A -179.185878506 0
97 C -174.365109248 0
97 D -181.647859094 0
97 E -182.6488803 1
97 F -177.267758417 0
97 G -177.681023606 0
97 H -180.214809673 0
97 I -179.302193907 0
97 K -176.268903056 0
97 L -177.944153198 0
97 M -177.681678585 0
97 N -176.246059302 0
97 P -40.0468508981 0
97 Q -180.408824716 0
97 R -177.317338933 0
97 S -179.338058758 0
97 T -181.063126404 0
97 V -180.259565145 0
97 W -177.04321824 0
97 Y -177.823614507 0
98 A -179.14750374 0
98 C -177.723569494 0
98 D -173.488174433 0
98 E -179.7590031 0
98 F -160.630971802 0
98 G -174.863001799 0
98 H -170.299188249 0
98 I -129.170141335 0
98 K -177.960731012 0
98 L -179.827039504 0
98 M -184.338262717 1
98 N -176.857564175 0
98 P 32.1559052527 0
98 Q -180.258258657 0
98 R -182.752888069 0
98 S -176.835031058 0
98 T -174.350230732 0
98 V -164.388188141 0
98 W -151.236660808 0
98 Y -156.786843178 0
99 A -180.351854965 0
99 C -180.153389647 0
99 D -179.528305196 0
99 E -182.447335357 0
99 F -171.09546882 0
99 G -178.699298837 0
99 H -179.252928663 0
99 I -176.190023892 0
99 K -182.495128324 0
99 L -177.068030785 0
99 M -181.931952701 0
99 N -181.774471417 1
99 P 21.7476730341 0
99 Q -181.843428405 0
99 R -182.649563132 0
99 S -179.685160585 0
99 T -181.055413445 0
99 V -177.311860738 0
99 W -177.766660744 0
99 Y -174.665192253 0
100 A -184.597696453 1
100 C -183.011991942 0
100 D -173.131466081 0
100 E -155.494848034 0
100 F -160.19912977 0
100 G -179.005307688 0
100 H -162.208932965 0
100 I -115.851743402 0
100 K -106.153729888 0
100 L -107.592680603 0
100 M -130.991301054 0
100 N -174.772529758 0
100 P 129.315444557 0
100 Q -118.127767261 0
100 R -118.322674369 0
100 S -182.814749646 0
100 T -145.871446885 0
100 V -19.7849911506 0
100 W -153.95976897 0
100 Y -159.244386257 0
101 A -180.60954993 0
101 C -179.820288468 0
101 D -179.475327961 0
101 E -186.493262354 0
101 F -185.568877663 0
101 G -174.241586284 0
101 H -184.013596406 1
101 I -187.021504669 0
101 K -177.359015401 0
101 L -181.958391756 0
101 M -176.615604026 0
101 N -182.861701948 0
101 P -118.393397801 0
101 Q -174.443046492 0
101 R -177.627411051 0
101 S -178.624239346 0
101 T -184.165827018 0
101 V -187.152155883 0
101 W -181.630824136 0
101 Y -184.981350862 0
102 A -164.481686943 0
102 C -148.671563907 0
102 D -142.999133976 0
102 E -133.806385675 0
102 F 151.831918512 0
102 G -178.326598275 1
102 H -13.5610410652 0
102 I -114.648440607 0
102 K -104.030398592 0
102 L -17.9517488099 0
102 M -120.93316296 0
102 N -152.195881325 0
102 P -82.7863106163 0
102 Q -124.49757344 0
102 R -93.9193766527 0
102 S -163.15915641 0
102 T -148.956031501 0
102 V -130.076357393 0
102 W 1.68093636882 0
102 Y 424.904548445 0
103 A -175.690812044 0
103 C -173.162586515 0
103 D -177.613871766 0
103 E -177.126583675 0
103 F -174.303209602 0
103 G -175.182377507 0
103 H -175.805805819 0
103 I -175.197255086 0
103 K -177.037454922 0
103 L -176.460032636 0
103 M -175.463576245 0
103 N -176.53703035 0
103 P -169.28398987 0
103 Q -175.508644617 0
103 R -176.885334048 0
103 S -176.560365872 1
103 T -175.86335961 0
103 V -175.379870744 0
103 W -177.379919081 0
103 Y -176.45346752 0
104 A -171.73846903 0
104 C -169.46850498 0
104 D -170.875037299 0
104 E -170.055434918 0
104 F -172.900625309 0
104 G -168.551382074 0
104 H -173.961217744 0
104 I -149.974392495 0
104 K -172.495769093 0
104 L -157.936868776 0
104 M -171.828425221 0
104 N -172.763961434 0
104 P -131.290997405 0
104 Q -170.997214919 0
104 R -173.870941839 0
104 S -171.172985861 1
104 T -171.054002056 0
104 V -162.531967071 0
104 W -172.153424288 0
104 Y -173.019721836 0
105 A -169.182676319 0
105 C -171.95405493 0
105 D -169.680837342 0
105 E -171.320625169 0
105 F -170.187034874 0
105 G -165.156655899 0
105 H -169.833997405 0
105 I -171.987078133 0
105 K -154.109370522 0
105 L -174.022934094 0
105 M -172.946401281 0
105 N -170.580422124 0
105 P -150.936964328 0
105 Q -171.62307824 0
105 R -160.075886218 0
105 S -171.228414116 0
105 T -176.030251609 0
105 V -177.413753184 1
105 W -151.325372221 0
105 Y -168.628920352 0
106 A -170.201010895 0
106 C -169.160572717 0
106 D -174.322708816 0
106 E -172.676698193 0
106 F -181.4889467 1
106 G -167.38301175 0
106 H -175.324506303 0
106 I -128.57221441 0
106 K -167.342735297 0
106 L -175.687834029 0
106 M -175.873029911 0
106 N -176.472741531 0
106 P -155.192176929 0
106 Q -171.592773739 0
106 R -177.871956665 0
106 S -170.067234423 0
106 T -171.838977964 0
106 V -157.495233268 0
106 W -173.633320911 0
106 Y -175.808191845 0
107 A -174.93320652 1
107 C -172.74864278 0
107 D -174.876606994 0
107 E -171.462530778 0
107 F -171.565265649 0
107 G -171.926388077 0
107 H -172.587174734 0
107 I -163.940608052 0
107 K -174.390957727 0
107 L -172.673118501 0
107 M -173.609048185 0
107 N -175.923882627 0
107 P -95.7408190749 0
107 Q -171.118082228 0
107 R -175.859668772 0
107 S -173.283258663 0
107 T -171.414708204 0
107 V -174.404269151 0
107 W -171.6782614 0
107 Y -170.808402255 0
108 A -167.071977399 0
108 C -164.333048594 0
108 D -161.369373198 0
108 E -161.87480585 0
108 F -175.157053272 1
108 G -164.228682379 0
108 H -170.871709433 0
108 I -158.551120347 0
108 K -162.214650876 0
108 L -165.215848851 0
108 M -149.793533688 0
108 N -165.789647156 0
108 P 41.4356799724 0
108 Q -134.595645865 0
108 R -156.63409844 0
108 S -166.689946996 0
108 T -166.739978893 0
108 V -165.97114 0
108 W -148.728588437 0
108 Y -172.035919339 0
