1 A -330.882882958 0
1 C -328.326675244 0
1 D -334.148403571 0
1 E -332.369590218 0
1 F -329.750102005 0
1 G -331.694427183 0
1 H -332.030502307 0
1 I -328.379925165 0
1 K -331.605949819 1
1 L -331.418534652 0
1 M -330.289719522 0
1 N -331.964753275 0
1 P -334.456850438 0
1 Q -330.075009434 0
1 R -329.973870038 0
1 S -331.918552897 0
1 T -328.063648556 0
1 V -328.196368968 0
1 W -329.925131402 0
1 Y -329.758599915 0
2 A -332.216669367 0
2 C -322.845592828 0
2 D -329.517985293 0
2 E -329.660232303 0
2 F -317.090386246 0
2 G -329.29917032 0
2 H -327.179124055 0
2 I -319.676064924 0
2 K -326.494092973 0
2 L -284.443260974 0
2 M -327.579095953 0
2 N -329.076761983 0
2 P -333.624231975 1
2 Q -328.638626175 0
2 R -325.996814997 0
2 S -332.675712054 0
2 T -328.154416241 0
2 V -326.330531589 0
2 W -322.143656338 0
2 Y -318.079117993 0
3 A -333.286049583 0
3 C -332.053764623 0
3 D -329.538047904 0
3 E -334.144758768 0
3 F -334.859873769 0
3 G -330.697431481 0
3 H -335.716746914 0
3 I -320.844806543 0
3 K -334.327394759 1
3 L -336.105251524 0
3 M -335.663854924 0
3 N -332.962138105 0
3 P -296.058280768 0
3 Q -333.999815459 0
3 R -335.798142153 0
3 S -333.815745951 0
3 T -334.89236788 0
3 V -336.319888522 0
3 W -335.619515114 0
3 Y -334.891033926 0
4 A -325.756657453 0
4 C -326.266300055 0
4 D -323.817489502 0
4 E -326.59884594 0
4 F -294.637110429 0
4 G -321.916352988 0
4 H -326.765592879 0
4 I -330.337244712 0
4 K -323.09347786 0
4 L -335.309248382 1
4 M -330.812963371 0
4 N -327.014069998 0
4 P -240.412317453 0
4 Q -330.987016084 0
4 R -322.236209351 0
4 S -325.370683928 0
4 T -326.327710695 0
4 V -325.947890194 0
4 W -318.204590513 0
4 Y -305.092836345 0
5 A -325.341701263 0
5 C -327.807869941 0
5 D -327.788742489 0
5 E -330.344059595 0
5 F -329.783409416 0
5 G -319.169996856 0
5 H -327.6418102 0
5 I -329.801744584 0
5 K -325.490300351 0
5 L -336.842021706 1
5 M -334.523347726 0
5 N -328.850240591 0
5 P -310.463063259 0
5 Q -333.033183172 0
5 R -326.926076019 0
5 S -328.087365332 0
5 T -326.49820073 0
5 V -323.934848166 0
5 W -331.103787519 0
5 Y -326.20306848 0
6 A -326.727850602 0
6 C -326.080678223 0
6 D -324.949972327 0
6 E -327.811858454 0
6 F -327.083921175 0
6 G -322.876970986 0
6 H -328.777338936 0
6 I -314.538264464 0
6 K -328.930831922 0
6 L -332.699927511 0
6 M -328.409516004 0
6 N -327.494775403 0
6 P -238.171269853 0
6 Q -327.152549743 0
6 R -328.377678633 0
6 S -326.493102277 0
6 T -326.118448333 0
6 V -308.447546841 0
6 W -330.432056206 0
6 Y -331.620404999 1
7 A -330.920324688 0
7 C -332.170507093 1
7 D -332.509273689 0
7 E -318.323631275 0
7 F -19.5648345401 0
7 G -324.777584808 0
7 H -193.181617787 0
7 I -327.855131386 0
7 K -307.284993308 0
7 L -309.793659757 0
7 M -279.902582289 0
7 N -332.948804425 0
7 P -168.785485849 0
7 Q -322.587546209 0
7 R -238.589731026 0
7 S -330.360019559 0
7 T -324.85237508 0
7 V -330.29345859 0
7 W -84.9327502846 0
7 Y 49.6350277999 0
8 A -330.153736071 0
8 C -329.407925389 0
8 D -330.196035378 0
8 E -327.890855463 0
8 F -327.312258112 0
8 G -329.027483335 0
8 H -328.493348465 0
8 I -331.77537075 0
8 K -329.063748414 0
8 L -330.268833457 0
8 M -331.605632863 0
8 N -328.426887933 0
8 P -231.844446803 0
8 Q -330.800956742 0
8 R -329.640630242 0
8 S -331.408031622 1
8 T -329.656223316 0
8 V -330.872285146 0
8 W -327.15987025 0
8 Y -327.306624162 0
9 A -332.571821091 0
9 C -329.986864713 0
9 D -329.69639048 0
9 E -327.894390918 0
9 F -325.164216629 0
9 G -327.38972665 0
9 H -335.431993069 0
9 I 44.9428208391 0
9 K -324.791960679 0
9 L -320.679068621 0
9 M -326.827721324 0
9 N -333.70920421 1
9 P -192.484714232 0
9 Q -325.011788577 0
9 R -326.819519424 0
9 S -331.583758693 0
9 T -321.363135388 0
9 V -136.976335699 0
9 W -269.163090706 0
9 Y -326.793992677 0
10 A -324.461661284 0
10 C -320.912565829 0
10 D -317.677865968 0
10 E -318.855440488 0
10 F -13.1039157468 0
10 G -337.712017571 1
10 H -150.115496621 0
10 I 76.7976779087 0
10 K -65.261038579 0
10 L -6.26529609058 0
10 M -167.43406032 0
10 N -314.833584733 0
10 P -309.660568297 0
10 Q -17.3450375691 0
10 R -97.612941644 0
10 S -320.123825118 0
10 T 16.7017724399 0
10 V 0.0531800499436 0
10 W 336.538381325 0
10 Y -68.925824472 0
11 A -329.857524353 0
11 C -328.353769162 0
11 D -329.500779196 0
11 E -330.926417477 0
11 F -328.714838787 0
11 G -334.470047201 1
11 H -330.57980651 0
11 I -294.922172447 0
11 K -332.011299883 0
11 L -330.849780558 0
11 M -328.889556948 0
11 N -333.001381577 0
11 P -271.118741203 0
11 Q -329.54186711 0
11 R -331.081610885 0
11 S -330.290038446 0
11 T -321.670810046 0
11 V -305.402320508 0
11 W -328.314436274 0
11 Y -328.925291996 0
12 A -333.081544643 0
12 C -334.343497657 0
12 D -333.259118864 0
12 E -330.75761205 0
12 F -339.397792809 0
12 G -328.516288112 0
12 H -339.212328212 1
12 I -334.411963615 0
12 K -330.78446643 0
12 L -323.220741355 0
12 M -333.226428243 0
12 N -336.314357426 0
12 P -267.724300136 0
12 Q -329.186332407 0
12 R -332.447694907 0
12 S -334.688506022 0
12 T -338.878098424 0
12 V -339.841155465 0
12 W -305.046469038 0
12 Y -337.374112116 0
13 A -324.036644368 0
13 C -324.777208342 0
13 D -324.199833479 0
13 E -324.970507474 0
13 F -334.762782288 1
13 G -319.781207339 0
13 H -329.765952453 0
13 I -329.507709271 0
13 K -324.382993858 0
13 L -326.626659341 0
13 M -326.739111698 0
13 N -326.947648582 0
13 P -190.952071379 0
13 Q -325.924422445 0
13 R -327.442124 0
13 S -324.373606347 0
13 T -322.873093637 0
13 V -327.140196977 0
13 W -323.911719195 0
13 Y -334.17964195 0
14 A -322.142649295 0
14 C -322.14293573 0
14 D -322.371398836 0
14 E -324.550795201 0
14 F -317.083216886 0
14 G -319.126467554 0
14 H -324.231288943 0
14 I -321.030025321 0
14 K -319.850303354 0
14 L -331.221513022 1
14 M -327.98719995 0
14 N -323.165674804 0
14 P -179.171440514 0
14 Q -324.114684189 0
14 R -316.45500367 0
14 S -322.492733214 0
14 T -323.915184337 0
14 V -326.034860563 0
14 W -320.081107183 0
14 Y -313.650652586 0
15 A -319.010712465 0
15 C -318.994977627 0
15 D -312.534307345 0
15 E -314.696297206 0
15 F -237.544368124 0
15 G -314.43500759 0
15 H -297.076166501 0
15 I -304.131540689 0
15 K -320.405490835 0
15 L -314.686332797 0
15 M -321.435706335 0
15 N -317.364485714 0
15 P -101.896857302 0
15 Q -318.067308862 0
15 R -330.007958801 1
15 S -318.283614258 0
15 T -318.239183417 0
15 V -304.917900187 0
15 W -281.62509929 0
15 Y -231.625970648 0
16 A -321.916512806 0
16 C -324.175285671 0
16 D -322.578143287 0
16 E -325.504627857 0
16 F -322.258410323 0
16 G -316.391146682 0
16 H -324.528074831 0
16 I -336.513005848 1
16 K -319.361132002 0
16 L -330.75225921 0
16 M -329.003266755 0
16 N -327.010448785 0
16 P -303.284023845 0
16 Q -327.847252114 0
16 R -309.295701282 0
16 S -322.795794374 0
16 T -326.91262094 0
16 V -330.436759609 0
16 W -264.315111112 0
16 Y -319.708268951 0
17 A -328.122157909 0
17 C -325.95210934 0
17 D -324.623046644 0
17 E -327.104937145 0
17 F -322.114297024 0
17 G -328.533706233 0
17 H -323.875342733 0
17 I -323.242431652 0
17 K -328.513920937 0
17 L -332.937164736 1
17 M -329.666939481 0
17 N -328.680021498 0
17 P -220.541484528 0
17 Q -328.010213584 0
17 R -328.254026142 0
17 S -327.771499662 0
17 T -326.781424401 0
17 V -324.260893023 0
17 W -323.223926679 0
17 Y -321.969783249 0
18 A -330.149536835 0
18 C -327.341073383 0
18 D -330.716724597 0
18 E -331.911312814 0
18 F -329.683471813 0
18 G -329.170650887 0
18 H -331.796164993 0
18 I -328.832421953 0
18 K -331.244299972 0
18 L -329.36131913 0
18 M -328.540746309 0
18 N -329.511985643 0
18 P -332.420916722 1
18 Q -330.869115188 0
18 R -330.269710994 0
18 S -331.956513164 0
18 T -327.014799609 0
18 V -328.693950925 0
18 W -331.658248719 0
18 Y -329.581232863 0
19 A -325.235541321 0
19 C -324.446834163 0
19 D -331.79024849 1
19 E -327.296147692 0
19 F -324.710740392 0
19 G -325.532287884 0
19 H -326.140728938 0
19 I -325.065133229 0
19 K -326.908333405 0
19 L -326.661906929 0
19 M -325.627657392 0
19 N -329.112177336 0
19 P -305.381565907 0
19 Q -326.162203621 0
19 R -326.036898809 0
19 S -327.383982178 0
19 T -327.275713738 0
19 V -325.462653013 0
19 W -325.170744552 0
19 Y -324.775811934 0
20 A -322.613820435 0
20 C -320.547828937 0
20 D -323.839184218 0
20 E -322.003906471 0
20 F -324.3983903 0
20 G -332.449687365 1
20 H -323.431797201 0
20 I -308.850593615 0
20 K -327.225713211 0
20 L -320.327740403 0
20 M -322.668052245 0
20 N -326.334784634 0
20 P -257.819097023 0
20 Q -323.525644745 0
20 R -324.777267848 0
20 S -324.849533846 0
20 T -311.278548937 0
20 V -307.887187792 0
20 W -324.546298206 0
20 Y -322.811997127 0
21 A -331.017483741 0
21 C -329.237579654 0
21 D -329.035481845 0
21 E -329.982272971 0
21 F -327.157742137 0
21 G -329.66565582 0
21 H -332.727037375 0
21 I -330.399537526 0
21 K -332.174569813 0
21 L -331.252547531 0
21 M -330.674359584 0
21 N -329.99218005 0
21 P -272.546015955 0
21 Q -329.743623413 0
21 R -331.524845819 0
21 S -331.563478443 0
21 T -332.431842139 1
21 V -331.946307222 0
21 W -328.499143917 0
21 Y -326.755260539 0
22 A -320.32429434 0
22 C -321.484468625 0
22 D -316.845878587 0
22 E -314.582643614 0
22 F -149.912350652 0
22 G -313.801635599 0
22 H -299.35730109 0
22 I -318.610351988 0
22 K -293.047870907 0
22 L -298.114019717 0
22 M -321.21425248 0
22 N -320.040289275 0
22 P -271.126742123 0
22 Q -315.267389138 0
22 R -301.430419542 0
22 S -320.485562653 0
22 T -322.919223475 0
22 V -329.132386629 1
22 W -244.267369672 0
22 Y -206.445646201 0
23 A -322.503139235 0
23 C -323.015291777 0
23 D -329.812684168 1
23 E -322.356334166 0
23 F -311.43800633 0
23 G -323.412047926 0
23 H -317.684100278 0
23 I -318.299687944 0
23 K -321.61768429 0
23 L -319.953498391 0
23 M -321.051093503 0
23 N -327.165947488 0
23 P -297.722907781 0
23 Q -319.710119643 0
23 R -322.398629124 0
23 S -324.323253279 0
23 T -324.206716316 0
23 V -322.02716437 0
23 W -292.709751746 0
23 Y -310.891372915 0
24 A -317.150624143 0
24 C -109.026460936 0
24 D -148.509744797 0
24 E -37.0479893589 0
24 F -245.773512464 0
24 G -334.649744876 1
24 H 364.244239341 0
24 I 88.3948258807 0
24 K -38.4255762787 0
24 L 76.1642639232 0
24 M 5.61501308232 0
24 N -95.406176301 0
24 P 113.41865355 0
24 Q -23.1775885437 0
24 R 25.9271543804 0
24 S -304.416322758 0
24 T -184.186553869 0
24 V -135.07377988 0
24 W -224.092479343 0
24 Y -242.511620039 0
25 A -330.188730321 0
25 C -328.278659289 0
25 D -329.202881835 0
25 E -317.604633509 0
25 F -156.123076264 0
25 G -326.278273039 0
25 H -313.860177689 0
25 I -323.610382052 0
25 K -312.232601675 0
25 L -311.629785246 0
25 M -315.837588194 0
25 N -329.199400388 0
25 P -253.656564224 0
25 Q -311.081850582 0
25 R -311.663787915 0
25 S -331.644857199 0
25 T -335.499159321 1
25 V -322.010985467 0
25 W -293.463287453 0
25 Y -149.893125322 0
26 A -329.803057724 0
26 C -330.477670463 0
26 D -331.246169818 0
26 E -331.413130109 0
26 F -329.306350826 0
26 G -329.65513521 0
26 H -331.54439841 0
26 I -330.761833147 0
26 K -332.316546264 0
26 L -323.686170035 0
26 M -330.363423615 0
26 N -330.528940593 0
26 P -327.292998134 0
26 Q -332.095780399 0
26 R -332.454491704 1
26 S -332.218510484 0
26 T -333.717529365 0
26 V -331.020900995 0
26 W -330.620998985 0
26 Y -329.256137729 0
27 A -329.494480687 0
27 C -327.347892361 0
27 D -335.377092611 1
27 E -330.463945342 0
27 F -328.05594421 0
27 G -326.838780956 0
27 H -329.453357312 0
27 I -331.089346754 0
27 K -330.001657991 0
27 L -330.937699441 0
27 M -328.174558233 0
27 N -333.545529325 0
27 P -282.466814265 0
27 Q -328.511894915 0
27 R -329.474312521 0
27 S -329.826959029 0
27 T -328.942397925 0
27 V -330.973614758 0
27 W -327.624872715 0
27 Y -327.71204139 0
28 A -332.722662833 0
28 C -329.309226039 0
28 D -331.502948455 0
28 E -332.961352187 0
28 F -331.213049228 0
28 G -331.101899263 0
28 H -333.184241785 0
28 I -332.720273592 0
28 K -334.585878994 0
28 L -327.533595781 0
28 M -332.447333883 0
28 N -331.019727947 0
28 P -312.96578285 0
28 Q -331.687704131 0
28 R -335.053905437 1
28 S -334.168044414 0
28 T -330.652467953 0
28 V -332.273021784 0
28 W -332.960223242 0
28 Y -331.056926083 0
29 A -334.561589866 0
29 C -332.398114282 0
29 D -335.528884272 0
29 E -335.2151917 0
29 F -333.855376049 0
29 G -334.662021098 0
29 H -335.540160851 0
29 I -326.82785957 0
29 K -335.638850779 0
29 L -335.649872974 0
29 M -334.566038697 0
29 N -335.887683576 0
29 P -311.397714836 0
29 Q -334.39327428 0
29 R -336.081195305 0
29 S -335.736617592 1
29 T -334.350067631 0
29 V -327.718465891 0
29 W -333.872899987 0
29 Y -333.445892439 0
30 A -326.080435275 0
30 C -325.78804412 0
30 D -332.277573777 1
30 E -325.274564867 0
30 F -303.752687919 0
30 G -321.916403579 0
30 H -305.31615122 0
30 I -321.338961593 0
30 K -315.063018418 0
30 L -311.682244798 0
30 M -322.995935567 0
30 N -327.17175521 0
30 P -61.884935402 0
30 Q -320.923337606 0
30 R -321.726560258 0
30 S -324.958905395 0
30 T -325.071202438 0
30 V -323.614218044 0
30 W -310.732185419 0
30 Y -298.926121453 0
31 A -333.588350385 0
31 C -330.518950986 0
31 D -333.325153691 0
31 E -334.011571347 0
31 F -331.101572766 0
31 G -332.249263493 0
31 H -332.648006232 0
31 I -332.584298656 0
31 K -334.149109693 0
31 L -333.93209921 0
31 M -333.813424515 0
31 N -332.766992477 0
31 P -335.095366497 0
31 Q -332.184042031 1
31 R -333.958639298 0
31 S -334.294371098 0
31 T -333.147221583 0
31 V -332.339758362 0
31 W -331.996204969 0
31 Y -330.906537526 0
32 A -331.283579028 0
32 C -330.872906026 0
32 D -331.729932664 0
32 E -332.108496875 0
32 F -337.225605441 0
32 G -329.583799504 0
32 H -335.410641284 1
32 I -232.563255584 0
32 K -328.067680766 0
32 L -329.189980375 0
32 M -333.162396766 0
32 N -334.49984574 0
32 P -296.843453337 0
32 Q -329.283099158 0
32 R -331.603592232 0
32 S -329.988185153 0
32 T -330.657008159 0
32 V -240.058127793 0
32 W -335.27134042 0
32 Y -336.284959108 0
33 A -328.363392164 0
33 C -328.674812253 0
33 D -323.602019267 0
33 E -323.909562238 0
33 F -175.812631721 0
33 G -325.961829233 0
33 H -321.732360167 0
33 I -336.019573833 1
33 K -275.362819315 0
33 L -319.791284278 0
33 M -315.861274413 0
33 N -329.530907005 0
33 P -261.543090976 0
33 Q -327.51455159 0
33 R -298.556269453 0
33 S -328.316622608 0
33 T -331.443765414 0
33 V -330.535901812 0
33 W -221.068649477 0
33 Y -124.769608126 0
34 A -340.517118778 0
34 C -340.79491552 0
34 D -340.795020862 0
34 E -341.679821364 0
34 F -339.598876246 0
34 G -335.90939756 0
34 H -341.630824843 0
34 I -345.257578269 0
34 K -341.605852259 0
34 L -340.764939606 0
34 M -340.910706224 0
34 N -342.678053541 0
34 P -314.460931573 0
34 Q -342.238699525 1
34 R -342.841088304 0
34 S -340.96248519 0
34 T -341.855559301 0
34 V -344.89746462 0
34 W -340.851665937 0
34 Y -340.664546008 0
35 A -327.543999338 0
35 C -328.718464115 0
35 D -325.203949929 0
35 E -328.869563733 0
35 F -330.101554098 0
35 G -323.350961723 0
35 H -332.558833548 0
35 I -331.62427136 0
35 K -323.584117438 0
35 L -335.519277305 1
35 M -332.548901238 0
35 N -329.93935706 0
35 P -217.043749234 0
35 Q -332.203096651 0
35 R -322.626474876 0
35 S -327.058330422 0
35 T -329.44358659 0
35 V -328.747127362 0
35 W -303.453385003 0
35 Y -324.117473011 0
36 A -336.287330703 0
36 C -334.875710104 0
36 D -336.708405697 0
36 E -338.858929248 0
36 F -337.163747323 0
36 G -333.2768675 0
36 H -337.89894621 0
36 I -330.603795266 0
36 K -337.742191312 0
36 L -339.22350361 0
36 M -337.463960012 0
36 N -336.482111432 0
36 P -133.555796686 0
36 Q -336.689564913 1
36 R -337.016106421 0
36 S -337.433512033 0
36 T -335.447066995 0
36 V -328.866851923 0
36 W -336.822762745 0
36 Y -336.952936301 0
37 A -329.04816489 0
37 C -332.492806052 0
37 D -332.697124156 0
37 E -335.14266133 0
37 F -336.197916929 0
37 G -325.418646396 0
37 H -334.965212094 0
37 I -340.22889972 0
37 K -336.965754888 0
37 L -340.028800573 1
37 M -338.536932251 0
37 N -334.438680745 0
37 P -325.171867247 0
37 Q -333.470441837 0
37 R -336.313250324 0
37 S -330.978428875 0
37 T -333.060555844 0
37 V -338.298936933 0
37 W -305.692261388 0
37 Y -332.525638841 0
38 A -334.668561864 0
38 C -333.822000735 0
38 D -332.734174257 0
38 E -336.877766604 0
38 F -330.865345816 0
38 G -332.115505398 0
38 H -336.993498694 0
38 I -337.797902357 0
38 K -336.741814452 0
38 L -337.423733169 0
38 M -335.123697822 0
38 N -334.42085957 0
38 P -245.900919506 0
38 Q -334.817888846 0
38 R -335.391271372 0
38 S -334.720442441 1
38 T -336.057912611 0
38 V -338.507361981 0
38 W -334.992064568 0
38 Y -330.847888432 0
39 A -331.898059887 1
39 C -331.361469577 0
39 D -332.131467695 0
39 E -333.627664123 0
39 F -334.621930132 0
39 G -329.409174557 0
39 H -333.871264602 0
39 I -335.456050151 0
39 K -333.873373751 0
39 L -332.884780997 0
39 M -333.075042309 0
39 N -332.966222682 0
39 P -330.420362093 0
39 Q -331.675744788 0
39 R -332.865137314 0
39 S -332.54962723 0
39 T -333.209316223 0
39 V -334.893925238 0
39 W -331.553822606 0
39 Y -333.885637702 0
40 A -332.20873408 0
40 C -328.762973866 0
40 D -330.448106322 0
40 E -332.443816139 1
40 F -332.04954008 0
40 G -327.15224493 0
40 H -332.848754143 0
40 I -330.876010276 0
40 K -331.707271435 0
40 L -327.858348102 0
40 M -329.390015599 0
40 N -331.215292531 0
40 P -180.365724654 0
40 Q -330.97341322 0
40 R -331.935021543 0
40 S -331.336000527 0
40 T -330.620942581 0
40 V -332.087982737 0
40 W -331.213136964 0
40 Y -332.000638376 0
41 A -329.248112798 0
41 C -327.683623225 0
41 D -333.822273698 0
41 E -328.032528584 0
41 F -328.312008007 0
41 G -330.090437466 0
41 H -329.65856632 0
41 I -302.4340749 0
41 K -328.909420017 0
41 L -323.989549872 0
41 M -326.731719774 0
41 N -332.655843673 0
41 P -275.270353426 0
41 Q -328.245687661 0
41 R -331.327104679 0
41 S -331.654143174 1
41 T -324.801295103 0
41 V -313.883134638 0
41 W -327.90556165 0
41 Y -327.515350395 0
42 A -329.847202694 0
42 C -328.385637834 0
42 D -331.939124811 0
42 E -331.943443421 0
42 F -330.282713621 0
42 G -328.655483734 0
42 H -331.055206327 0
42 I -331.603137349 0
42 K -331.733501024 0
42 L -331.492200487 0
42 M -330.026717546 0
42 N -331.012122189 0
42 P -326.002599291 0
42 Q -329.856900386 0
42 R -330.977161107 0
42 S -331.385842448 0
42 T -330.468021869 0
42 V -331.328414969 1
42 W -329.943721186 0
42 Y -330.06303868 0
43 A -324.136249345 0
43 C -323.128694996 0
43 D -326.223919764 0
43 E -322.727728851 0
43 F -324.340512341 0
43 G -331.266343832 1
43 H -325.207675688 0
43 I -310.551011593 0
43 K -324.776210843 0
43 L -323.870698988 0
43 M -325.30274003 0
43 N -327.546816984 0
43 P -227.101465062 0
43 Q -322.211310721 0
43 R -326.608701521 0
43 S -325.248082308 0
43 T -321.103831352 0
43 V -310.544763108 0
43 W -324.069112719 0
43 Y -323.910153809 0
44 A -329.035642572 0
44 C -328.712127114 0
44 D -330.091623857 0
44 E -332.967377518 1
44 F -325.026141272 0
44 G -322.801401797 0
44 H -329.107265299 0
44 I -333.372403059 0
44 K -323.625855213 0
44 L -330.245367215 0
44 M -325.327978005 0
44 N -329.440149839 0
44 P -56.7783301169 0
44 Q -331.469639577 0
44 R -332.037285015 0
44 S -329.173022665 0
44 T -327.855350761 0
44 V -335.315186121 0
44 W -301.612329201 0
44 Y -324.088195052 0
45 A -319.894469533 0
45 C -320.786107098 0
45 D -315.221876316 0
45 E -317.55645807 0
45 F -330.197490956 0
45 G -318.322669463 0
45 H -321.587111874 0
45 I -326.270339367 0
45 K -323.048173357 0
45 L -324.345449401 0
45 M -321.095168023 0
45 N -318.403364693 0
45 P -281.066168674 0
45 Q -320.49202272 0
45 R -324.771687895 0
45 S -321.732183688 0
45 T -323.024346264 0
45 V -327.845357704 1
45 W -324.761884007 0
45 Y -323.754732452 0
46 A -329.785334886 0
46 C -329.668704346 0
46 D -328.489669661 0
46 E -332.852101619 0
46 F -335.320045948 0
46 G -326.578377388 0
46 H -332.466141224 0
46 I -332.24549253 0
46 K -331.702445575 0
46 L -336.531843569 0
46 M -333.961353443 0
46 N -332.299753695 0
46 P -255.405280739 0
46 Q -332.179236599 0
46 R -331.334422079 0
46 S -328.844274008 0
46 T -327.925849507 0
46 V -330.581071377 0
46 W -329.974286503 0
46 Y -336.881898311 1
47 A -326.295794224 0
47 C -328.680952646 0
47 D -327.399067258 0
47 E -330.608364364 0
47 F -319.774938114 0
47 G -319.274994496 0
47 H -331.451928104 0
47 I -340.306488938 1
47 K -325.564877679 0
47 L -336.157994867 0
47 M -329.929917623 0
47 N -330.389158521 0
47 P -308.180854496 0
47 Q -332.075609739 0
47 R -324.798012731 0
47 S -327.63597725 0
47 T -329.637706658 0
47 V -336.904523623 0
47 W -314.220239084 0
47 Y -316.267968003 0
48 A -334.967287621 0
48 C -334.887984345 0
48 D -330.136127116 0
48 E -335.550459543 0
48 F -127.339184129 0
48 G -329.821485739 0
48 H -233.479778682 0
48 I -339.1537648 0
48 K -335.161114837 1
48 L -338.068282174 0
48 M -335.713619058 0
48 N -334.476760733 0
48 P -250.67594118 0
48 Q -337.304937621 0
48 R -336.81854918 0
48 S -334.070652108 0
48 T -336.284094961 0
48 V -339.21597785 0
48 W -187.632369062 0
48 Y -99.6790596746 0
49 A -339.286302337 0
49 C -340.93084909 0
49 D -341.115609306 0
49 E -333.848006036 0
49 F -182.590961349 0
49 G -335.760968216 0
49 H -299.424822861 0
49 I -329.723853989 0
49 K -275.004758489 0
49 L -337.641404009 0
49 M -309.493129692 0
49 N -341.45573992 0
49 P -180.68909231 0
49 Q -333.12495887 0
49 R -185.665723829 0
49 S -339.705020846 1
49 T -339.242097971 0
49 V -338.655393263 0
49 W -289.183831233 0
49 Y -274.096010943 0
50 A -334.357305696 0
50 C -333.131934734 0
50 D -333.176837484 0
50 E -332.819977109 0
50 F -330.593584361 0
50 G -332.029159186 0
50 H -333.042800299 0
50 I -336.769160739 0
50 K -332.647750319 0
50 L -333.464064316 0
50 M -332.800691061 0
50 N -331.487188846 0
50 P -153.527959698 0
50 Q -333.789212842 0
50 R -334.04118025 0
50 S -336.440341373 0
50 T -337.926235939 1
50 V -336.547572642 0
50 W -330.588549638 0
50 Y -330.524149261 0
51 A -332.696971373 0
51 C -329.495008886 0
51 D -330.78669854 0
51 E -333.830503369 1
51 F -331.774965718 0
51 G -329.374117301 0
51 H -331.713665903 0
51 I -328.061444303 0
51 K -332.74164316 0
51 L -325.720051563 0
51 M -331.152580187 0
51 N -329.836296173 0
51 P -305.852597277 0
51 Q -332.608121646 0
51 R -334.767248147 0
51 S -332.291598876 0
51 T -334.130794075 0
51 V -315.518057214 0
51 W -330.77009405 0
51 Y -330.822392669 0
52 A -327.127310093 0
52 C -327.415462402 0
52 D -329.265991496 0
52 E -329.4604826 0
52 F -314.250840689 0
52 G -325.003116688 0
52 H -326.296815883 0
52 I -326.467897079 0
52 K -326.002439378 0
52 L -326.901853567 0
52 M -324.438151764 0
52 N -328.944831657 0
52 P -299.878803749 0
52 Q -329.371700804 0
52 R -328.345143094 0
52 S -329.161367639 0
52 T -334.69589181 1
52 V -327.59697975 0
52 W -324.249996678 0
52 Y -313.4818963 0
53 A -329.92203964 0
53 C -323.950400495 0
53 D -332.500220766 0
53 E -329.397387404 0
53 F -329.461055249 0
53 G -338.189593581 1
53 H -331.174612375 0
53 I -312.79712671 0
53 K -330.735655205 0
53 L -330.92161081 0
53 M -323.927200162 0
53 N -332.483256856 0
53 P -280.756164435 0
53 Q -331.068865186 0
53 R -327.566311247 0
53 S -330.869788272 0
53 T -324.498979047 0
53 V -312.798461994 0
53 W -328.411306162 0
53 Y -329.327100872 0
54 A -334.663626595 0
54 C -333.593802247 0
54 D -334.277296153 0
54 E -334.269494493 0
54 F -336.494436659 0
54 G -331.316001147 0
54 H -335.66412926 0
54 I -322.205331458 0
54 K -334.171826938 0
54 L -340.631847982 0
54 M -335.563045178 0
54 N -334.606132638 0
54 P -269.655078486 0
54 Q -335.701517136 1
54 R -335.892303014 0
54 S -333.24413329 0
54 T -333.692594467 0
54 V -322.42991345 0
54 W -325.717597245 0
54 Y -336.45228255 0
55 A -330.298872829 0
55 C -330.152402953 0
55 D -332.100498112 0
55 E -330.124927381 0
55 F -337.349066203 0
55 G -325.222226777 0
55 H -333.68928617 0
55 I -329.974235291 0
55 K -330.300250948 0
55 L -333.910927202 0
55 M -331.394366934 0
55 N -331.772443193 0
55 P -236.696652004 0
55 Q -330.616716094 0
55 R -332.446135803 0
55 S -330.855384047 0
55 T -327.706132253 0
55 V -328.149459617 0
55 W -336.289701524 0
55 Y -337.534019134 1
56 A -325.419414935 0
56 C -325.511799013 0
56 D -324.054171425 0
56 E -326.893539407 0
56 F -308.695293808 0
56 G -321.32003427 0
56 H -320.03954482 0
56 I -325.049120125 0
56 K -321.87119543 0
56 L -335.858274466 1
56 M -332.559216226 0
56 N -326.141970786 0
56 P -134.014080834 0
56 Q -326.682657439 0
56 R -319.140041188 0
56 S -325.071683347 0
56 T -326.753892771 0
56 V -324.087832072 0
56 W -297.993037258 0
56 Y -321.494347777 0
57 A -331.104912948 1
57 C -310.138825598 0
57 D -310.350613775 0
57 E -282.445054949 0
57 F -159.072136419 0
57 G -325.343518185 0
57 H -174.298047922 0
57 I -241.125770456 0
57 K -248.682484101 0
57 L -244.483485128 0
57 M -252.053056187 0
57 N -311.814265187 0
57 P -175.446823267 0
57 Q -245.924259131 0
57 R -256.908042223 0
57 S -326.639732753 0
57 T -321.600557336 0
57 V -263.688758193 0
57 W -102.529114997 0
57 Y -113.481597167 0
58 A -323.006504871 0
58 C -322.727489878 0
58 D -317.382716812 0
58 E -328.470623332 0
58 F -285.885393203 0
58 G -318.161857466 0
58 H -314.334977705 0
58 I -326.364435245 0
58 K -325.319536941 0
58 L -322.414403552 0
58 M -331.162854843 1
58 N -322.982460019 0
58 P -278.615574453 0
58 Q -329.297772805 0
58 R -314.397961104 0
58 S -322.397810973 0
58 T -326.063548699 0
58 V -325.422547742 0
58 W -246.974752022 0
58 Y -296.375346639 0
59 A -326.044435727 0
59 C -322.9439824 0
59 D -330.636293503 1
59 E -321.349416354 0
59 F -321.03223153 0
59 G -328.856580646 0
59 H -323.625866552 0
59 I -319.266090734 0
59 K -320.065812495 0
59 L -324.030553235 0
59 M -321.959594579 0
59 N -328.240647251 0
59 P -136.33420602 0
59 Q -319.575361948 0
59 R -320.118586751 0
59 S -326.404337637 0
59 T -323.30751176 0
59 V -320.000635248 0
59 W -322.179900938 0
59 Y -320.851165712 0
60 A -330.948049916 0
60 C -329.299018394 0
60 D -335.157110617 0
60 E -333.08027931 0
60 F -329.982483447 0
60 G -330.413427036 0
60 H -333.114977173 0
60 I -329.573571406 0
60 K -331.978394456 0
60 L -329.066900119 0
60 M -329.856948269 0
60 N -332.122910283 0
60 P -327.050069167 0
60 Q -331.589540462 0
60 R -331.335813661 0
60 S -332.226913067 0
60 T -331.803121305 1
60 V -329.744742671 0
60 W -330.960606084 0
60 Y -329.928640999 0
61 A -332.184195553 0
61 C -330.185169265 0
61 D -333.676100788 1
61 E -333.110647632 0
61 F -332.834643348 0
61 G -332.303848259 0
61 H -333.897193559 0
61 I -324.746682189 0
61 K -333.592959254 0
61 L -333.851910684 0
61 M -332.17884863 0
61 N -334.248597798 0
61 P -295.450711848 0
61 Q -332.50007429 0
61 R -333.449328927 0
61 S -332.709128229 0
61 T -330.60426489 0
61 V -325.204762085 0
61 W -332.238475871 0
61 Y -332.651203664 0
62 A -290.326032728 0
62 C -258.078323469 0
62 D -259.123531595 0
62 E -252.689037298 0
62 F -228.58244746 0
62 G -334.503866026 1
62 H -240.778629091 0
62 I -82.9377376433 0
62 K -227.91934492 0
62 L 153.763255179 0
62 M -258.651873843 0
62 N -262.065350207 0
62 P -236.053702665 0
62 Q -263.56082101 0
62 R -236.839985752 0
62 S -285.218495915 0
62 T -258.962180157 0
62 V -213.336219468 0
62 W -210.794571142 0
62 Y -228.890716616 0
63 A -331.530742955 0
63 C -330.184561576 0
63 D -329.076942514 0
63 E -332.176123083 0
63 F -333.003757386 0
63 G -329.071913037 0
63 H -332.91007298 0
63 I -333.240737539 0
63 K -332.811751558 0
63 L -333.705770235 1
63 M -331.401092003 0
63 N -331.159428174 0
63 P -205.318665233 0
63 Q -330.548274902 0
63 R -332.734560741 0
63 S -331.86950706 0
63 T -332.249667255 0
63 V -332.774968278 0
63 W -330.143657512 0
63 Y -332.703477035 0
64 A -321.239542246 0
64 C -324.399551612 0
64 D -321.51747808 0
64 E -323.003544776 0
64 F -232.154058084 0
64 G -317.733597555 0
64 H -321.962570278 0
64 I -321.43578265 0
64 K -315.944432571 0
64 L -331.11152468 1
64 M -326.430583695 0
64 N -322.584203733 0
64 P -316.627447236 0
64 Q -322.03555509 0
64 R -310.732331345 0
64 S -321.279853028 0
64 T -320.924614433 0
64 V -312.433890723 0
64 W -212.760090892 0
64 Y -103.02203143 0
65 A -322.308149049 0
65 C -322.17794268 0
65 D -318.275654941 0
65 E -323.225057739 0
65 F -329.469142881 0
65 G -320.155319918 0
65 H -326.254469911 0
65 I -322.925680943 0
65 K -323.592491337 0
65 L -323.975057156 0
65 M -323.024378411 0
65 N -322.527048583 0
65 P -259.585161517 0
65 Q -321.862954922 0
65 R -327.488857053 0
65 S -323.686385921 0
65 T -323.089278915 0
65 V -323.482366193 0
65 W -328.806841146 0
65 Y -332.715737768 1
66 A -318.393127789 0
66 C -304.678762918 0
66 D -275.166308409 0
66 E -160.173491317 0
66 F 554.222440639 0
66 G -333.097176172 1
66 H 466.604298799 0
66 I -229.444645885 0
66 K 154.370937424 0
66 L -267.677100146 0
66 M 74.8980443748 0
66 N -304.707765752 0
66 P -89.5937434518 0
66 Q -178.283706112 0
66 R -214.946023365 0
66 S -263.162280643 0
66 T -244.113110257 0
66 V -149.039413703 0
66 W 47.7791221749 0
66 Y 815.310035789 0
67 A -332.655706506 0
67 C -329.371315688 0
67 D -330.102919452 0
67 E -317.796488315 0
67 F -77.3809636665 0
67 G -328.797033112 0
67 H -315.478795249 0
67 I -319.759904645 0
67 K -323.355197998 0
67 L -312.870718373 0
67 M -326.902284701 0
67 N -331.842887337 0
67 P -198.549089745 0
67 Q -324.496853045 0
67 R -328.05345233 0
67 S -336.327604619 1
67 T -321.65675833 0
67 V -320.083805245 0
67 W -109.236093073 0
67 Y -71.2420293497 0
68 A -333.190516202 0
68 C -330.750277679 0
68 D -335.166014476 0
68 E -335.153141994 0
68 F -332.244723732 0
68 G -332.348527168 0
68 H -333.843538399 0
68 I -330.987387956 0
68 K -334.402993324 0
68 L -334.530047803 0
68 M -334.244459479 0
68 N -334.037524056 0
68 P -332.040732104 0
68 Q -333.08732689 1
68 R -333.676697221 0
68 S -334.892918617 0
68 T -333.78700496 0
68 V -331.362783149 0
68 W -334.815870458 0
68 Y -332.034515371 0
69 A -332.926010343 0
69 C -330.242163828 0
69 D -329.49862022 0
69 E -333.741796115 0
69 F -332.28943619 0
69 G -328.203289509 0
69 H -332.608855053 0
69 I -332.897593529 0
69 K -333.710991702 0
69 L -332.897728907 0
69 M -332.683404434 0
69 N -330.922473693 0
69 P -303.567813354 0
69 Q -332.407159462 0
69 R -335.186207244 0
69 S -332.496090874 0
69 T -332.519089961 1
69 V -334.36071813 0
69 W -322.16656251 0
69 Y -332.488604751 0
70 A -335.409455295 0
70 C -324.096549751 0
70 D -329.678419425 0
70 E -329.656336656 0
70 F -300.019421865 0
70 G -331.928593985 0
70 H -298.187080238 0
70 I -328.290798917 0
70 K -335.043802701 0
70 L -323.900412399 0
70 M -330.57725426 0
70 N -325.315681814 0
70 P -334.726421304 1
70 Q -330.49891094 0
70 R -333.63390472 0
70 S -332.987669054 0
70 T -326.826421046 0
70 V -326.107789622 0
70 W -304.353513999 0
70 Y -294.721688297 0
71 A -328.550682834 0
71 C -330.174059793 0
71 D -331.497612547 0
71 E -327.192342558 0
71 F -323.346068121 0
71 G -331.299828048 0
71 H -325.349034308 0
71 I -325.313345784 0
71 K -328.235891669 0
71 L -323.871176103 0
71 M -327.441625512 0
71 N -333.310952266 1
71 P -251.616265385 0
71 Q -325.677788339 0
71 R -329.176623579 0
71 S -330.691313917 0
71 T -330.845280706 0
71 V -325.782434243 0
71 W -323.917873846 0
71 Y -322.422019802 0
72 A -331.951426098 0
72 C -328.782792153 0
72 D -333.401328457 0
72 E -334.870491934 1
72 F -329.072327912 0
72 G -330.744426743 0
72 H -331.262734805 0
72 I -330.93757408 0
72 K -332.605672344 0
72 L -332.210116924 0
72 M -331.371328304 0
72 N -331.725690652 0
72 P -323.50378201 0
72 Q -331.228933322 0
72 R -331.78172386 0
72 S -332.488258932 0
72 T -331.661462436 0
72 V -330.768621631 0
72 W -329.832763437 0
72 Y -329.024719579 0
73 A -332.795501784 0
73 C -329.954180747 0
73 D -332.430265709 0
73 E -334.459055204 1
73 F -330.098568305 0
73 G -330.354601784 0
73 H -332.868968465 0
73 I -290.26233213 0
73 K -331.508793987 0
73 L -333.497345847 0
73 M -331.107843848 0
73 N -331.702694274 0
73 P -306.702102237 0
73 Q -332.673703057 0
73 R -331.970931573 0
73 S -332.344752757 0
73 T -330.35862515 0
73 V -289.769081219 0
73 W -329.345855869 0
73 Y -329.349538634 0
74 A -331.200902188 0
74 C -326.616554054 1
74 D -322.854787999 0
74 E -316.884838303 0
74 F -204.214379971 0
74 G -329.085511523 0
74 H -285.522880882 0
74 I -295.549557661 0
74 K -301.527563485 0
74 L -272.338254948 0
74 M -303.598602331 0
74 N -325.158228944 0
74 P -244.713737328 0
74 Q -316.141773607 0
74 R -299.833020086 0
74 S -323.689694988 0
74 T -325.36498559 0
74 V -319.292310377 0
74 W -215.233786582 0
74 Y -194.068434877 0
75 A -332.465311855 0
75 C -332.521619372 0
75 D -329.94514682 0
75 E -332.724640067 0
75 F -330.726713912 0
75 G -327.507894141 0
75 H -331.388387441 0
75 I -337.881142227 0
75 K -333.683497112 0
75 L -338.023023638 1
75 M -333.97941682 0
75 N -333.45456422 0
75 P -285.35356879 0
75 Q -332.721458611 0
75 R -333.152470691 0
75 S -330.88537038 0
75 T -332.868741757 0
75 V -337.788038036 0
75 W -327.643710952 0
75 Y -327.376793691 0
76 A -322.823393525 0
76 C -322.16234978 0
76 D -319.305587885 0
76 E -321.087893529 0
76 F -333.820580401 1
76 G -317.628216828 0
76 H -328.140382653 0
76 I -312.902351294 0
76 K -320.375683791 0
76 L -324.796239552 0
76 M -325.735136997 0
76 N -323.796059297 0
76 P -271.020174552 0
76 Q -323.360289564 0
76 R -318.900908873 0
76 S -321.161278611 0
76 T -323.436319433 0
76 V -325.661485576 0
76 W -330.100860464 0
76 Y -332.048045975 0
77 A -332.773675351 0
77 C -331.576308559 0
77 D -331.337803044 0
77 E -334.502114491 0
77 F -333.66411331 0
77 G -330.557240582 0
77 H -333.492793125 0
77 I -336.425533436 0
77 K -331.442499602 0
77 L -336.894467745 1
77 M -331.904176965 0
77 N -333.824281728 0
77 P -102.490098741 0
77 Q -332.76730248 0
77 R -333.93391832 0
77 S -331.276750853 0
77 T -332.272632633 0
77 V -335.050327048 0
77 W -333.6661876 0
77 Y -334.228498062 0
78 A -334.812176578 0
78 C -336.518928953 0
78 D -338.481696488 0
78 E -339.186503205 1
78 F -328.16802 0
78 G -330.964490767 0
78 H -337.384283689 0
78 I -339.873447354 0
78 K -340.389064682 0
78 L -339.439963252 0
78 M -339.708451549 0
78 N -338.594858219 0
78 P -190.590406091 0
78 Q -337.938754203 0
78 R -342.144683494 0
78 S -337.373895789 0
78 T -337.988235226 0
78 V -338.081265836 0
78 W -334.55298412 0
78 Y -315.747891533 0
79 A -336.415124269 0
79 C -336.162095476 0
79 D -334.680529473 0
79 E -337.064961846 0
79 F -337.173110258 0
79 G -333.394109795 0
79 H -342.220121848 0
79 I -339.252415871 0
79 K -338.737750073 0
79 L -342.616638408 0
79 M -336.803003564 0
79 N -340.420808194 0
79 P -221.713675101 0
79 Q -337.219075895 0
79 R -341.015228402 1
79 S -337.032441467 0
79 T -338.538731652 0
79 V -340.636149882 0
79 W -339.694469909 0
79 Y -341.897505444 0
80 A -333.411435603 0
80 C -334.135796453 0
80 D -334.579310921 0
80 E -335.407914806 0
80 F -335.841705152 0
80 G -331.196666772 0
80 H -335.356430188 0
80 I -337.960758727 0
80 K -335.346714045 0
80 L -338.59373091 1
80 M -334.839217187 0
80 N -334.27953447 0
80 P -330.827643415 0
80 Q -334.886511871 0
80 R -336.081224134 0
80 S -334.653794188 0
80 T -336.293335728 0
80 V -337.863212998 0
80 W -335.077615279 0
80 Y -334.484097745 0
81 A -341.604620389 0
81 C -340.248580506 0
81 D -340.50042761 0
81 E -343.047636913 1
81 F -329.339885318 0
81 G -339.585881445 0
81 H -339.944852334 0
81 I -340.153115414 0
81 K -338.929115874 0
81 L -337.568868607 0
81 M -340.901932525 0
81 N -339.174314478 0
81 P -132.127772451 0
81 Q -338.380109232 0
81 R -336.428678569 0
81 S -340.502735863 0
81 T -342.031701519 0
81 V -341.30371216 0
81 W -335.742092955 0
81 Y -332.427985983 0
82 A -329.214550295 0
82 C -326.937483888 0
82 D -330.931642405 0
82 E -339.716819983 1
82 F -334.448149193 0
82 G -328.688973971 0
82 H -336.686308409 0
82 I -328.00771754 0
82 K -330.726234545 0
82 L -329.517019597 0
82 M -329.053048068 0
82 N -329.548842616 0
82 P -334.555309618 0
82 Q -334.204866743 0
82 R -329.471316902 0
82 S -331.533131541 0
82 T -329.432518727 0
82 V -327.983918352 0
82 W -336.349386296 0
82 Y -334.225304472 0
83 A -329.187425417 0
83 C -328.452613334 0
83 D -330.263499165 0
83 E -330.69124198 0
83 F -329.251030679 0
83 G -328.621072136 0
83 H -330.225330783 0
83 I -330.523843244 0
83 K -330.777015252 0
83 L -331.053762497 0
83 M -330.144701895 0
83 N -332.041077193 1
83 P -310.143478556 0
83 Q -329.238080685 0
83 R -330.112727551 0
83 S -330.651737868 0
83 T -330.628238176 0
83 V -329.644120337 0
83 W -328.802611491 0
83 Y -329.192123861 0
84 A -333.524269636 0
84 C -332.429539778 0
84 D -335.208517686 0
84 E -334.897157119 0
84 F -333.604688608 0
84 G -334.663807236 0
84 H -335.750774356 1
84 I -302.665288393 0
84 K -336.134743398 0
84 L -334.774113268 0
84 M -334.287750588 0
84 N -336.73327401 0
84 P -260.819698798 0
84 Q -334.487324221 0
84 R -335.437290868 0
84 S -333.827512107 0
84 T -328.90576907 0
84 V -320.600139499 0
84 W -334.059781923 0
84 Y -333.510621232 0
85 A -335.482536083 0
85 C -333.679811003 0
85 D -330.304359354 0
85 E -334.371094614 0
85 F -339.188729312 0
85 G -329.781321976 0
85 H -335.859284239 0
85 I -328.714792327 0
85 K -337.166131738 0
85 L -337.424073387 0
85 M -340.043995751 0
85 N -334.76326278 0
85 P -208.635069307 0
85 Q -336.855933692 0
85 R -338.695197729 0
85 S -333.723455398 0
85 T -334.475404299 0
85 V -328.595719991 0
85 W -338.806667823 0
85 Y -340.916731333 1
86 A -341.639481431 0
86 C -341.199249945 0
86 D -337.766846973 0
86 E -336.860641292 0
86 F -344.140470819 0
86 G -335.830703508 0
86 H -343.484773053 0
86 I -340.418426618 0
86 K -339.359345019 0
86 L -344.423022165 0
86 M -344.100501404 0
86 N -341.187497323 1
86 P -272.735343452 0
86 Q -340.783953791 0
86 R -340.574521587 0
86 S -338.583587138 0
86 T -341.876884869 0
86 V -340.83312452 0
86 W -344.721925583 0
86 Y -343.906142989 0
87 A -339.938089553 0
87 C -343.606530365 0
87 D -335.551659872 0
87 E -344.012306591 0
87 F -322.867799415 0
87 G -336.343280795 0
87 H -324.496964596 0
87 I -345.651992431 0
87 K -333.890075219 0
87 L -325.876933409 0
87 M -345.018927811 0
87 N -340.471290607 0
87 P -305.870412127 0
87 Q -345.866581311 0
87 R -338.106153799 0
87 S -345.088758446 0
87 T -346.808892415 1
87 V -348.023500073 0
87 W -328.468226206 0
87 Y -319.878921069 0
88 A -330.800605889 0
88 C -330.023847242 0
88 D -330.210516943 0
88 E -331.972816798 0
88 F -339.783050147 0
88 G -326.36741245 0
88 H -334.654568822 0
88 I -325.802827625 0
88 K -331.53273792 0
88 L -335.420493741 0
88 M -335.708110834 0
88 N -332.517544857 0
88 P -305.757093202 0
88 Q -331.118195029 0
88 R -333.389226334 0
88 S -330.450456397 0
88 T -327.014724013 0
88 V -327.223905342 0
88 W -332.861206862 0
88 Y -339.639839087 1
89 A -332.663566077 0
89 C -333.065604126 0
89 D -328.820351728 0
89 E -334.599163874 0
89 F -323.893206858 0
89 G -326.417085206 0
89 H -331.069203346 0
89 I -339.682445953 1
89 K -331.780617025 0
89 L -337.22036655 0
89 M -336.977999349 0
89 N -331.792420957 0
89 P -254.05629238 0
89 Q -332.528261135 0
89 R -331.729640134 0
89 S -332.23034975 0
89 T -335.118198268 0
89 V -338.805193853 0
89 W -329.21626189 0
89 Y -320.795104321 0
90 A -335.437067008 0
90 C -334.579750675 0
90 D -336.127922148 0
90 E -327.930744579 0
90 F -299.93207792 0
90 G -330.102373592 0
90 H -308.97506006 0
90 I -326.565366256 0
90 K -296.776078626 0
90 L -289.813936615 0
90 M -283.605362387 0
90 N -336.242411236 0
90 P -195.52653623 0
90 Q -330.146230745 0
90 R -291.69755071 0
90 S -334.296312518 1
90 T -332.460373908 0
90 V -326.474547278 0
90 W -1.43078556927 0
90 Y -252.524370913 0
91 A -332.894778089 0
91 C -331.307601994 0
91 D -329.823514131 0
91 E -330.980992474 0
91 F -331.642294091 0
91 G -328.869835995 0
91 H -332.235748167 0
91 I -331.185261557 0
91 K -335.242096596 1
91 L -333.280309727 0
91 M -331.822292865 0
91 N -330.821796515 0
91 P -143.812876733 0
91 Q -331.651121666 0
91 R -334.47015443 0
91 S -331.924578809 0
91 T -331.727489316 0
91 V -332.393262645 0
91 W -332.324295695 0
91 Y -331.596412295 0
92 A -336.37410429 0
92 C -332.738753996 0
92 D -332.971718597 0
92 E -336.08071174 0
92 F -333.140939026 0
92 G -333.668733782 0
92 H -333.930576765 0
92 I -333.194750692 0
92 K -337.19667465 1
92 L -337.569754099 0
92 M -336.438686955 0
92 N -332.882947807 0
92 P -317.308336463 0
92 Q -335.059660528 0
92 R -336.449438054 0
92 S -334.922688735 0
92 T -335.348341955 0
92 V -336.720323368 0
92 W -332.446749511 0
92 Y -332.173254406 0
93 A -335.643400362 0
93 C -334.106810905 0
93 D -335.60239994 0
93 E -334.040885977 0
93 F -339.751706879 0
93 G -331.392599567 0
93 H -338.86976829 1
93 I -318.772262728 0
93 K -326.585836587 0
93 L -329.969477461 0
93 M -337.611649044 0
93 N -338.062892863 0
93 P -299.071018717 0
93 Q -333.577186803 0
93 R -312.107693231 0
93 S -333.433042448 0
93 T -334.216449085 0
93 V -326.034166284 0
93 W -326.098940663 0
93 Y -332.708423908 0
94 A -339.079388523 1
94 C -334.2384541 0
94 D -334.187147863 0
94 E -334.950186057 0
94 F -335.262292444 0
94 G -336.524150675 0
94 H -336.455159683 0
94 I -326.450954036 0
94 K -338.142409206 0
94 L -334.369483801 0
94 M -336.073589603 0
94 N -334.036983041 0
94 P -94.151727731 0
94 Q -335.966985105 0
94 R -337.830548344 0
94 S -337.893421948 0
94 T -335.615963553 0
94 V -336.487362471 0
94 W -334.869297742 0
94 Y -313.157221279 0
95 A -335.460029121 0
95 C -332.101609724 0
95 D -336.865526134 0
95 E -336.855448197 1
95 F -332.868780177 0
95 G -334.365361597 0
95 H -334.427065543 0
95 I -332.820784541 0
95 K -336.223740019 0
95 L -335.492659 0
95 M -334.784883003 0
95 N -335.471162205 0
95 P -333.075258812 0
95 Q -335.124919444 0
95 R -335.494003639 0
95 S -336.676188106 0
95 T -334.743821597 0
95 V -333.45663855 0
95 W -333.786978958 0
95 Y -332.722278942 0
96 A -335.639482018 0
96 C -333.559801407 0
96 D -336.656250152 0
96 E -336.223759906 0
96 F -336.659484173 0
96 G -334.029357141 0
96 H -336.79996407 0
96 I -297.871627102 0
96 K -336.011482488 1
96 L -338.393010505 0
96 M -335.230284274 0
96 N -335.980461603 0
96 P -212.183539645 0
96 Q -335.822168428 0
96 R -336.95138236 0
96 S -335.792386655 0
96 T -333.757207861 0
96 V -291.850053163 0
96 W -335.905581838 0
96 Y -336.091021205 0
97 A -334.443475695 0
97 C -332.721016973 0
97 D -340.756082917 0
97 E -340.692375801 0
97 F -334.295868394 0
97 G -333.99692564 0
97 H -335.912946028 0
97 I -304.717354834 0
97 K -341.576293962 0
97 L -340.064651465 0
97 M -340.126794988 0
97 N -337.561024487 1
97 P -216.98648453 0
97 Q -339.738303963 0
97 R -340.671116172 0
97 S -334.305727554 0
97 T -329.924558609 0
97 V -327.258278337 0
97 W -334.378860173 0
97 Y -334.644534879 0
98 A -328.189744969 0
98 C -327.70216151 0
98 D -327.328315133 0
98 E -329.793622061 0
98 F -332.325857819 0
98 G -323.900249686 0
98 H -330.611965384 0
98 I -273.555115599 0
98 K -327.798906232 0
98 L -318.836655133 0
98 M -332.268732092 0
98 N -328.862387085 0
98 P -296.803983343 0
98 Q -330.09894597 0
98 R -330.305203039 0
98 S -326.794348933 0
98 T -326.111937241 0
98 V -322.473808936 0
98 W -338.294434228 1
98 Y -330.388938594 0
99 A -329.507720094 0
99 C -334.325757947 0
99 D -329.549107632 0
99 E -328.974210843 0
99 F -346.488003448 1
99 G -326.076110418 0
99 H -336.922452261 0
99 I -321.959604907 0
99 K -333.897650389 0
99 L -325.172240816 0
99 M -336.401177832 0
99 N -334.160277293 0
99 P -240.241432627 0
99 Q -331.515685773 0
99 R -334.791458036 0
99 S -328.020527228 0
99 T -327.948730752 0
99 V -321.677553969 0
99 W -337.397043559 0
99 Y -342.686907289 0
100 A -326.831915735 0
100 C -327.081779806 0
100 D -326.001541533 0
100 E -325.294841356 0
100 F -300.39287638 0
100 G -322.647623651 0
100 H -320.230329047 0
100 I -330.576057784 0
100 K -322.246561769 0
100 L -324.665223719 0
100 M -332.34949047 0
100 N -327.39851256 0
100 P -177.905242625 0
100 Q -326.979360649 0
100 R -324.493297443 0
100 S -326.573498632 0
100 T -328.174634661 0
100 V -333.564755919 1
100 W -304.018073812 0
100 Y -289.835155147 0
101 A -325.152772102 0
101 C -307.722325036 0
101 D -299.567967941 0
101 E -245.131662408 0
101 F -247.454416981 0
101 G -332.740188425 1
101 H -254.173197898 0
101 I -229.039170734 0
101 K -9.74349467403 0
101 L -283.900107503 0
101 M -193.668823758 0
101 N -302.907826863 0
101 P -254.852241148 0
101 Q -178.958227757 0
101 R -68.5927409094 0
101 S -322.583286565 0
101 T -292.163922971 0
101 V -241.204940492 0
101 W -130.015047844 0
101 Y -160.436918619 0
102 A -323.580390875 0
102 C -323.986826777 0
102 D -322.049144013 0
102 E -326.608183461 0
102 F -312.798658531 0
102 G -319.880803001 0
102 H -322.907540406 0
102 I -327.148685913 0
102 K -315.175267131 0
102 L -334.014973522 1
102 M -328.980948278 0
102 N -324.569359475 0
102 P -286.078087346 0
102 Q -324.956027386 0
102 R -311.77657947 0
102 S -323.570622092 0
102 T -325.460439203 0
102 V -325.049055102 0
102 W -246.759482739 0
102 Y -307.794830968 0
103 A -333.413192239 0
103 C -331.906797381 0
103 D -335.291369388 0
103 E -333.451635099 0
103 F -335.049796078 0
103 G -332.531144959 0
103 H -337.820523936 0
103 I -327.713793979 0
103 K -335.799720591 1
103 L -333.35148409 0
103 M -335.460381674 0
103 N -335.255486499 0
103 P -175.964748184 0
103 Q -332.024979949 0
103 R -336.004296258 0
103 S -332.050695283 0
103 T -331.927750683 0
103 V -329.831456931 0
103 W -335.131668387 0
103 Y -332.948453082 0
104 A -337.817685277 0
104 C -335.324866037 0
104 D -338.746595453 0
104 E -340.618423131 0
104 F -337.384535784 0
104 G -336.587234115 0
104 H -339.93482733 0
104 I -336.527081195 0
104 K -340.451390848 1
104 L -332.605338058 0
104 M -336.64677477 0
104 N -337.393961064 0
104 P -338.213868202 0
104 Q -338.316265265 0
104 R -337.988222914 0
104 S -339.713413597 0
104 T -338.239309815 0
104 V -336.719619579 0
104 W -339.018575554 0
104 Y -337.500020482 0
105 A -328.949048637 0
105 C -328.087938553 0
105 D -335.07998816 0
105 E -331.126013655 0
105 F -329.494701129 0
105 G -329.36136932 0
105 H -331.118781895 0
105 I -329.020504727 0
105 K -330.834437108 0
105 L -331.113870792 0
105 M -329.4666513 0
105 N -333.141258529 1
105 P -310.876432118 0
105 Q -329.637602922 0
105 R -330.133713732 0
105 S -330.8007509 0
105 T -331.3015807 0
105 V -329.85655283 0
105 W -333.845289795 0
105 Y -328.90271677 0
106 A -323.122093497 0
106 C 43.3107601462 0
106 D 82.8259199756 0
106 E -306.070094522 0
106 F -293.385077053 0
106 G -334.046435743 1
106 H -309.321587453 0
106 I -288.50817501 0
106 K -317.058583447 0
106 L 528.721139159 0
106 M -278.53643232 0
106 N 201.569511432 0
106 P -259.665539007 0
106 Q -314.529758397 0
106 R 76.6044702126 0
106 S -325.317135688 0
106 T -78.88639855 0
106 V -73.4029513892 0
106 W -311.540365627 0
106 Y -286.572060088 0
107 A -331.934901924 0
107 C -329.850265032 0
107 D -332.037854323 0
107 E -332.77220064 0
107 F -328.864238364 0
107 G -330.649655702 0
107 H -331.25793909 0
107 I -327.907429764 0
107 K -331.614480861 0
107 L -332.217050891 0
107 M -330.921176977 0
107 N -330.388799299 0
107 P -258.655931118 0
107 Q -331.046187035 0
107 R -332.000611727 0
107 S -330.889868135 1
107 T -328.865532503 0
107 V -329.656466931 0
107 W -330.068824513 0
107 Y -328.367025115 0
108 A -336.866707024 0
108 C -336.974983779 1
108 D -335.508166749 0
108 E -328.046409892 0
108 F -229.697285442 0
108 G -333.698914241 0
108 H -320.613495528 0
108 I -322.925375764 0
108 K -313.227368445 0
108 L -322.689284735 0
108 M -320.002322082 0
108 N -333.661756109 0
108 P -337.430362618 0
108 Q -329.947095899 0
108 R -315.150495543 0
108 S -336.30289831 0
108 T -338.063256556 0
108 V -335.684723187 0
108 W -255.988266255 0
108 Y -238.553812272 0
109 A -333.404651976 0
109 C -333.780175496 0
109 D -333.704483067 0
109 E -333.523699367 0
109 F -327.673238975 0
109 G -327.257279173 0
109 H -334.212231908 0
109 I -295.30712458 0
109 K -335.800557375 1
109 L -338.865089584 0
109 M -336.838173666 0
109 N -335.392759487 0
109 P -117.439903246 0
109 Q -334.912553518 0
109 R -335.026351376 0
109 S -333.57886885 0
109 T -332.436618014 0
109 V -289.564035998 0
109 W -329.535519925 0
109 Y -326.741780051 0
110 A -336.934620276 0
110 C -333.826719611 0
110 D -336.295942902 0
110 E -336.673743244 0
110 F -326.798001989 0
110 G -334.199341325 0
110 H -335.603369841 0
110 I -331.743068642 0
110 K -336.492923266 0
110 L -335.355407207 0
110 M -335.845501697 0
110 N -335.676246702 0
110 P -337.673148364 0
110 Q -335.084324237 0
110 R -337.178173878 1
110 S -335.60397535 0
110 T -333.262354335 0
110 V -333.285895568 0
110 W -333.631630545 0
110 Y -324.901026511 0
111 A -331.126261826 0
111 C -227.70854837 0
111 D -43.9187680344 0
111 E -72.2045156759 0
111 F -202.555445548 0
111 G -337.654719821 1
111 H 538.423482268 0
111 I -26.6597149439 0
111 K -165.386417882 0
111 L -260.183444159 0
111 M -170.099511264 0
111 N 10.4688626439 0
111 P 167.08830326 0
111 Q -230.151246539 0
111 R -145.160168168 0
111 S -305.829555864 0
111 T -240.982305402 0
111 V -201.98291516 0
111 W 853.309641312 0
111 Y -203.546374518 0
112 A -339.373601143 0
112 C -338.022380405 0
112 D -340.940103395 0
112 E -340.261113955 0
112 F -338.094107263 0
112 G -338.413211576 0
112 H -340.319140626 0
112 I -337.972105497 0
112 K -339.445560002 0
112 L -340.547025691 0
112 M -339.698466181 0
112 N -339.782536292 0
112 P -333.473691793 1
112 Q -338.813538675 0
112 R -337.52444033 0
112 S -341.033502876 0
112 T -332.306932504 0
112 V -337.584612198 0
112 W -338.627482738 0
112 Y -338.188371774 0
113 A -332.510210323 0
113 C -331.014540987 0
113 D -333.713525798 0
113 E -337.834694263 0
113 F -333.425951783 0
113 G -331.987674027 0
113 H -334.039918935 0
113 I -328.042750562 0
113 K -333.894456707 0
113 L -334.63887747 0
113 M -332.4912907 0
113 N -333.798779681 0
113 P -156.8984269 0
113 Q -336.524815315 0
113 R -332.800924093 1
113 S -332.964488421 0
113 T -332.132738548 0
113 V -329.041234584 0
113 W -333.471582228 0
113 Y -333.331572773 0
114 A -335.803132283 0
114 C -337.142707964 0
114 D -328.976126655 0
114 E -329.803509502 0
114 F -238.942815119 0
114 G -333.182199549 0
114 H -316.981548657 0
114 I -313.627249966 0
114 K -305.930072958 0
114 L -331.385990924 0
114 M -316.700474916 0
114 N -337.384177984 0
114 P -184.933310245 0
114 Q -320.351767136 0
114 R -252.352105967 0
114 S -337.230572946 0
114 T -340.313533522 1
114 V -282.035892929 0
114 W -16.1199545366 0
114 Y -202.246572788 0
115 A -334.932477369 0
115 C -331.934084307 0
115 D -334.554230527 0
115 E -334.09752687 0
115 F -331.987414564 0
115 G -332.992754269 0
115 H -336.497191189 1
115 I -326.244511201 0
115 K -333.391033414 0
115 L -331.127208101 0
115 M -331.998075736 0
115 N -333.33954553 0
115 P -303.305087097 0
115 Q -331.900474425 0
115 R -332.98553254 0
115 S -334.319980116 0
115 T -329.786064187 0
115 V -327.772004076 0
115 W -331.233040173 0
115 Y -331.82773649 0
116 A -330.962097395 0
116 C -331.740187406 0
116 D -335.04223394 0
116 E -336.397279083 0
116 F -335.93243282 0
116 G -328.505525585 0
116 H -336.57094815 0
116 I -335.289791171 0
116 K -335.447525564 0
116 L -336.705756051 0
116 M -333.818799071 0
116 N -334.222620376 0
116 P -334.134790893 0
116 Q -334.113049924 0
116 R -335.251395133 0
116 S -331.235877585 0
116 T -334.352125839 0
116 V -329.677471284 0
116 W -335.535315133 0
116 Y -337.667696204 1
117 A -324.281549912 0
117 C -318.164544773 0
117 D -320.527917935 0
117 E -321.567386102 0
117 F -324.614766948 0
117 G -335.391632227 1
117 H -325.538842438 0
117 I -313.699494179 0
117 K -324.125886317 0
117 L -323.226167989 0
117 M -320.972688379 0
117 N -326.527005134 0
117 P -212.462244563 0
117 Q -321.256387053 0
117 R -325.366116597 0
117 S -326.81635501 0
117 T -319.361757968 0
117 V -313.750746492 0
117 W -322.117038892 0
117 Y -323.186908132 0
118 A -334.520475725 0
118 C -332.966614586 0
118 D -340.031167427 0
118 E -335.79499767 0
118 F -333.21484305 0
118 G -331.849014685 0
118 H -333.395725277 0
118 I -330.117534477 0
118 K -334.217496471 0
118 L -333.835835523 0
118 M -332.828158129 0
118 N -332.315570364 0
118 P -102.026472884 0
118 Q -336.680326259 1
118 R -333.127974394 0
118 S -333.568927416 0
118 T -331.606990883 0
118 V -329.84574976 0
118 W -310.637480028 0
118 Y -332.927317834 0
119 A -330.239227445 0
119 C -326.53386038 0
119 D -330.119837138 0
119 E -331.981450693 0
119 F -327.386340147 0
119 G -327.848747467 0
119 H -328.949355712 0
119 I -310.43617274 0
119 K -331.134105883 1
119 L -331.516668127 0
119 M -330.930023694 0
119 N -329.926184183 0
119 P -329.150601267 0
119 Q -329.073220394 0
119 R -330.731855108 0
119 S -329.88985058 0
119 T -330.183903531 0
119 V -308.307112438 0
119 W -329.068301033 0
119 Y -327.303356519 0
120 A -333.768590488 1
120 C -330.353332329 0
120 D -326.412960402 0
120 E -328.259571436 0
120 F -253.663254069 0
120 G -327.287137524 0
120 H -313.262202002 0
120 I -321.133109894 0
120 K -323.689005915 0
120 L -303.563388986 0
120 M -318.770497958 0
120 N -319.934316551 0
120 P -305.032465942 0
120 Q -328.000943045 0
120 R -320.98138377 0
120 S -331.236601368 0
120 T -319.428611964 0
120 V -326.051192429 0
120 W -293.279726293 0
120 Y -263.397550563 0
121 A -328.873596036 0
121 C -329.063374011 0
121 D -334.204826607 0
121 E -327.444029 0
121 F -259.948291809 0
121 G -326.628425256 0
121 H -332.062139376 0
121 I -341.863595534 1
121 K -322.480698007 0
121 L -333.269709182 0
121 M -328.313904415 0
121 N -336.867823983 0
121 P -297.354954829 0
121 Q -329.919318865 0
121 R -322.488164925 0
121 S -328.60763568 0
121 T -337.664418325 0
121 V -337.650368694 0
121 W -170.69357336 0
121 Y -253.796956187 0
122 A -330.199466998 0
122 C -329.849993608 0
122 D -330.404357247 0
122 E -332.538454929 0
122 F -340.003235562 0
122 G -325.164656006 0
122 H -337.885661521 0
122 I -321.937203167 0
122 K -330.537461567 0
122 L -335.277413634 1
122 M -337.160632373 0
122 N -332.281716453 0
122 P -269.864805894 0
122 Q -335.397945182 0
122 R -330.56512266 0
122 S -329.516379471 0
122 T -328.591457865 0
122 V -310.765936307 0
122 W -336.375671926 0
122 Y -339.208623916 0
123 A -326.749467658 0
123 C -326.714416905 0
123 D -325.842082741 0
123 E -328.818944472 0
123 F -338.356907919 1
123 G -322.776051912 0
123 H -331.824540326 0
123 I -331.261151452 0
123 K -325.645273708 0
123 L -332.971079572 0
123 M -330.937972536 0
123 N -328.155375216 0
123 P -246.94117463 0
123 Q -328.649899988 0
123 R -324.880207514 0
123 S -325.919795837 0
123 T -327.360608787 0
123 V -329.324776068 0
123 W -337.645800326 0
123 Y -327.685360427 0
124 A -329.151019818 0
124 C -327.463274954 0
124 D -331.282155552 0
124 E -332.644554702 0
124 F -329.687363249 0
124 G -320.082237354 0
124 H -331.654240734 0
124 I -330.964020925 0
124 K -332.038409369 0
124 L -334.561086303 1
124 M -332.323353288 0
124 N -332.755362168 0
124 P -184.770527414 0
124 Q -331.940612705 0
124 R -332.393463854 0
124 S -329.975620949 0
124 T -328.29477891 0
124 V -330.588047959 0
124 W -326.948165575 0
124 Y -329.602582945 0
125 A -334.131515455 0
125 C -336.935986513 0
125 D -335.775216823 0
125 E -335.025095958 0
125 F -326.747177343 0
125 G -331.567005564 0
125 H -330.407429787 0
125 I -334.712390018 0
125 K -335.135097273 0
125 L -338.907613068 0
125 M -336.423312336 0
125 N -337.654748814 0
125 P -338.501400465 1
125 Q -337.031588886 0
125 R -338.342278208 0
125 S -337.271046475 0
125 T -335.491904882 0
125 V -331.078890107 0
125 W -329.440496458 0
125 Y -319.869626947 0
126 A -328.769536069 0
126 C -327.962299555 0
126 D -324.920480144 0
126 E -330.908889875 0
126 F -316.503413083 0
126 G -323.930321536 0
126 H -325.7895809 0
126 I -329.443032801 0
126 K -330.313678541 0
126 L -334.514334725 1
126 M -331.919735779 0
126 N -328.236455022 0
126 P -100.814122857 0
126 Q -330.74049357 0
126 R -332.348085438 0
126 S -328.325064297 0
126 T -329.930821874 0
126 V -330.762056708 0
126 W -302.769497334 0
126 Y -317.153571973 0
127 A -330.09939565 0
127 C -327.270267004 0
127 D -333.273304601 0
127 E -331.080521553 0
127 F -327.662734604 0
127 G -329.290499326 0
127 H -329.321948729 0
127 I -312.716363133 0
127 K -328.818272203 0
127 L -329.061262603 0
127 M -328.46062789 0
127 N -329.853860887 0
127 P -333.132249784 1
127 Q -327.891647569 0
127 R -328.701415083 0
127 S -331.10373009 0
127 T -327.547899273 0
127 V -308.440955215 0
127 W -326.302082936 0
127 Y -327.584352734 0
128 A -329.494636844 0
128 C -328.977914405 0
128 D -327.906516318 0
128 E -326.00435121 0
128 F -214.820087081 0
128 G -325.7548329 0
128 H -326.003294941 0
128 I -330.861667393 0
128 K -329.521408314 0
128 L -327.666470395 0
128 M -328.892825598 0
128 N -329.229772023 0
128 P -324.520052854 0
128 Q -328.013750559 0
128 R -328.946797038 0
128 S -329.401250017 0
128 T -331.485410844 0
128 V -336.100046132 1
128 W -328.56041159 0
128 Y -330.740328506 0
129 A -328.634141888 0
129 C -327.061054516 0
129 D -329.672649929 0
129 E -330.300133852 0
129 F -328.06039433 0
129 G -329.12174344 0
129 H -328.736598895 0
129 I -329.680008986 0
129 K -329.98045401 0
129 L -328.987442733 0
129 M -328.664738077 0
129 N -329.505137615 0
129 P -314.085667069 0
129 Q -328.350879665 0
129 R -329.494356787 0
129 S -329.056514269 1
129 T -328.728245157 0
129 V -329.847550698 0
129 W -328.267878767 0
129 Y -327.959312303 0
