1 A 618.019623798 0
1 C 620.888684389 0
1 D 615.180040011 0
1 E 617.123144311 1
1 F 618.703802436 0
1 G 619.119509302 0
1 H 616.197091024 0
1 I 630.19288629 0
1 K 617.917927488 0
1 L 616.514157753 0
1 M 617.042079126 0
1 N 617.857255207 0
1 P 616.564968763 0
1 Q 618.634238378 0
1 R 616.460369852 0
1 S 618.993476054 0
1 T 620.864787487 0
1 V 630.278107865 0
1 W 618.242086404 0
1 Y 618.943685454 0
2 A 621.707631457 0
2 C 622.649255751 0
2 D 621.541429474 0
2 E 624.020044702 0
2 F 609.44762154 1
2 G 622.797140522 0
2 H 616.153588163 0
2 I 625.666209044 0
2 K 622.928184599 0
2 L 624.600928576 0
2 M 623.223597975 0
2 N 620.130722774 0
2 P 629.156850627 0
2 Q 624.627257979 0
2 R 620.289660871 0
2 S 621.505820744 0
2 T 620.506072365 0
2 V 625.544557407 0
2 W 613.91273846 0
2 Y 615.141585939 0
3 A 615.801599838 0
3 C 618.96800974 0
3 D 614.22450089 1
3 E 612.099096497 0
3 F 613.411807132 0
3 G 616.996979978 0
3 H 613.152812758 0
3 I 617.882458389 0
3 K 615.753885869 0
3 L 612.361012832 0
3 M 614.017615805 0
3 N 616.109524111 0
3 P 631.708618746 0
3 Q 614.950903771 0
3 R 615.452235067 0
3 S 614.749707955 0
3 T 615.22216979 0
3 V 616.438879267 0
3 W 615.968978609 0
3 Y 613.569691938 0
4 A 616.833141787 0
4 C 619.499340966 0
4 D 617.92203127 0
4 E 615.292621039 0
4 F 617.007597829 0
4 G 617.888121018 0
4 H 615.920125963 0
4 I 614.649555548 0
4 K 614.246129501 1
4 L 615.551339814 0
4 M 616.975327444 0
4 N 616.552177621 0
4 P 727.760077716 0
4 Q 616.354222848 0
4 R 615.955158334 0
4 S 616.767363146 0
4 T 616.257416389 0
4 V 614.528138142 0
4 W 613.223055893 0
4 Y 617.498401197 0
5 A 616.1731397 1
5 C 622.727162006 0
5 D 616.458752882 0
5 E 620.241744718 0
5 F 647.438280548 0
5 G 613.243038303 0
5 H 628.147299108 0
5 I 633.508809334 0
5 K 624.398405741 0
5 L 631.966031429 0
5 M 615.796577414 0
5 N 621.551167052 0
5 P 832.179127763 0
5 Q 627.053888086 0
5 R 616.23912395 0
5 S 619.479006949 0
5 T 620.840131577 0
5 V 628.548769541 0
5 W 664.624201242 0
5 Y 647.108471732 0
6 A 610.432824692 1
6 C 616.246015737 0
6 D 613.685370882 0
6 E 621.490581506 0
6 F 611.823573149 0
6 G 613.299739072 0
6 H 608.814623878 0
6 I 658.617446592 0
6 K 625.087325501 0
6 L 617.660755132 0
6 M 616.534699172 0
6 N 614.988927697 0
6 P 809.608808157 0
6 Q 641.39382307 0
6 R 619.137631606 0
6 S 612.771609893 0
6 T 615.580115624 0
6 V 658.407736543 0
6 W 1113.88691257 0
6 Y 611.652854308 0
7 A 612.85310045 0
7 C 615.795721652 0
7 D 613.299824761 0
7 E 612.363859967 1
7 F 612.8766767 0
7 G 613.480804873 0
7 H 613.652007918 0
7 I 617.033783681 0
7 K 612.434635848 0
7 L 612.464441643 0
7 M 613.79089039 0
7 N 612.999828526 0
7 P 1039.49732054 0
7 Q 615.497037889 0
7 R 612.099499976 0
7 S 612.772516962 0
7 T 612.113239545 0
7 V 630.892349738 0
7 W 611.909548415 0
7 Y 613.234186674 0
8 A 613.546651203 0
8 C 615.211688291 0
8 D 605.859251408 0
8 E 609.247004936 1
8 F 606.616912839 0
8 G 614.53802996 0
8 H 605.669339806 0
8 I 608.301405447 0
8 K 606.400015137 0
8 L 608.260162017 0
8 M 609.75082879 0
8 N 607.252919376 0
8 P 927.626359828 0
8 Q 607.473668418 0
8 R 605.725510094 0
8 S 609.055111583 0
8 T 606.992835511 0
8 V 607.137188366 0
8 W 608.439871924 0
8 Y 605.734440625 0
9 A 604.419306085 0
9 C 608.97914035 0
9 D 610.199354602 0
9 E 620.516148465 0
9 F 620.962906925 0
9 G 607.61047105 0
9 H 609.586385208 0
9 I 621.73058346 0
9 K 616.213662082 0
9 L 617.751417773 0
9 M 614.930102315 0
9 N 610.376047051 0
9 P 926.631336758 0
9 Q 621.086872553 0
9 R 617.742069136 0
9 S 606.960259204 0
9 T 607.478888114 0
9 V 606.080097894 1
9 W 874.516533203 0
9 Y 894.321913352 0
10 A 610.018754405 0
10 C 611.12226693 0
10 D 609.168945499 0
10 E 608.858582289 0
10 F 603.900780493 0
10 G 609.996052734 0
10 H 607.447636876 0
10 I 612.207037322 0
10 K 607.484955442 1
10 L 608.890693771 0
10 M 607.551495389 0
10 N 608.406022775 0
10 P 845.367611 0
10 Q 609.448831075 0
10 R 608.396641345 0
10 S 610.447261138 0
10 T 612.072646546 0
10 V 612.262539901 0
10 W 602.7735783 0
10 Y 605.65167366 0
11 A 606.910592163 0
11 C 607.317763005 0
11 D 606.716464639 0
11 E 606.055155721 0
11 F 607.620810763 0
11 G 606.494799364 0
11 H 604.208605168 1
11 I 612.173042884 0
11 K 604.696058689 0
11 L 604.907193971 0
11 M 606.422186173 0
11 N 603.898048884 0
11 P 935.701317283 0
11 Q 605.015003739 0
11 R 604.578874211 0
11 S 606.739801085 0
11 T 607.663957222 0
11 V 611.969944783 0
11 W 606.986559294 0
11 Y 607.526533129 0
12 A 593.612035652 0
12 C 596.517205658 0
12 D 595.102580906 0
12 E 598.098171785 0
12 F 728.803732608 0
12 G 590.031807127 0
12 H 591.596850355 0
12 I 610.925448677 0
12 K 613.543046717 0
12 L 590.117828717 1
12 M 595.031552765 0
12 N 592.857084395 0
12 P 820.4202699 0
12 Q 589.775377108 0
12 R 646.678700458 0
12 S 590.952296886 0
12 T 589.56766694 0
12 V 599.203789211 0
12 W 606.62513108 0
12 Y 606.577829135 0
13 A 609.190392875 1
13 C 609.178075428 0
13 D 606.85717157 0
13 E 607.574369236 0
13 F 606.347297605 0
13 G 607.457224602 0
13 H 605.03679151 0
13 I 613.137018582 0
13 K 611.541258952 0
13 L 611.18698769 0
13 M 609.649530245 0
13 N 608.034732245 0
13 P 597.867731942 0
13 Q 609.430569144 0
13 R 611.138481953 0
13 S 605.584165715 0
13 T 616.985258736 0
13 V 608.565536242 0
13 W 608.384428245 0
13 Y 606.853907141 0
14 A 598.894413234 0
14 C 602.498486873 0
14 D 595.531110694 1
14 E 596.783044503 0
14 F 586.45936634 0
14 G 597.620521209 0
14 H 597.7223232 0
14 I 603.476989111 0
14 K 597.091253332 0
14 L 598.608265454 0
14 M 599.34385624 0
14 N 598.236190678 0
14 P 595.218584646 0
14 Q 600.143588436 0
14 R 597.547382108 0
14 S 596.582520937 0
14 T 599.393915018 0
14 V 603.498506099 0
14 W 585.673923447 0
14 Y 599.864066213 0
15 A 614.223211568 0
15 C 617.71640417 0
15 D 613.22099299 0
15 E 611.260496129 1
15 F 616.180927654 0
15 G 615.39926903 0
15 H 613.679644171 0
15 I 616.446268518 0
15 K 613.395434557 0
15 L 614.584382769 0
15 M 615.25926859 0
15 N 614.216374604 0
15 P 616.686099435 0
15 Q 614.31892819 0
15 R 614.05593033 0
15 S 613.304318775 0
15 T 614.777832901 0
15 V 615.953967148 0
15 W 613.284213625 0
15 Y 616.021266982 0
16 A 606.332108706 0
16 C 609.173140282 0
16 D 603.1228451 0
16 E 600.392748261 1
16 F 604.860012096 0
16 G 608.333270582 0
16 H 603.071511662 0
16 I 621.534285293 0
16 K 607.999339733 0
16 L 602.19086479 0
16 M 605.995779905 0
16 N 606.031006401 0
16 P 626.424976829 0
16 Q 603.644744275 0
16 R 606.634681811 0
16 S 606.81278048 0
16 T 610.29571964 0
16 V 724.610832939 0
16 W 607.39891497 0
16 Y 604.054345429 0
17 A 608.053178252 0
17 C 611.18157512 0
17 D 607.817136423 0
17 E 608.380746561 0
17 F 612.093462753 0
17 G 610.249316673 0
17 H 609.170214943 0
17 I 613.658992343 0
17 K 611.133019555 0
17 L 608.060503096 0
17 M 607.472923519 1
17 N 608.509287432 0
17 P 1006.66420383 0
17 Q 607.896409514 0
17 R 609.592836341 0
17 S 609.908518663 0
17 T 609.740405009 0
17 V 614.751931271 0
17 W 606.275604994 0
17 Y 659.36631738 0
18 A 608.759323894 0
18 C 610.201319813 0
18 D 611.889303225 0
18 E 609.007677079 0
18 F 600.753239571 0
18 G 610.881167987 0
18 H 597.978749866 0
18 I 611.150088143 0
18 K 609.813051101 0
18 L 609.486081613 1
18 M 608.484366125 0
18 N 610.579990775 0
18 P 978.531074196 0
18 Q 609.008651059 0
18 R 597.295308672 0
18 S 609.944922559 0
18 T 611.014386523 0
18 V 610.670163976 0
18 W 596.145085539 0
18 Y 602.297491357 0
19 A 610.789178293 0
19 C 613.18128346 0
19 D 612.814785852 0
19 E 609.956902806 0
19 F 608.241183149 1
19 G 615.352216424 0
19 H 611.798715213 0
19 I 611.247408256 0
19 K 613.511241871 0
19 L 611.902253091 0
19 M 613.207788005 0
19 N 613.479674789 0
19 P 820.643437274 0
19 Q 613.836158456 0
19 R 612.46296667 0
19 S 612.816805227 0
19 T 611.341427106 0
19 V 611.410020567 0
19 W 610.714761896 0
19 Y 610.62596199 0
20 A 612.12428112 0
20 C 612.028679509 0
20 D 614.234125841 0
20 E 612.362508275 0
20 F 691.254393239 0
20 G 616.008893246 0
20 H 639.868862117 0
20 I 610.676280756 1
20 K 627.808347887 0
20 L 615.30577044 0
20 M 637.713543219 0
20 N 611.423470751 0
20 P 762.965162934 0
20 Q 607.742273186 0
20 R 637.034828323 0
20 S 613.389721684 0
20 T 615.13123967 0
20 V 616.600670125 0
20 W 638.650856703 0
20 Y 795.138087413 0
21 A 607.121878458 0
21 C 610.171434209 0
21 D 609.151955726 0
21 E 607.487252778 0
21 F 614.163854363 0
21 G 610.098455177 0
21 H 598.70596294 0
21 I 619.903835763 0
21 K 610.0334173 0
21 L 605.97592841 0
21 M 608.817649675 0
21 N 605.172896725 0
21 P 1085.73909698 0
21 Q 610.384488616 0
21 R 610.818626557 0
21 S 607.654692694 0
21 T 606.563881278 0
21 V 628.633515393 0
21 W 601.810520164 0
21 Y 604.56263339 1
22 A 609.004117224 0
22 C 621.782948355 0
22 D 690.881542911 0
22 E 803.51079119 0
22 F 1450.75103444 0
22 G 610.95240386 0
22 H 1069.71012771 0
22 I 849.831347824 0
22 K 659.550023821 0
22 L 1183.87318963 0
22 M 647.335742025 0
22 N 710.503624561 0
22 P 876.659164577 0
22 Q 919.144800584 0
22 R 633.814789443 0
22 S 612.700116944 1
22 T 655.213288482 0
22 V 646.316314614 0
22 W 1281.26202048 0
22 Y 1616.81678302 0
23 A 610.765762018 0
23 C 616.560909507 0
23 D 616.955873565 0
23 E 617.187340524 0
23 F 613.100845309 0
23 G 620.580628 0
23 H 607.715065011 1
23 I 688.914180468 0
23 K 613.50351007 0
23 L 625.618235129 0
23 M 611.867023705 0
23 N 610.570948673 0
23 P 803.549490984 0
23 Q 612.014780625 0
23 R 612.883305863 0
23 S 613.807974345 0
23 T 614.156303414 0
23 V 634.60702699 0
23 W 618.425292462 0
23 Y 614.478929663 0
24 A 615.743505797 0
24 C 618.147925432 0
24 D 621.723491375 0
24 E 616.230776313 0
24 F 613.188112455 0
24 G 616.537622035 0
24 H 614.876337947 0
24 I 641.86467467 0
24 K 619.991308639 0
24 L 615.872871228 0
24 M 618.371418225 0
24 N 617.329403306 0
24 P 1037.06609698 0
24 Q 620.893770127 0
24 R 620.463837272 0
24 S 617.437472491 0
24 T 622.386429332 0
24 V 645.144719257 0
24 W 619.408272363 0
24 Y 613.161409364 1
25 A 607.082804782 0
25 C 607.825629475 0
25 D 609.67297107 0
25 E 613.943725288 0
25 F 718.428634305 0
25 G 608.462558166 0
25 H 633.288489529 0
25 I 752.434176616 0
25 K 613.369560667 1
25 L 665.642974822 0
25 M 612.535798558 0
25 N 609.510821426 0
25 P 977.236805729 0
25 Q 616.788866569 0
25 R 624.282694161 0
25 S 609.604955729 0
25 T 614.484814775 0
25 V 689.501224332 0
25 W 658.837731279 0
25 Y 713.373544312 0
26 A 591.702312073 0
26 C 594.772394407 0
26 D 589.754599085 0
26 E 593.456486246 0
26 F 1316.73190716 0
26 G 595.226108477 0
26 H 881.217691409 0
26 I 621.623088879 0
26 K 641.10133604 0
26 L 632.732394168 0
26 M 635.754953345 0
26 N 592.591402248 0
26 P 902.340463153 0
26 Q 595.02820929 1
26 R 612.913027969 0
26 S 594.600695907 0
26 T 591.910857388 0
26 V 599.480463387 0
26 W 1083.39467284 0
26 Y 1484.21627975 0
27 A 606.390746912 1
27 C 618.626919949 0
27 D 622.243460567 0
27 E 620.633891016 0
27 F 625.296908545 0
27 G 609.19347933 0
27 H 623.850821081 0
27 I 757.869867873 0
27 K 639.807513293 0
27 L 629.792148863 0
27 M 643.384416819 0
27 N 620.263670136 0
27 P 839.957466063 0
27 Q 621.476186996 0
27 R 623.836226438 0
27 S 611.938791137 0
27 T 616.488763143 0
27 V 650.429868659 0
27 W 625.76617176 0
27 Y 626.035578785 0
28 A 588.35529765 0
28 C 590.772823773 0
28 D 580.34629058 0
28 E 586.335824438 0
28 F 592.418659279 0
28 G 585.313255366 0
28 H 587.45001911 0
28 I 584.646066427 0
28 K 585.44409765 0
28 L 590.21253818 0
28 M 591.962459714 0
28 N 588.416116813 0
28 P 853.001506649 0
28 Q 587.854754516 0
28 R 583.657806383 0
28 S 584.361578589 0
28 T 583.708788352 1
28 V 581.965915031 0
28 W 590.003252463 0
28 Y 590.641715096 0
29 A 605.989863533 0
29 C 601.929081811 0
29 D 594.529894093 0
29 E 599.778482535 0
29 F 585.86582769 0
29 G 597.216508506 0
29 H 583.586166888 0
29 I 589.151708335 0
29 K 599.768173176 0
29 L 611.236779674 0
29 M 603.789486195 0
29 N 596.77537418 0
29 P 674.414535289 0
29 Q 602.467976274 0
29 R 598.990881278 0
29 S 597.36912178 0
29 T 601.660931834 0
29 V 604.028923131 1
29 W 588.228510148 0
29 Y 585.714370676 0
30 A 592.232647841 0
30 C 588.6067884 0
30 D 582.799760519 0
30 E 589.384766431 0
30 F 587.649404332 0
30 G 585.12298526 1
30 H 586.948716373 0
30 I 595.747765324 0
30 K 594.216904392 0
30 L 622.563933116 0
30 M 593.29258525 0
30 N 590.02026197 0
30 P 600.309819944 0
30 Q 599.19415223 0
30 R 596.053199197 0
30 S 589.71866113 0
30 T 556.463236256 0
30 V 596.753967696 0
30 W 591.529782463 0
30 Y 591.594887867 0
31 A 587.044937162 0
31 C 588.245222155 0
31 D 583.572646206 0
31 E 585.154717349 0
31 F 585.6452756 0
31 G 585.238318131 0
31 H 585.366933929 0
31 I 589.655327872 0
31 K 585.496720941 1
31 L 585.22966608 0
31 M 586.370519915 0
31 N 585.269520739 0
31 P 583.885260265 0
31 Q 587.243601686 0
31 R 585.724529316 0
31 S 583.950375186 0
31 T 587.841672102 0
31 V 589.179947457 0
31 W 585.648795895 0
31 Y 585.691442845 0
32 A 584.212075709 1
32 C 567.182718753 0
32 D 562.669794477 0
32 E 557.483188741 0
32 F 557.001702506 0
32 G 551.850521263 0
32 H 553.44475042 0
32 I 566.937439615 0
32 K 550.25565635 0
32 L 561.576650755 0
32 M 564.580725937 0
32 N 562.251676014 0
32 P 652.178146594 0
32 Q 562.933837522 0
32 R 556.434169152 0
32 S 563.214872759 0
32 T 554.44526201 0
32 V 566.683781479 0
32 W 563.88778564 0
32 Y 560.832284295 0
33 A 601.830072189 0
33 C 595.166481596 0
33 D 594.193365502 0
33 E 589.732746393 0
33 F 592.310466496 0
33 G 599.590309103 0
33 H 591.57616011 0
33 I 600.122427981 0
33 K 588.495044503 1
33 L 589.700941014 0
33 M 589.287734748 0
33 N 591.984782477 0
33 P 772.095221713 0
33 Q 593.992762061 0
33 R 587.889293074 0
33 S 594.615090229 0
33 T 595.967046216 0
33 V 592.786977798 0
33 W 586.06150179 0
33 Y 597.85879359 0
34 A 613.391887543 0
34 C 618.104216573 0
34 D 622.209138759 0
34 E 616.375765456 0
34 F 615.472453692 0
34 G 593.48733096 0
34 H 616.858665158 0
34 I 669.051565722 0
34 K 615.335031159 0
34 L 614.653489354 0
34 M 618.588947481 0
34 N 620.667402223 0
34 P 1412.31529966 0
34 Q 619.005759512 0
34 R 614.849920308 0
34 S 619.813830462 0
34 T 651.505647115 0
34 V 671.449226123 0
34 W 598.222726271 1
34 Y 616.686025153 0
35 A 603.680149134 0
35 C 603.563625724 0
35 D 601.398855856 1
35 E 600.404393883 0
35 F 605.53300684 0
35 G 605.265235538 0
35 H 604.388953643 0
35 I 604.22748726 0
35 K 603.563569188 0
35 L 604.053628728 0
35 M 604.178930552 0
35 N 605.84203337 0
35 P 709.093204157 0
35 Q 601.380183506 0
35 R 604.831035163 0
35 S 600.914793768 0
35 T 604.016398081 0
35 V 603.645569472 0
35 W 599.931565852 0
35 Y 602.711026001 0
36 A 610.287156286 1
36 C 614.349716313 0
36 D 616.297191708 0
36 E 614.695190627 0
36 F 654.757062621 0
36 G 610.549266929 0
36 H 645.174513555 0
36 I 636.256680733 0
36 K 614.539410828 0
36 L 612.56030071 0
36 M 613.693524517 0
36 N 615.509715501 0
36 P 809.623565272 0
36 Q 615.20788284 0
36 R 611.616297605 0
36 S 613.593932654 0
36 T 613.761602177 0
36 V 642.636193601 0
36 W 621.183119756 0
36 Y 654.390292644 0
37 A 596.234189484 0
37 C 598.402044355 0
37 D 600.261600841 0
37 E 599.346293066 0
37 F 596.282874301 0
37 G 602.781375717 0
37 H 593.917919267 0
37 I 646.202367009 0
37 K 598.085743379 0
37 L 600.26542245 0
37 M 596.570172507 0
37 N 598.88955267 0
37 P 928.940645331 0
37 Q 598.550348937 0
37 R 598.568082924 0
37 S 597.817557177 0
37 T 593.70233779 0
37 V 617.599514538 0
37 W 595.850379431 1
37 Y 598.97295312 0
38 A 598.846717845 0
38 C 604.350515921 0
38 D 599.30684973 0
38 E 600.6921047 0
38 F 601.394133291 0
38 G 602.461567534 0
38 H 601.339175404 0
38 I 620.807133774 0
38 K 603.063742102 0
38 L 607.344407216 0
38 M 604.163972935 0
38 N 600.909925292 1
38 P 1080.74060908 0
38 Q 603.806615959 0
38 R 590.974521137 0
38 S 604.74950525 0
38 T 603.78791171 0
38 V 618.212572875 0
38 W 601.041388505 0
38 Y 601.646290282 0
39 A 600.704916756 0
39 C 613.456424217 0
39 D 603.337721287 0
39 E 601.983091188 1
39 F 603.840807397 0
39 G 602.521028492 0
39 H 602.068339479 0
39 I 666.661939082 0
39 K 601.556569582 0
39 L 602.493678878 0
39 M 601.905635419 0
39 N 602.983585438 0
39 P 1046.09263209 0
39 Q 603.033777551 0
39 R 599.133384994 0
39 S 602.7233051 0
39 T 603.598888959 0
39 V 663.941150208 0
39 W 604.044643572 0
39 Y 603.899693838 0
40 A 595.939310131 0
40 C 600.533416285 0
40 D 597.051884623 0
40 E 595.572261799 0
40 F 599.881664063 0
40 G 594.965787407 0
40 H 597.954489843 0
40 I 596.865892207 0
40 K 595.589461156 0
40 L 588.926003804 1
40 M 595.589978354 0
40 N 595.809699272 0
40 P 794.118494547 0
40 Q 595.423571748 0
40 R 594.047390887 0
40 S 592.33603441 0
40 T 594.134679837 0
40 V 595.742556971 0
40 W 598.058819946 0
40 Y 597.942047593 0
41 A 594.526014604 0
41 C 594.581710498 0
41 D 592.912054132 0
41 E 594.546873775 0
41 F 598.707924494 0
41 G 593.906375195 0
41 H 593.666465667 0
41 I 629.27869481 0
41 K 591.21123785 1
41 L 592.594544504 0
41 M 591.680514899 0
41 N 590.885944918 0
41 P 643.631214343 0
41 Q 591.004060278 0
41 R 591.15681673 0
41 S 593.62646391 0
41 T 599.395555932 0
41 V 606.494745228 0
41 W 598.572100784 0
41 Y 600.118977832 0
42 A 596.237821751 0
42 C 595.868514599 0
42 D 592.426237744 0
42 E 595.447461754 0
42 F 597.672642063 0
42 G 600.95164669 0
42 H 595.3000792 0
42 I 597.638043678 0
42 K 593.697171237 0
42 L 594.567008825 0
42 M 597.229998918 0
42 N 592.419218925 0
42 P 623.414519851 0
42 Q 595.828547773 0
42 R 593.801371771 0
42 S 593.114944802 1
42 T 598.020564407 0
42 V 598.337001017 0
42 W 599.984813678 0
42 Y 599.580186242 0
43 A 608.691462203 0
43 C 608.816917475 0
43 D 608.505047619 0
43 E 605.488483148 0
43 F 597.726894292 0
43 G 609.602257885 0
43 H 615.109486473 0
43 I 604.976539946 0
43 K 604.719269472 1
43 L 620.721299836 0
43 M 606.527445806 0
43 N 607.681371913 0
43 P 599.313775987 0
43 Q 607.167252548 0
43 R 605.281708087 0
43 S 607.42231882 0
43 T 608.505640566 0
43 V 604.459308489 0
43 W 655.853296874 0
43 Y 638.072505448 0
44 A 623.366162098 0
44 C 626.262658835 0
44 D 621.753096879 0
44 E 620.285906386 1
44 F 624.181042258 0
44 G 624.190111271 0
44 H 623.024745991 0
44 I 625.345162411 0
44 K 622.302834705 0
44 L 623.86235225 0
44 M 624.273296958 0
44 N 622.888098622 0
44 P 633.568085162 0
44 Q 623.428040751 0
44 R 622.781707226 0
44 S 622.877465651 0
44 T 624.035492243 0
44 V 623.912305217 0
44 W 625.330985227 0
44 Y 624.33843144 0
45 A 621.289495405 0
45 C 624.333073038 0
45 D 619.477182655 1
45 E 619.124176877 0
45 F 621.667106856 0
45 G 622.52235706 0
45 H 621.032110712 0
45 I 621.374882323 0
45 K 620.641659985 0
45 L 620.542032096 0
45 M 622.141148581 0
45 N 620.978935325 0
45 P 637.666527668 0
45 Q 619.660404051 0
45 R 621.268428429 0
45 S 620.75793094 0
45 T 621.459206539 0
45 V 621.294383892 0
45 W 618.844961013 0
45 Y 621.826812419 0
46 A 616.078232652 1
46 C 622.987538214 0
46 D 616.919728474 0
46 E 626.483788765 0
46 F 782.037992544 0
46 G 620.639460866 0
46 H 682.915474929 0
46 I 811.893268576 0
46 K 658.390174415 0
46 L 688.482324794 0
46 M 634.898492919 0
46 N 619.396176343 0
46 P 773.790807408 0
46 Q 630.553586473 0
46 R 629.847579156 0
46 S 620.986763792 0
46 T 632.21430803 0
46 V 794.342865164 0
46 W 655.594116062 0
46 Y 745.577071038 0
47 A 615.965920867 0
47 C 620.195715391 0
47 D 621.789338896 0
47 E 615.610376913 0
47 F 645.166048678 0
47 G 619.141342556 0
47 H 635.928750617 0
47 I 637.421145437 0
47 K 614.389870684 0
47 L 627.373108507 0
47 M 615.500455083 1
47 N 620.703257057 0
47 P 769.417640202 0
47 Q 617.160716142 0
47 R 614.319360473 0
47 S 617.588211304 0
47 T 618.968534546 0
47 V 641.517338855 0
47 W 639.355004327 0
47 Y 665.073781873 0
48 A 621.049835659 0
48 C 624.002740378 0
48 D 621.595676789 0
48 E 621.469410671 0
48 F 622.791887691 0
48 G 622.424822016 0
48 H 621.596468539 0
48 I 620.534870293 0
48 K 619.603155376 1
48 L 620.391522953 0
48 M 621.235328759 0
48 N 621.395940199 0
48 P 864.523072649 0
48 Q 622.589893995 0
48 R 620.604757388 0
48 S 621.749743894 0
48 T 624.44258488 0
48 V 621.294729201 0
48 W 622.520775499 0
48 Y 622.753655134 0
49 A 619.153696817 1
49 C 622.704802955 0
49 D 621.261392681 0
49 E 620.532462087 0
49 F 621.595501302 0
49 G 622.099269006 0
49 H 620.42751822 0
49 I 628.939084558 0
49 K 619.129506644 0
49 L 618.348478685 0
49 M 620.672959699 0
49 N 620.621867363 0
49 P 888.127990614 0
49 Q 621.496093795 0
49 R 618.527499025 0
49 S 621.143979369 0
49 T 625.5761641 0
49 V 625.201347839 0
49 W 621.305226708 0
49 Y 622.366293818 0
50 A 617.3517717 0
50 C 618.363610267 0
50 D 615.883975161 0
50 E 618.440559102 0
50 F 617.192713448 0
50 G 622.925824285 0
50 H 614.14136619 0
50 I 685.033586703 0
50 K 627.173869822 0
50 L 617.391021777 0
50 M 620.701907796 0
50 N 613.471864239 0
50 P 1007.19795708 0
50 Q 615.973973975 0
50 R 637.607252021 0
50 S 619.601266597 0
50 T 615.535028604 0
50 V 651.580773415 0
50 W 774.839802544 0
50 Y 614.502268701 1
51 A 616.44061347 0
51 C 618.634967964 0
51 D 618.651153671 0
51 E 619.161827556 0
51 F 611.802725383 0
51 G 619.784647746 0
51 H 612.17178846 0
51 I 613.477187251 1
51 K 610.026499726 0
51 L 616.271215929 0
51 M 610.892804533 0
51 N 618.130394298 0
51 P 736.455012906 0
51 Q 611.145252807 0
51 R 619.774623642 0
51 S 617.698283121 0
51 T 617.409583467 0
51 V 613.606758974 0
51 W 611.950315066 0
51 Y 612.815590798 0
52 A 619.026047959 0
52 C 621.277780078 0
52 D 616.303594962 1
52 E 618.833577234 0
52 F 621.39571839 0
52 G 620.62671716 0
52 H 619.302300843 0
52 I 620.057615082 0
52 K 619.304532027 0
52 L 618.621535878 0
52 M 620.503076708 0
52 N 618.817384128 0
52 P 998.268898346 0
52 Q 620.135163607 0
52 R 619.039403961 0
52 S 620.272252089 0
52 T 620.08084534 0
52 V 622.842160524 0
52 W 621.34815713 0
52 Y 621.609656391 0
53 A 620.315626927 0
53 C 622.631970442 0
53 D 623.805395878 0
53 E 620.934749565 0
53 F 614.90854029 0
53 G 621.111448887 0
53 H 617.594141656 0
53 I 621.217893323 0
53 K 617.768404422 1
53 L 621.646220406 0
53 M 616.660867225 0
53 N 621.186200336 0
53 P 864.545249429 0
53 Q 618.542366109 0
53 R 619.80957913 0
53 S 621.336645136 0
53 T 620.007826676 0
53 V 620.401822867 0
53 W 617.521731349 0
53 Y 614.776667212 0
54 A 610.49566226 0
54 C 615.988937124 0
54 D 617.030758142 0
54 E 611.42488505 0
54 F 688.303852225 0
54 G 619.174346513 0
54 H 640.480874314 0
54 I 629.774263291 0
54 K 617.875062762 0
54 L 646.668594481 0
54 M 613.656595184 0
54 N 616.069429752 0
54 P 982.72006517 0
54 Q 614.928461594 0
54 R 649.881384747 0
54 S 614.70210847 0
54 T 615.182823754 0
54 V 616.267751704 1
54 W 802.976570828 0
54 Y 727.50896572 0
55 A 618.361945167 0
55 C 621.024494527 0
55 D 620.080857232 0
55 E 618.902660934 1
55 F 621.351869989 0
55 G 621.262680227 0
55 H 620.743481128 0
55 I 624.548668821 0
55 K 617.521977917 0
55 L 620.343949219 0
55 M 621.996895665 0
55 N 620.003205902 0
55 P 735.093259183 0
55 Q 620.290198442 0
55 R 617.84953765 0
55 S 620.701482289 0
55 T 622.512169074 0
55 V 622.596801288 0
55 W 621.624317293 0
55 Y 622.709020911 0
56 A 617.555901869 0
56 C 620.662172948 0
56 D 614.912230008 0
56 E 614.623326413 1
56 F 620.491199734 0
56 G 620.728743674 0
56 H 617.655708803 0
56 I 619.825867542 0
56 K 618.425160144 0
56 L 618.997295702 0
56 M 618.814910539 0
56 N 619.794264395 0
56 P 864.533411585 0
56 Q 618.59943712 0
56 R 618.877303555 0
56 S 618.575102803 0
56 T 619.468250484 0
56 V 617.755352341 0
56 W 621.814936659 0
56 Y 621.041589643 0
57 A 615.040889518 0
57 C 619.482913391 0
57 D 619.012225598 0
57 E 623.990167193 0
57 F 691.814797514 0
57 G 624.109870946 0
57 H 627.141843266 0
57 I 631.836376699 0
57 K 622.099219907 0
57 L 611.377322705 1
57 M 615.869461871 0
57 N 617.460607527 0
57 P 690.36734313 0
57 Q 616.241048922 0
57 R 653.379415557 0
57 S 619.21908386 0
57 T 618.107710311 0
57 V 645.987590225 0
57 W 699.884914776 0
57 Y 833.616489618 0
58 A 610.817047083 0
58 C 612.526987513 0
58 D 610.713178467 0
58 E 605.593245385 0
58 F 612.533411875 0
58 G 613.295002274 0
58 H 611.383922243 0
58 I 611.329463568 0
58 K 612.065232776 1
58 L 610.752489503 0
58 M 611.069462641 0
58 N 610.369727582 0
58 P 919.693106176 0
58 Q 609.503966822 0
58 R 610.509519357 0
58 S 611.719701431 0
58 T 612.643432403 0
58 V 609.76628948 0
58 W 613.460671079 0
58 Y 612.584175795 0
59 A 619.116928478 0
59 C 620.501094351 0
59 D 618.105393412 0
59 E 618.987876807 0
59 F 622.737967369 0
59 G 619.808242174 0
59 H 619.876271892 0
59 I 624.121042485 0
59 K 617.456957634 1
59 L 617.859344547 0
59 M 617.812643464 0
59 N 617.771487299 0
59 P 891.257284938 0
59 Q 619.820220571 0
59 R 618.553087394 0
59 S 618.73893154 0
59 T 620.355449342 0
59 V 623.639111371 0
59 W 619.712251217 0
59 Y 623.235640405 0
60 A 619.032541029 0
60 C 620.036847192 0
60 D 623.506452231 0
60 E 619.091628498 0
60 F 621.22658532 0
60 G 622.399087302 0
60 H 619.096287696 0
60 I 617.304464167 0
60 K 615.653927723 1
60 L 620.205037884 0
60 M 620.444842874 0
60 N 619.12958389 0
60 P 914.698773512 0
60 Q 619.547347823 0
60 R 618.034925729 0
60 S 618.807899839 0
60 T 615.627155334 0
60 V 619.976634563 0
60 W 622.933509875 0
60 Y 620.935824137 0
61 A 617.531290517 0
61 C 617.65863953 0
61 D 618.109634057 0
61 E 617.473001848 0
61 F 616.992878162 0
61 G 619.71500993 0
61 H 616.016961997 0
61 I 627.643184884 0
61 K 615.667454326 0
61 L 620.425141411 0
61 M 617.561799745 0
61 N 615.680164832 0
61 P 730.576922597 0
61 Q 616.99601542 0
61 R 610.060177077 0
61 S 619.723171459 0
61 T 623.35860159 0
61 V 630.130095392 0
61 W 614.469250046 0
61 Y 614.705968074 1
