1 A -354.641411235 1
1 C -351.819186395 0
1 D -357.889187041 0
1 E -357.256600911 0
1 F -352.829027611 0
1 G -355.577414983 0
1 H -354.790619796 0
1 I -340.011484895 0
1 K -356.022523192 0
1 L -355.179904158 0
1 M -356.203707024 0
1 N -354.817002902 0
1 P -355.867864872 0
1 Q -354.789791218 0
1 R -355.080477566 0
1 S -357.489600063 0
1 T -354.71930558 0
1 V -347.218851808 0
1 W -354.607507253 0
1 Y -353.043502154 0
2 A -347.525075659 0
2 C -346.773876974 0
2 D -351.965807809 0
2 E -352.404704571 0
2 F -359.414579307 1
2 G -345.795857312 0
2 H -356.388591976 0
2 I -350.842463293 0
2 K -351.509383788 0
2 L -353.003992037 0
2 M -353.918858089 0
2 N -351.648168905 0
2 P -344.179318999 0
2 Q -353.058522417 0
2 R -351.05971839 0
2 S -349.670002275 0
2 T -350.83256503 0
2 V -349.429925893 0
2 W -347.085723279 0
2 Y -357.852522792 0
3 A -352.662042323 0
3 C -351.121105236 0
3 D -355.200640353 1
3 E -354.384785999 0
3 F -353.168407816 0
3 G -351.277065542 0
3 H -353.827370059 0
3 I -352.525258412 0
3 K -354.097542589 0
3 L -354.267952291 0
3 M -353.419153855 0
3 N -353.967364602 0
3 P -329.917533972 0
3 Q -351.653407058 0
3 R -353.324933535 0
3 S -354.252823064 0
3 T -353.322457256 0
3 V -352.382125794 0
3 W -353.956820821 0
3 Y -353.486871669 0
4 A -337.725884014 0
4 C -334.962570744 0
4 D -337.367879769 0
4 E -333.655567928 0
4 F -331.405494603 0
4 G -355.254343162 1
4 H -334.172720519 0
4 I -322.274695995 0
4 K -333.246828205 0
4 L -334.970791765 0
4 M -335.811574516 0
4 N -335.438980534 0
4 P -231.906923689 0
4 Q -334.899641744 0
4 R -334.495540325 0
4 S -346.193241373 0
4 T -325.273863183 0
4 V -322.511506957 0
4 W -331.772539802 0
4 Y -331.320602731 0
5 A -359.492973916 0
5 C -359.230711275 0
5 D -353.697795634 0
5 E -358.835016601 0
5 F -356.083424266 0
5 G -357.165661047 0
5 H -356.182323254 0
5 I -363.214171638 0
5 K -359.792005511 0
5 L -357.780164545 0
5 M -358.848412752 0
5 N -357.823085803 0
5 P -356.620463611 0
5 Q -357.918628358 0
5 R -360.224623204 0
5 S -359.276597018 0
5 T -359.883898377 1
5 V -361.804773188 0
5 W -355.584654013 0
5 Y -354.299095276 0
6 A -345.752979157 0
6 C -345.167830492 0
6 D -340.665368985 0
6 E -351.889047993 0
6 F -362.124249936 0
6 G -341.856436187 0
6 H -352.683571436 0
6 I -324.320444285 0
6 K -341.658919316 0
6 L -344.601363815 0
6 M -354.688052496 0
6 N -346.019956622 0
6 P -273.893561446 0
6 Q -353.94783823 0
6 R -352.702764595 0
6 S -344.0789768 0
6 T -345.111272734 0
6 V -346.483652797 0
6 W -368.880656696 1
6 Y -361.165513986 0
7 A -357.773110437 0
7 C -357.776507955 0
7 D -355.725944575 0
7 E -359.386038749 0
7 F -361.926955625 0
7 G -354.220753197 0
7 H -359.18368016 0
7 I -361.64382549 0
7 K -359.556553818 1
7 L -361.832551514 0
7 M -358.085260713 0
7 N -358.362748455 0
7 P -309.968818701 0
7 Q -357.837672678 0
7 R -359.725353594 0
7 S -358.038652151 0
7 T -359.820950651 0
7 V -362.45123988 0
7 W -356.643929979 0
7 Y -361.226061616 0
8 A -351.763507957 0
8 C -352.094984207 0
8 D -347.564519256 0
8 E -346.374479491 0
8 F -304.500780975 0
8 G -347.640650932 0
8 H -349.202975361 0
8 I -351.549092447 0
8 K -347.582106781 0
8 L -344.091126965 0
8 M -349.569754556 0
8 N -351.839838284 0
8 P -233.617429034 0
8 Q -346.289761082 0
8 R -346.879449264 0
8 S -350.11760644 0
8 T -351.636353994 0
8 V -354.860838301 1
8 W -337.032478384 0
8 Y -264.399400415 0
9 A -353.830370679 0
9 C -351.117340511 0
9 D -355.336945803 1
9 E -353.702068423 0
9 F -354.552568638 0
9 G -351.232216118 0
9 H -355.424795075 0
9 I -321.892427686 0
9 K -354.09457974 0
9 L -347.099474052 0
9 M -350.810358562 0
9 N -354.59758673 0
9 P -118.235060597 0
9 Q -349.871289078 0
9 R -353.590613753 0
9 S -352.690040334 0
9 T -353.460524559 0
9 V -318.092422293 0
9 W -353.081956834 0
9 Y -354.791607431 0
10 A -346.320089944 0
10 C -344.846870626 0
10 D -346.262284493 0
10 E -346.33380663 0
10 F -342.175662459 0
10 G -343.804041585 0
10 H -344.676895684 0
10 I -344.939245072 0
10 K -347.582979231 0
10 L -343.521586864 0
10 M -345.405737611 0
10 N -346.974744105 0
10 P -302.937726007 0
10 Q -344.168002473 0
10 R -352.496968788 1
10 S -346.820786293 0
10 T -347.352969121 0
10 V -346.107079567 0
10 W -342.417591496 0
10 Y -341.410990802 0
11 A -348.060835495 0
11 C -348.738908993 0
11 D -348.535670422 0
11 E -348.962060892 0
11 F -350.405613908 0
11 G -345.978587817 0
11 H -349.648180719 0
11 I -352.183494543 0
11 K -347.541215146 0
11 L -351.050231857 0
11 M -347.652386067 0
11 N -352.531597759 1
11 P -337.871078682 0
11 Q -348.977755217 0
11 R -348.660745099 0
11 S -349.682988133 0
11 T -351.446297678 0
11 V -351.436508014 0
11 W -350.612751747 0
11 Y -350.623519752 0
12 A -348.668121758 0
12 C -347.572933432 0
12 D -351.484910229 0
12 E -352.217655129 1
12 F -350.164623496 0
12 G -345.298032176 0
12 H -352.222325743 0
12 I -353.125617728 0
12 K -350.749124296 0
12 L -351.569040018 0
12 M -349.652436937 0
12 N -350.355810592 0
12 P -235.173977052 0
12 Q -350.048391705 0
12 R -349.775157317 0
12 S -350.953995543 0
12 T -349.800879438 0
12 V -352.472974679 0
12 W -351.778727634 0
12 Y -350.189952411 0
13 A -351.987304756 0
13 C -349.72646743 0
13 D -354.416551612 0
13 E -352.097020228 0
13 F -352.36564098 0
13 G -352.242039422 0
13 H -354.319652943 0
13 I -321.424728197 0
13 K -353.587915777 0
13 L -352.157116187 0
13 M -351.872676025 0
13 N -355.837843188 1
13 P -296.116549811 0
13 Q -351.356296575 0
13 R -353.180100579 0
13 S -352.138266939 0
13 T -345.491372336 0
13 V -338.297470005 0
13 W -351.268373634 0
13 Y -351.445850397 0
14 A -351.505385618 0
14 C -348.443740184 0
14 D -352.860717885 0
14 E -352.236825199 0
14 F -357.159269016 0
14 G -348.87999877 0
14 H -353.537171801 0
14 I -355.895902772 0
14 K -344.780670647 0
14 L -357.600651046 0
14 M -352.551727902 0
14 N -351.386170082 0
14 P -327.837855055 0
14 Q -352.733858498 0
14 R -352.338318637 0
14 S -350.49176129 0
14 T -349.978156092 0
14 V -350.6336589 0
14 W -358.870867931 0
14 Y -358.609972789 1
15 A -348.716036543 0
15 C -349.49491664 0
15 D -351.499522022 0
15 E -354.855972272 1
15 F -306.607982589 0
15 G -346.896767325 0
15 H -349.247477297 0
15 I -351.476854887 0
15 K -349.611435337 0
15 L -346.653599357 0
15 M -350.92628733 0
15 N -352.019579964 0
15 P -339.285623705 0
15 Q -352.410426502 0
15 R -348.543678116 0
15 S -351.983842704 0
15 T -352.333085354 0
15 V -350.602962074 0
15 W -341.951188479 0
15 Y -347.716190485 0
16 A -354.086144164 0
16 C -350.444867815 0
16 D -352.102216722 0
16 E -353.944833218 0
16 F -350.302888811 0
16 G -351.905658195 0
16 H -352.810026557 0
16 I -353.308206629 0
16 K -354.057859477 1
16 L -354.570398434 0
16 M -352.534553017 0
16 N -354.157568991 0
16 P -314.165430297 0
16 Q -353.849993598 0
16 R -354.726969267 0
16 S -353.313491248 0
16 T -353.569392804 0
16 V -353.819841485 0
16 W -349.840645649 0
16 Y -350.40562229 0
17 A -347.946148561 0
17 C -345.124432733 0
17 D -343.845842878 0
17 E -346.117404614 0
17 F -356.350960477 1
17 G -344.977916273 0
17 H -352.686216296 0
17 I -299.455758662 0
17 K -347.069345107 0
17 L -353.309846927 0
17 M -349.993479872 0
17 N -346.409159502 0
17 P -145.594442486 0
17 Q -346.28819468 0
17 R -348.351826826 0
17 S -346.758296685 0
17 T -342.498497288 0
17 V -292.588018826 0
17 W -357.041886725 0
17 Y -353.41097649 0
18 A -350.483281412 0
18 C -348.496056891 0
18 D -346.283043208 0
18 E -350.250436716 0
18 F -344.378064597 0
18 G -346.54426255 0
18 H -345.807389042 0
18 I -338.399200362 0
18 K -346.957549917 0
18 L -355.076756537 0
18 M -358.634348385 1
18 N -349.260279606 0
18 P -173.187290041 0
18 Q -352.768526907 0
18 R -347.766395343 0
18 S -347.797427675 0
18 T -345.979733004 0
18 V -326.245446061 0
18 W -337.690279904 0
18 Y -347.329459434 0
19 A -354.491180571 0
19 C -350.209529376 0
19 D -351.340926107 0
19 E -353.751672514 1
19 F -349.702198281 0
19 G -352.329410078 0
19 H -353.370690827 0
19 I -342.705064355 0
19 K -354.028547406 0
19 L -351.868124797 0
19 M -351.716126421 0
19 N -352.093434728 0
19 P -10.4685701507 0
19 Q -351.892211254 0
19 R -352.848215074 0
19 S -353.00053957 0
19 T -352.265753685 0
19 V -298.677348559 0
19 W -351.292980835 0
19 Y -349.204941624 0
20 A -355.491931102 0
20 C -351.56261275 0
20 D -348.916021306 0
20 E -354.093067592 0
20 F -302.510552265 0
20 G -352.144070295 0
20 H -347.266846826 0
20 I -348.647355967 0
20 K -355.239723608 1
20 L -351.394063983 0
20 M -352.691556187 0
20 N -348.475585858 0
20 P -44.5535567474 0
20 Q -354.539190892 0
20 R -354.095921756 0
20 S -352.800088549 0
20 T -354.443214081 0
20 V -350.037487329 0
20 W -325.448443466 0
20 Y -294.086627692 0
21 A -349.43093167 0
21 C -349.865255238 0
21 D -346.949156045 0
21 E -348.770410287 0
21 F -339.157934245 0
21 G -347.543083908 0
21 H -344.374160455 0
21 I -347.171953994 0
21 K -345.605766974 0
21 L -354.107614964 0
21 M -355.284100542 1
21 N -350.888213072 0
21 P -149.396543232 0
21 Q -349.58777906 0
21 R -344.901852013 0
21 S -347.666616954 0
21 T -348.603702391 0
21 V -349.593013837 0
21 W -334.990235168 0
21 Y -333.587386866 0
22 A -339.867119508 0
22 C -336.05905827 0
22 D -340.60815508 0
22 E -338.82317826 0
22 F -347.794708046 0
22 G -350.554416985 1
22 H -350.575401079 0
22 I -306.10992727 0
22 K -351.369762566 0
22 L -340.279951977 0
22 M -330.977131716 0
22 N -343.40759337 0
22 P -253.463931914 0
22 Q -340.177885325 0
22 R -332.573294477 0
22 S -338.283079944 0
22 T -334.256809588 0
22 V -305.461789557 0
22 W -347.683031021 0
22 Y -349.372176491 0
23 A -347.902136873 0
23 C -347.437665665 0
23 D -344.638055276 0
23 E -347.290580621 0
23 F -331.168724811 0
23 G -344.609721607 0
23 H -345.084816545 0
23 I -353.712240045 1
23 K -344.227636995 0
23 L -351.605402996 0
23 M -350.456027179 0
23 N -347.687124698 0
23 P -243.129618286 0
23 Q -347.880865763 0
23 R -346.019734551 0
23 S -347.32574017 0
23 T -349.775193799 0
23 V -352.503601133 0
23 W -341.529439698 0
23 Y -325.962849419 0
24 A -348.858536368 0
24 C -348.710317153 0
24 D -353.922168548 0
24 E -350.332855331 0
24 F -346.605158883 0
24 G -350.287977818 0
24 H -349.007401253 0
24 I -348.035091551 0
24 K -349.843607537 0
24 L -349.39855725 0
24 M -348.38785964 0
24 N -352.496655982 1
24 P -352.387828653 0
24 Q -348.915438175 0
24 R -349.051528411 0
24 S -352.055180923 0
24 T -351.445224731 0
24 V -348.730861834 0
24 W -346.651996336 0
24 Y -346.841472168 0
25 A -353.702378886 0
25 C -349.751622403 0
25 D -355.595867764 0
25 E -354.865315017 0
25 F -353.19139613 0
25 G -352.163874804 0
25 H -353.705491567 0
25 I -351.241534879 0
25 K -354.041276674 0
25 L -355.132831155 0
25 M -351.816252264 0
25 N -352.26792902 0
25 P -351.437857001 0
25 Q -353.704280893 0
25 R -353.197570569 0
25 S -354.119116632 0
25 T -353.374959955 0
25 V -352.805701302 1
25 W -354.915587012 0
25 Y -353.272274034 0
26 A -352.213728228 0
26 C -348.708565315 0
26 D -353.206311105 0
26 E -354.0572222 0
26 F -352.79482416 0
26 G -351.178489013 0
26 H -354.050635518 0
26 I -352.901963252 0
26 K -352.822493789 0
26 L -352.362622719 0
26 M -351.019677946 0
26 N -351.985477613 0
26 P -333.262197193 0
26 Q -351.529766083 0
26 R -352.115190011 0
26 S -352.779245042 0
26 T -353.054181802 0
26 V -353.000333747 1
26 W -352.901770812 0
26 Y -352.716286003 0
27 A -352.547653192 0
27 C -349.394100315 0
27 D -353.042487347 0
27 E -353.875565138 0
27 F -349.532725049 0
27 G -350.180988617 0
27 H -352.025005379 0
27 I -351.379473299 0
27 K -352.616803541 1
27 L -353.780526351 0
27 M -353.001059184 0
27 N -352.675186157 0
27 P -330.348412659 0
27 Q -352.078182989 0
27 R -352.325825352 0
27 S -351.11301367 0
27 T -352.071167621 0
27 V -351.779812787 0
27 W -350.98375065 0
27 Y -349.491569996 0
28 A -351.963014391 0
28 C -352.78687838 0
28 D -344.905023055 0
28 E -345.908861129 0
28 F -181.87083472 0
28 G -348.426671761 0
28 H -282.538413611 0
28 I -355.465788464 0
28 K -352.010750634 0
28 L -345.819563101 0
28 M -356.593268216 0
28 N -351.314886536 0
28 P -81.13948931 0
28 Q -355.172155595 0
28 R -359.472657985 1
28 S -350.709088313 0
28 T -348.963658128 0
28 V -350.79006972 0
28 W -108.550009943 0
28 Y -141.916858948 0
29 A -353.429688638 0
29 C -350.840485244 0
29 D -352.224309932 0
29 E -354.886925452 0
29 F -352.240685399 0
29 G -352.261798654 0
29 H -353.276565334 0
29 I -353.027824841 0
29 K -354.052413744 1
29 L -354.711504633 0
29 M -354.372172159 0
29 N -353.679277525 0
29 P -153.396415715 0
29 Q -353.280083865 0
29 R -352.919035473 0
29 S -352.866713904 0
29 T -352.597525737 0
29 V -352.961781694 0
29 W -353.080787469 0
29 Y -352.083732736 0
30 A -350.618566203 0
30 C -348.455414893 0
30 D -351.184469574 0
30 E -352.708945061 0
30 F -348.517686668 0
30 G -348.798962975 0
30 H -351.21395955 0
30 I -350.732600111 0
30 K -351.473573262 0
30 L -352.68093918 1
30 M -351.121737448 0
30 N -351.028913261 0
30 P -135.913967967 0
30 Q -350.974478146 0
30 R -351.189131053 0
30 S -350.088016678 0
30 T -350.921397782 0
30 V -351.547914729 0
30 W -349.398044621 0
30 Y -348.683175399 0
31 A -353.949565722 0
31 C -352.034237982 0
31 D -350.245819643 0
31 E -352.256378991 0
31 F -354.282212382 0
31 G -353.341389846 1
31 H -354.71394054 0
31 I -317.397495519 0
31 K -349.124198474 0
31 L -347.551575216 0
31 M -355.621482165 0
31 N -351.925481799 0
31 P -25.4758179617 0
31 Q -352.990907125 0
31 R -353.182818429 0
31 S -350.257291625 0
31 T -338.922034734 0
31 V -313.852164043 0
31 W -296.262358348 0
31 Y -344.854854898 0
32 A -354.444026573 1
32 C -347.111928087 0
32 D -349.501913568 0
32 E -348.426598546 0
32 F -339.03169891 0
32 G -349.845389248 0
32 H -342.146569248 0
32 I -344.015610727 0
32 K -349.558808648 0
32 L -350.306877782 0
32 M -349.296086488 0
32 N -351.198950466 0
32 P -104.4010211 0
32 Q -346.676670794 0
32 R -351.390162875 0
32 S -352.775340343 0
32 T -349.279172734 0
32 V -343.470378734 0
32 W -343.192303253 0
32 Y -337.218069302 0
33 A -346.528281226 0
33 C -344.722913451 0
33 D -347.257701188 0
33 E -345.842079082 0
33 F -346.947166651 0
33 G -344.931862887 0
33 H -350.141355373 1
33 I -341.712164011 0
33 K -346.91575473 0
33 L -346.845540658 0
33 M -345.204142915 0
33 N -350.471112543 0
33 P -291.785429213 0
33 Q -346.093818763 0
33 R -347.784793396 0
33 S -345.935312612 0
33 T -345.813287455 0
33 V -339.912747876 0
33 W -343.801078128 0
33 Y -346.068604746 0
34 A -344.042952167 0
34 C -341.346135174 0
34 D -350.992569184 1
34 E -338.087742713 0
34 F 167.662989437 0
34 G -342.054918722 0
34 H -251.9703425 0
34 I -323.325107394 0
34 K -333.060782465 0
34 L -263.940400739 0
34 M -337.893781271 0
34 N -344.034506978 0
34 P -292.768933475 0
34 Q -337.86229163 0
34 R -338.33070995 0
34 S -342.59390907 0
34 T -330.427217865 0
34 V -332.320310895 0
34 W 190.70436651 0
34 Y 188.893578147 0
35 A -350.321721988 0
35 C -348.576364407 0
35 D -351.606146303 0
35 E -349.469646842 0
35 F -345.146564802 0
35 G -348.633088383 0
35 H -350.38275829 0
35 I -316.824449952 0
35 K -351.743022112 0
35 L -350.121692955 0
35 M -347.633128412 0
35 N -354.734326739 1
35 P -237.90727904 0
35 Q -349.703992842 0
35 R -351.496895767 0
35 S -349.851211462 0
35 T -344.2092364 0
35 V -335.508697528 0
35 W -346.587839249 0
35 Y -346.953608216 0
36 A -347.690351432 0
36 C -347.605827305 0
36 D -345.345294271 0
36 E -348.351889986 0
36 F -324.933029437 0
36 G -344.029581047 0
36 H -348.532415638 0
36 I -345.02886999 0
36 K -346.147412469 0
36 L -354.131380895 1
36 M -350.498659129 0
36 N -347.314273383 0
36 P -328.185866244 0
36 Q -348.576960868 0
36 R -348.751143716 0
36 S -347.212397187 0
36 T -347.131895595 0
36 V -344.10773995 0
36 W -340.94233893 0
36 Y -321.193583021 0
37 A -355.155936278 0
37 C -354.213070954 0
37 D -351.271625577 0
37 E -354.565536685 0
37 F -327.515174998 0
37 G -351.497234115 0
37 H -352.453650107 0
37 I -342.346548668 0
37 K -355.294174029 1
37 L -356.757613329 0
37 M -354.718649689 0
37 N -353.618267977 0
37 P -95.5322929375 0
37 Q -353.705920492 0
37 R -354.614565931 0
37 S -355.403424171 0
37 T -357.40933576 0
37 V -339.432291449 0
37 W -343.60293915 0
37 Y -325.258048798 0
38 A -344.52345903 0
38 C -346.664052491 0
38 D -342.763549885 0
38 E -347.913931464 0
38 F -343.384588656 0
38 G -340.964154 0
38 H -345.377874803 0
38 I -349.425020848 0
38 K -346.219580231 0
38 L -353.991087765 1
38 M -348.360388916 0
38 N -346.557128964 0
38 P -321.615176863 0
38 Q -345.887532874 0
38 R -349.426800831 0
38 S -345.997474141 0
38 T -345.324973382 0
38 V -348.789748785 0
38 W -335.477689747 0
38 Y -340.078095734 0
39 A -349.758398014 0
39 C -349.659572073 0
39 D -349.796189024 0
39 E -351.718121025 0
39 F -352.362364782 0
39 G -344.905292902 0
39 H -353.706808811 0
39 I -354.74327876 0
39 K -350.461785811 0
39 L -351.571841172 0
39 M -350.320172733 0
39 N -351.083456882 0
39 P -249.709372886 0
39 Q -350.060587676 0
39 R -350.962361256 0
39 S -349.476326933 0
39 T -351.263155291 1
39 V -354.638206284 0
39 W -349.096117803 0
39 Y -352.39603797 0
40 A -343.446517168 0
40 C -344.056510072 0
40 D -341.583914294 0
40 E -343.67527342 0
40 F -331.369770245 0
40 G -338.119094597 0
40 H -342.246775499 0
40 I -352.287525985 1
40 K -339.192202684 0
40 L -348.491691292 0
40 M -348.53786164 0
40 N -343.842370941 0
40 P -258.14074285 0
40 Q -344.346905853 0
40 R -342.676864395 0
40 S -343.767622917 0
40 T -346.332279529 0
40 V -349.840669714 0
40 W -332.459640133 0
40 Y -323.69801701 0
41 A -353.216786313 0
41 C -352.082483214 0
41 D -353.127648452 0
41 E -355.420023282 0
41 F -354.344764843 0
41 G -352.018365717 0
41 H -355.319357771 0
41 I -355.026009615 0
41 K -355.118274752 0
41 L -354.871461802 0
41 M -354.927243341 0
41 N -353.281616685 0
41 P -272.80303465 0
41 Q -353.80365558 0
41 R -354.951525172 0
41 S -354.357560879 0
41 T -355.117966712 1
41 V -355.473413518 0
41 W -353.460440961 0
41 Y -354.764079347 0
42 A -351.980084009 0
42 C -355.426527079 0
42 D -345.922647778 0
42 E -355.06496488 0
42 F -347.125036472 0
42 G -348.721353116 0
42 H -349.043380717 0
42 I -358.230753536 0
42 K -351.872314907 0
42 L -343.326746848 0
42 M -356.625988706 0
42 N -354.994888844 0
42 P -336.869166386 0
42 Q -359.152905286 1
42 R -361.835409933 0
42 S -351.648171803 0
42 T -355.474816242 0
42 V -359.107526748 0
42 W -346.864207672 0
42 Y -348.153397867 0
43 A -356.420872581 0
43 C -355.542923848 0
43 D -360.846549261 0
43 E -358.778899193 1
43 F -358.142408408 0
43 G -350.646720826 0
43 H -359.567262456 0
43 I -358.479455709 0
43 K -358.76256571 0
43 L -357.875906805 0
43 M -355.667082928 0
43 N -359.960109242 0
43 P -302.497987774 0
43 Q -357.021135181 0
43 R -359.191922212 0
43 S -359.33755776 0
43 T -357.183421622 0
43 V -358.846349187 0
43 W -355.176227128 0
43 Y -357.724150899 0
44 A -352.75267586 0
44 C -341.278535985 0
44 D -354.902691833 0
44 E -345.629701439 0
44 F -342.519481569 0
44 G -358.47419577 1
44 H -344.667122445 0
44 I -332.191019255 0
44 K -354.860628461 0
44 L -344.130969183 0
44 M -343.318032809 0
44 N -354.896638348 0
44 P -300.284700896 0
44 Q -352.103743833 0
44 R -344.213829984 0
44 S -355.279440732 0
44 T -341.001027312 0
44 V -330.023613936 0
44 W -342.770767441 0
44 Y -342.459183483 0
45 A -356.744438722 0
45 C -354.631572747 0
45 D -358.453656233 0
45 E -357.883843447 0
45 F -355.972907189 0
45 G -356.220421624 0
45 H -357.784032541 0
45 I -329.23959682 0
45 K -358.198846103 0
45 L -358.786562325 0
45 M -357.269999817 0
45 N -358.874686193 1
45 P -353.989548737 0
45 Q -356.237466831 0
45 R -358.450223334 0
45 S -357.402094249 0
45 T -357.926673512 0
45 V -355.96919879 0
45 W -355.187104375 0
45 Y -355.457437485 0
46 A -358.208384443 0
46 C -357.376554237 0
46 D -353.781519328 0
46 E -358.679082109 0
46 F -358.729324679 0
46 G -355.695207177 0
46 H -357.450031026 0
46 I -361.280235461 0
46 K -359.601437207 1
46 L -358.959649729 0
46 M -359.726888644 0
46 N -357.549133531 0
46 P -239.986407405 0
46 Q -358.124042278 0
46 R -360.36184752 0
46 S -357.068346399 0
46 T -359.387592974 0
46 V -361.550249025 0
46 W -359.889462437 0
46 Y -356.732779022 0
47 A -349.949317525 0
47 C -350.027023518 0
47 D -348.165206526 0
47 E -351.663532852 0
47 F -359.711699855 1
47 G -345.903559578 0
47 H -355.314736272 0
47 I -354.648533548 0
47 K -348.993376834 0
47 L -357.710887943 0
47 M -354.665749553 0
47 N -350.341966223 0
47 P -319.753212331 0
47 Q -351.739421575 0
47 R -349.447597566 0
47 S -349.164219305 0
47 T -350.147445119 0
47 V -353.178385451 0
47 W -360.275162901 0
47 Y -357.997454015 0
48 A -348.3599463 0
48 C -350.979904215 0
48 D -350.480301504 0
48 E -351.567272291 0
48 F -356.201283152 0
48 G -343.818556611 0
48 H -354.617154746 0
48 I -356.963915156 0
48 K -352.444495257 0
48 L -354.468146695 0
48 M -352.214916998 0
48 N -352.515839586 0
48 P -315.907653388 0
48 Q -349.561456163 0
48 R -352.510481244 0
48 S -352.49984346 0
48 T -355.76602927 1
48 V -358.385736495 0
48 W -347.93005087 0
48 Y -355.742178085 0
49 A -344.04984651 0
49 C -346.294287036 0
49 D -345.639966634 0
49 E -347.589672104 0
49 F -334.708300584 0
49 G -336.917328011 0
49 H -345.478660753 0
49 I -350.372271499 0
49 K -336.982978991 0
49 L -342.178356516 0
49 M -346.05344716 0
49 N -347.014012793 0
49 P -286.17629819 0
49 Q -343.171347475 0
49 R -343.373646199 0
49 S -344.097158103 0
49 T -347.988413862 0
49 V -352.673049499 1
49 W -344.151135411 0
49 Y -336.957705645 0
50 A -348.372689909 0
50 C -348.710031249 0
50 D -347.080093636 0
50 E -348.675072511 0
50 F -353.773009597 0
50 G -346.625242223 0
50 H -354.329070408 0
50 I -351.927044318 0
50 K -350.792498165 1
50 L -350.984368967 0
50 M -351.220714355 0
50 N -351.388305982 0
50 P -172.243831333 0
50 Q -349.006274038 0
50 R -351.925034803 0
50 S -348.4377205 0
50 T -348.25433198 0
50 V -352.108320423 0
50 W -352.059091631 0
50 Y -353.015640026 0
51 A -347.619736442 0
51 C -347.427655706 0
51 D -346.99033638 0
51 E -355.46548157 1
51 F -352.11077849 0
51 G -344.08192199 0
51 H -348.0486229 0
51 I -351.90206585 0
51 K -344.801272009 0
51 L -352.682242492 0
51 M -350.45399117 0
51 N -348.949418315 0
51 P -217.201508644 0
51 Q -353.42060959 0
51 R -349.497764105 0
51 S -346.380440797 0
51 T -345.911390556 0
51 V -350.618967173 0
51 W -350.208317174 0
51 Y -348.589338054 0
52 A -351.76164994 0
52 C -352.248478034 0
52 D -351.706721717 0
52 E -353.518305429 0
52 F -340.613854696 0
52 G -347.956574527 0
52 H -354.202560697 0
52 I -356.48242251 0
52 K -352.573184864 0
52 L -353.534599728 0
52 M -352.023043615 0
52 N -353.874340627 0
52 P -241.79518139 0
52 Q -351.986612791 0
52 R -352.011669878 0
52 S -353.574848117 1
52 T -349.214401788 0
52 V -355.674849963 0
52 W -344.34886297 0
52 Y -339.546909452 0
53 A -351.065742248 0
53 C -351.109939142 0
53 D -352.417793567 0
53 E -347.829047478 0
53 F -269.568924047 0
53 G -350.288045335 0
53 H -268.739602242 0
53 I -287.451184149 0
53 K -342.252523992 0
53 L -338.264434909 0
53 M -341.754525535 0
53 N -353.33104927 0
53 P -319.109465381 0
53 Q -346.299696979 0
53 R -337.185337154 0
53 S -353.811212932 1
53 T -340.554118416 0
53 V -300.483026057 0
53 W -237.745721145 0
53 Y -292.406849038 0
54 A -348.332358845 0
54 C -346.811406729 0
54 D -348.15427033 0
54 E -349.523118152 0
54 F -344.444710853 0
54 G -346.164869432 0
54 H -345.826424508 0
54 I -348.180330986 0
54 K -347.753892351 0
54 L -349.377973593 0
54 M -348.726585219 0
54 N -350.865919757 1
54 P -83.1050552769 0
54 Q -346.654985629 0
54 R -349.485871845 0
54 S -348.955858394 0
54 T -348.686128072 0
54 V -347.909520417 0
54 W -334.739980657 0
54 Y -344.303352768 0
55 A -348.8973497 0
55 C -347.42833103 0
55 D -352.4680542 0
55 E -350.632754626 0
55 F -354.703695477 1
55 G -346.923672885 0
55 H -354.14587137 0
55 I -351.877033317 0
55 K -352.635135826 0
55 L -351.993395379 0
55 M -351.126715583 0
55 N -350.439275699 0
55 P -317.057833758 0
55 Q -350.205821933 0
55 R -353.853797238 0
55 S -349.548760382 0
55 T -350.246885844 0
55 V -350.726857457 0
55 W -352.390961841 0
55 Y -347.546299486 0
56 A -345.859586494 0
56 C -345.707229725 0
56 D -347.306585733 0
56 E -346.350233613 0
56 F -342.765604803 0
56 G -344.85903705 0
56 H -346.745588073 0
56 I -340.404203373 0
56 K -347.421763132 0
56 L -345.508231151 0
56 M -349.94575151 0
56 N -345.615127152 0
56 P -292.146569963 0
56 Q -346.826192924 0
56 R -354.452348961 1
56 S -347.035219466 0
56 T -346.683861291 0
56 V -341.202533874 0
56 W -334.61753524 0
56 Y -342.879637271 0
57 A -350.101390762 0
57 C -349.32599493 0
57 D -353.941138272 0
57 E -352.062902035 0
57 F -351.111576942 0
57 G -345.531774515 0
57 H -352.595558241 0
57 I -353.213543185 0
57 K -352.229563173 0
57 L -350.367548525 0
57 M -349.817052814 0
57 N -352.601782074 1
57 P -335.673792457 0
57 Q -350.457610713 0
57 R -352.108768351 0
57 S -352.313779908 0
57 T -351.554437144 0
57 V -353.57752394 0
57 W -348.079441656 0
57 Y -350.450072741 0
58 A -350.198357717 0
58 C -350.706171529 0
58 D -349.640236193 0
58 E -349.967450668 0
58 F -347.025154472 0
58 G -347.761792343 0
58 H -348.196233234 0
58 I -356.193624144 1
58 K -350.88955885 0
58 L -349.019253318 0
58 M -351.551283076 0
58 N -349.094403576 0
58 P -329.909782397 0
58 Q -349.937788612 0
58 R -351.53871362 0
58 S -350.287556044 0
58 T -352.314314537 0
58 V -355.018701938 0
58 W -346.512504465 0
58 Y -348.412787042 0
59 A -351.056660306 0
59 C -350.053663849 0
59 D -352.938927659 1
59 E -352.902962996 0
59 F -349.330167054 0
59 G -346.932453685 0
59 H -351.746550676 0
59 I -353.236390144 0
59 K -350.301495291 0
59 L -352.396430563 0
59 M -350.921879065 0
59 N -351.361456367 0
59 P -345.268053582 0
59 Q -349.917067676 0
59 R -349.190776152 0
59 S -351.403407587 0
59 T -351.675406874 0
59 V -350.784833088 0
59 W -348.801431038 0
59 Y -347.071151566 0
60 A -347.691536861 0
60 C -346.603903645 0
60 D -348.677170704 0
60 E -349.79020379 0
60 F -338.333070223 0
60 G -343.117181867 0
60 H -343.962755509 0
60 I -349.88719121 0
60 K -345.6120285 0
60 L -350.908816743 0
60 M -348.418498506 0
60 N -350.336894619 0
60 P -174.640872853 0
60 Q -346.909089295 0
60 R -347.42747151 0
60 S -348.845215468 0
60 T -348.295823138 0
60 V -353.929249195 1
60 W -341.531891791 0
60 Y -336.526882213 0
61 A -347.632378439 0
61 C -348.017038432 0
61 D -344.264073724 0
61 E -348.849643142 0
61 F -338.451011698 0
61 G -343.027535933 0
61 H -344.873188784 0
61 I -351.91306089 0
61 K -350.399171458 0
61 L -348.782791025 0
61 M -348.965915126 0
61 N -347.391542362 0
61 P -333.310554294 0
61 Q -349.220848423 0
61 R -352.47077606 0
61 S -348.543513686 0
61 T -350.137864012 0
61 V -352.136928545 1
61 W -340.750399764 0
61 Y -336.536043934 0
62 A -348.304146217 0
62 C -347.05061439 0
62 D -344.720216701 0
62 E -345.255996398 0
62 F -357.931911849 1
62 G -343.659206626 0
62 H -351.900773483 0
62 I -340.515704094 0
62 K -342.812801325 0
62 L -337.73385059 0
62 M -350.076527941 0
62 N -347.84162175 0
62 P -320.304479078 0
62 Q -346.922118606 0
62 R -345.384195909 0
62 S -348.04454517 0
62 T -347.457913248 0
62 V -346.934897663 0
62 W -352.860573534 0
62 Y -356.892819605 0
63 A -354.991946899 0
63 C -353.727985012 0
63 D -350.066605372 0
63 E -356.886804994 1
63 F -352.47766339 0
63 G -351.031584532 0
63 H -355.032255633 0
63 I -358.294579979 0
63 K -355.526136556 0
63 L -349.391590958 0
63 M -355.301735413 0
63 N -352.324729308 0
63 P -343.487650712 0
63 Q -355.439806455 0
63 R -355.145801736 0
63 S -353.876514319 0
63 T -355.682516785 0
63 V -358.144664102 0
63 W -352.271933314 0
63 Y -351.1305567 0
64 A -350.648121632 0
64 C -350.197189786 0
64 D -351.549017814 0
64 E -352.171606105 0
64 F -345.625869949 0
64 G -347.74760781 0
64 H -346.142326693 0
64 I -335.837023821 0
64 K -349.399175216 0
64 L -357.633124936 1
64 M -347.530405535 0
64 N -351.347904975 0
64 P -131.447975657 0
64 Q -349.823363486 0
64 R -328.784247071 0
64 S -350.421678366 0
64 T -331.826779527 0
64 V -335.707424285 0
64 W -345.20111487 0
64 Y -342.237608385 0
65 A -344.251996276 0
65 C -342.38929182 0
65 D -345.11988285 0
65 E -345.127341461 0
65 F -353.060068536 0
65 G -350.76935707 1
65 H -352.182994958 0
65 I -325.204207223 0
65 K -346.954522926 0
65 L -343.177891192 0
65 M -341.367020268 0
65 N -346.607646834 0
65 P -245.423610941 0
65 Q -349.128599967 0
65 R -346.178848863 0
65 S -345.221849017 0
65 T -341.7444403 0
65 V -326.044197952 0
65 W -348.930881195 0
65 Y -351.771597019 0
66 A -347.251700448 0
66 C -346.769917915 0
66 D -345.873760029 0
66 E -346.829270036 0
66 F -346.389112405 0
66 G -343.468687213 0
66 H -348.375402023 0
66 I -350.142510143 0
66 K -349.215473646 0
66 L -349.236143743 0
66 M -347.543266371 0
66 N -347.542102871 0
66 P -95.7257941626 0
66 Q -347.885587291 0
66 R -349.118769994 0
66 S -348.447122124 0
66 T -348.253675623 0
66 V -351.124522488 1
66 W -346.600309062 0
66 Y -346.640131172 0
67 A -351.236214007 0
67 C -349.085164133 0
67 D -350.348588369 1
67 E -350.97452002 0
67 F -347.818691034 0
67 G -349.142704903 0
67 H -350.054083165 0
67 I -346.712911783 0
67 K -349.947410018 0
67 L -344.52034581 0
67 M -349.537362341 0
67 N -348.898620363 0
67 P -353.251365381 0
67 Q -349.364685898 0
67 R -349.991993333 0
67 S -351.557674329 0
67 T -348.155200843 0
67 V -347.131215753 0
67 W -348.157589162 0
67 Y -348.291954361 0
68 A -344.40426435 0
68 C -344.714718142 0
68 D -343.779602475 0
68 E -342.632932949 0
68 F -352.509714984 1
68 G -343.052585585 0
68 H -349.521717167 0
68 I -344.039756436 0
68 K -343.126779683 0
68 L -338.449180665 0
68 M -345.182508274 0
68 N -344.996661798 0
68 P -251.950469776 0
68 Q -341.994090167 0
68 R -345.67547215 0
68 S -346.073958937 0
68 T -345.162259942 0
68 V -344.644688912 0
68 W -340.018965849 0
68 Y -339.437396428 0
69 A -351.397288481 1
69 C -350.208626998 0
69 D -350.243014018 0
69 E -352.131304591 0
69 F -351.944483625 0
69 G -350.177159688 0
69 H -351.524812427 0
69 I -352.640328073 0
69 K -355.491525927 0
69 L -351.396967026 0
69 M -353.100289874 0
69 N -350.382930319 0
69 P -348.233667645 0
69 Q -351.722329462 0
69 R -352.821490504 0
69 S -352.158990142 0
69 T -353.292118455 0
69 V -353.376959327 0
69 W -352.724084089 0
69 Y -351.754998109 0
70 A -347.33196526 0
70 C -346.147261491 0
70 D -347.547829698 0
70 E -349.811695275 0
70 F -351.599000061 0
70 G -342.017447085 0
70 H -351.331565965 0
70 I -351.8518206 0
70 K -348.425461091 0
70 L -351.448474361 0
70 M -351.121982777 0
70 N -348.267067554 0
70 P -319.25755362 0
70 Q -349.381830602 0
70 R -350.932112858 0
70 S -348.056906879 0
70 T -348.674965546 0
70 V -349.495810479 0
70 W -350.440812606 0
70 Y -353.753577573 1
71 A -352.590495804 0
71 C -351.917698118 0
71 D -350.362794611 0
71 E -352.790558598 0
71 F -335.637273119 0
71 G -349.294388517 0
71 H -346.815609072 0
71 I -351.459987231 0
71 K -352.374296837 0
71 L -352.895458358 0
71 M -351.939390092 0
71 N -350.996729668 0
71 P -344.856407199 0
71 Q -350.633039294 0
71 R -354.475243915 0
71 S -352.469983232 1
71 T -352.848381183 0
71 V -351.846227062 0
71 W -342.995314829 0
71 Y -335.257979256 0
72 A -348.416867836 0
72 C -347.898417776 0
72 D -350.825942653 0
72 E -350.172648862 0
72 F -345.949666487 0
72 G -348.258551314 0
72 H -350.181779192 0
72 I -344.888531557 0
72 K -348.531433875 0
72 L -354.41264238 1
72 M -351.206087138 0
72 N -348.81020006 0
72 P -151.065881259 0
72 Q -349.124229393 0
72 R -348.759200892 0
72 S -348.687442196 0
72 T -349.223066251 0
72 V -344.143036885 0
72 W -348.17925062 0
72 Y -345.275936089 0
73 A -351.757326418 1
73 C -349.193561384 0
73 D -351.170382849 0
73 E -354.43095596 0
73 F -356.860641403 0
73 G -348.557148404 0
73 H -355.791580057 0
73 I -350.541382226 0
73 K -347.476013802 0
73 L -351.702235268 0
73 M -351.352474916 0
73 N -349.309533852 0
73 P -352.644363034 0
73 Q -354.17337288 0
73 R -349.60742184 0
73 S -351.317920329 0
73 T -351.071433168 0
73 V -350.631762881 0
73 W -361.051157423 0
73 Y -355.649677799 0
74 A -345.043249548 0
74 C -344.269462691 0
74 D -350.292237611 1
74 E -346.996285776 0
74 F -345.376447351 0
74 G -343.832001497 0
74 H -344.856921861 0
74 I -344.400993565 0
74 K -341.678512427 0
74 L -345.675849719 0
74 M -349.24797238 0
74 N -345.728608771 0
74 P -338.857625235 0
74 Q -345.078969954 0
74 R -341.682611473 0
74 S -346.151366935 0
74 T -340.65867978 0
74 V -342.088069241 0
74 W -341.90508106 0
74 Y -345.983323035 0
75 A -340.460603037 0
75 C -333.925344155 0
75 D -339.257825648 0
75 E -337.453002544 0
75 F -338.413322493 0
75 G -351.864941505 1
75 H -340.896041454 0
75 I -325.798839675 0
75 K -338.410725678 0
75 L -339.069227937 0
75 M -336.230165923 0
75 N -341.283490211 0
75 P -274.622213197 0
75 Q -336.51203969 0
75 R -339.854643085 0
75 S -343.565919319 0
75 T -334.820628612 0
75 V -326.2467018 0
75 W -337.704003253 0
75 Y -336.83686429 0
76 A -348.109703014 0
76 C -348.682528419 0
76 D -346.309913856 0
76 E -352.976451667 0
76 F -346.242011608 0
76 G -345.315178926 0
76 H -345.289105395 0
76 I -349.893329723 0
76 K -340.659099597 0
76 L -329.329339099 0
76 M -344.343537888 0
76 N -356.669120417 0
76 P -314.575302631 0
76 Q -345.29239047 0
76 R -344.26126763 0
76 S -348.209213334 0
76 T -353.232664978 1
76 V -352.136386317 0
76 W -344.279165205 0
76 Y -343.004718487 0
77 A -352.780042459 0
77 C -351.009500472 0
77 D -352.512270727 0
77 E -353.490513972 1
77 F -352.102022432 0
77 G -350.35657345 0
77 H -352.314801708 0
77 I -354.591287328 0
77 K -353.828610909 0
77 L -350.739704262 0
77 M -352.775785228 0
77 N -352.640363775 0
77 P -352.125041716 0
77 Q -352.298656521 0
77 R -354.085301745 0
77 S -353.175143533 0
77 T -350.561901078 0
77 V -354.572625655 0
77 W -351.955926202 0
77 Y -352.307017389 0
78 A -347.243143151 0
78 C -348.208769142 0
78 D -344.909943931 0
78 E -346.514809009 0
78 F -351.855630391 0
78 G -343.37624136 0
78 H -350.30090922 0
78 I -340.026728546 0
78 K -344.75653344 0
78 L -356.354300286 1
78 M -351.87274088 0
78 N -348.58804345 0
78 P -277.267029904 0
78 Q -347.709313202 0
78 R -341.112831658 0
78 S -346.463192801 0
78 T -348.820504543 0
78 V -320.231691895 0
78 W -332.65540619 0
78 Y -350.324862876 0
79 A -354.794838604 0
79 C -354.422033402 0
79 D -352.171252787 0
79 E -357.292025267 0
79 F -356.116623352 0
79 G -352.526900163 0
79 H -355.613450473 0
79 I -357.161769141 0
79 K -357.589471459 0
79 L -352.024350698 0
79 M -356.791824006 0
79 N -354.037664317 0
79 P -285.045207139 0
79 Q -356.492808506 0
79 R -358.699417868 0
79 S -355.793548657 0
79 T -357.417499434 1
79 V -357.891940161 0
79 W -353.973139233 0
79 Y -339.85718769 0
80 A -204.013845661 0
80 C -175.673352888 0
80 D -143.901682397 0
80 E 38.741516261 0
80 F 560.223648562 0
80 G -355.443277934 1
80 H -127.887964276 0
80 I 303.456391597 0
80 K -8.48611317327 0
80 L 985.066970792 0
80 M -11.540107313 0
80 N 60.8406765785 0
80 P -174.769034019 0
80 Q 40.6329588417 0
80 R 37.9807868252 0
80 S -197.470401801 0
80 T -9.64636983564 0
80 V 33.7761612501 0
80 W 538.228665006 0
80 Y 568.335587456 0
81 A -352.152037523 0
81 C -350.228846065 0
81 D -349.382303995 0
81 E -351.63225109 0
81 F -351.104404526 0
81 G -348.691883144 0
81 H -351.206268786 0
81 I -351.226780961 0
81 K -353.245098765 0
81 L -350.668377703 0
81 M -352.309177095 0
81 N -350.629652994 0
81 P -329.3086101 0
81 Q -350.422216341 0
81 R -352.22679529 0
81 S -352.738309011 0
81 T -354.064836575 1
81 V -351.949672848 0
81 W -351.348557319 0
81 Y -350.089014629 0
82 A -342.347083822 0
82 C -342.848960689 0
82 D -341.979196912 0
82 E -343.634316767 0
82 F -346.790515075 0
82 G -335.95474754 0
82 H -345.002198139 0
82 I -345.87352138 0
82 K -339.101691515 0
82 L -346.627005684 0
82 M -345.085654495 0
82 N -343.442697393 0
82 P -321.534398555 0
82 Q -341.720929878 0
82 R -344.55116875 0
82 S -341.777689474 0
82 T -344.471343399 0
82 V -348.828384158 0
82 W -353.550600407 1
82 Y -346.736482391 0
83 A -351.781913182 0
83 C -351.102945831 0
83 D -352.434748902 0
83 E -352.592433882 0
83 F -294.928440406 0
83 G -350.332792328 0
83 H -351.016350808 0
83 I -350.06061775 0
83 K -353.234640395 0
83 L -352.363863022 0
83 M -352.339584927 0
83 N -351.5267966 0
83 P -234.746214944 0
83 Q -351.281727585 0
83 R -352.666129463 0
83 S -352.407372544 0
83 T -353.641754072 1
83 V -355.336839459 0
83 W -355.903240093 0
83 Y -284.991114352 0
84 A -348.210221413 0
84 C -349.677174346 0
84 D -345.102040871 0
84 E -351.45259252 0
84 F -247.985265061 0
84 G -343.333604842 0
84 H -327.296151628 0
84 I -350.528647267 0
84 K -352.167334298 0
84 L -354.88957866 0
84 M -354.623001553 1
84 N -350.247498442 0
84 P -340.056763477 0
84 Q -351.709127723 0
84 R -352.506852753 0
84 S -348.643025951 0
84 T -351.660159297 0
84 V -350.966700519 0
84 W -232.075900325 0
84 Y -203.481458266 0
85 A -350.723293318 0
85 C -350.701827292 0
85 D -353.723255633 0
85 E -354.885191811 1
85 F -350.782535258 0
85 G -344.179308694 0
85 H -351.259351589 0
85 I -353.528320919 0
85 K -353.566526715 0
85 L -352.616056374 0
85 M -351.914980219 0
85 N -352.640832557 0
85 P -256.409748649 0
85 Q -352.232803539 0
85 R -353.2571934 0
85 S -352.402036966 0
85 T -351.242478924 0
85 V -354.424872232 0
85 W -349.860587043 0
85 Y -350.343248802 0
86 A -348.01057157 0
86 C -337.107255851 0
86 D -349.056788224 0
86 E -340.081333539 0
86 F -337.426253415 0
86 G -353.547204392 1
86 H -339.644463791 0
86 I -331.88124723 0
86 K -349.714741338 0
86 L -339.098381587 0
86 M -338.158207336 0
86 N -349.733246352 0
86 P -295.415278736 0
86 Q -346.896787002 0
86 R -339.246055763 0
86 S -349.998878799 0
86 T -335.484503128 0
86 V -331.321210147 0
86 W -338.224712933 0
86 Y -337.349529991 0
87 A -351.236908836 0
87 C -350.275660059 0
87 D -355.028137124 0
87 E -353.101873618 0
87 F -352.064241065 0
87 G -351.440358199 0
87 H -353.766266809 0
87 I -352.236390958 0
87 K -353.344816362 0
87 L -353.570967085 0
87 M -352.183957172 0
87 N -354.648302752 1
87 P -347.179874647 0
87 Q -352.097463355 0
87 R -353.546999485 0
87 S -353.128676746 0
87 T -353.477139621 0
87 V -352.126689288 0
87 W -351.288811055 0
87 Y -351.930899998 0
88 A -352.564500123 0
88 C -351.506618164 0
88 D -350.681452119 0
88 E -351.625031788 0
88 F -350.040706394 0
88 G -349.157404752 0
88 H -352.778128528 0
88 I -349.272189084 0
88 K -354.369289576 1
88 L -351.488699383 0
88 M -352.17290968 0
88 N -352.847801583 0
88 P -236.031921345 0
88 Q -352.285512055 0
88 R -354.622211893 0
88 S -351.579477312 0
88 T -351.261554747 0
88 V -352.220173209 0
88 W -351.599444773 0
88 Y -348.969747295 0
89 A -347.150441065 0
89 C -347.421056281 0
89 D -345.795956473 0
89 E -348.639844609 0
89 F -349.387252711 0
89 G -343.473131222 0
89 H -346.946564243 0
89 I -350.599390485 0
89 K -345.786085739 0
89 L -355.517906407 1
89 M -352.877781047 0
89 N -348.943314705 0
89 P -273.032290908 0
89 Q -349.673835342 0
89 R -348.146185716 0
89 S -346.319923446 0
89 T -341.263167737 0
89 V -347.541293948 0
89 W -350.106718732 0
89 Y -341.07580398 0
90 A -346.354555513 0
90 C -348.231619953 0
90 D -347.677275698 0
90 E -348.373425463 0
90 F -345.161717244 0
90 G -342.526786734 0
90 H -346.531453837 0
90 I -352.369646977 0
90 K -347.928385927 0
90 L -350.411226865 0
90 M -348.768990651 0
90 N -349.418974396 0
90 P -282.706660824 0
90 Q -346.815870959 0
90 R -348.534023423 0
90 S -347.727408295 0
90 T -349.351953853 0
90 V -353.94597503 1
90 W -345.850532661 0
90 Y -340.465133239 0
91 A -349.212163457 0
91 C -338.001911224 0
91 D -70.9306968546 0
91 E -316.800083125 0
91 F -311.490623551 0
91 G -353.102916909 1
91 H 634.090456361 0
91 I -236.112485366 0
91 K -177.7304386 0
91 L -335.013176956 0
91 M -184.634901512 0
91 N -136.292200556 0
91 P 21.6717733661 0
91 Q -332.119519161 0
91 R -246.01929062 0
91 S -336.504112751 0
91 T -253.139224687 0
91 V -230.209273985 0
91 W -326.131924613 0
91 Y -308.965259351 0
92 A -351.67703384 0
92 C -351.632048401 0
92 D -357.938133024 0
92 E -354.318779457 0
92 F -356.053181182 0
92 G -344.791295728 0
92 H -357.032214404 0
92 I -356.926024043 0
92 K -355.612648656 1
92 L -356.33852705 0
92 M -353.338581377 0
92 N -356.023546036 0
92 P -295.662184583 0
92 Q -353.509559803 0
92 R -356.942910403 0
92 S -353.679977445 0
92 T -352.891400155 0
92 V -356.283458415 0
92 W -354.808274643 0
92 Y -354.484851787 0
93 A -345.508060866 0
93 C -344.780676715 0
93 D -343.972927344 0
93 E -346.874327489 0
93 F -356.709807672 1
93 G -342.099340187 0
93 H -350.723457122 0
93 I -336.013500788 0
93 K -345.387851025 0
93 L -350.081944622 0
93 M -350.324418318 0
93 N -346.480135398 0
93 P -267.048016583 0
93 Q -347.180560164 0
93 R -347.181171689 0
93 S -344.737542262 0
93 T -344.893506295 0
93 V -330.299208618 0
93 W -344.400343918 0
93 Y -353.088597586 0
94 A -356.024676576 0
94 C -354.51189319 0
94 D -353.956944044 0
94 E -356.40229382 0
94 F -357.389807161 0
94 G -352.751673184 0
94 H -356.862472431 0
94 I -357.056816302 0
94 K -357.786810329 1
94 L -356.524818239 0
94 M -355.83095242 0
94 N -356.290187236 0
94 P -246.202134232 0
94 Q -355.984798967 0
94 R -359.699241671 0
94 S -355.48533893 0
94 T -356.748032244 0
94 V -357.920722788 0
94 W -357.197792438 0
94 Y -357.303242809 0
95 A -356.947943943 0
95 C -357.827730534 0
95 D -354.500306096 0
95 E -356.860640234 0
95 F -352.385582048 0
95 G -353.830109625 0
95 H -354.378047793 0
95 I -359.673085804 0
95 K -354.894823758 0
95 L -361.921142463 0
95 M -357.767681928 0
95 N -355.896413907 0
95 P -150.302841818 0
95 Q -357.005086448 0
95 R -365.824122166 1
95 S -356.811622474 0
95 T -353.218807684 0
95 V -359.008538427 0
95 W -340.399018593 0
95 Y -350.828546946 0
96 A -363.401263985 0
96 C -359.558067017 0
96 D -359.543836372 0
96 E -361.964092401 0
96 F -360.769903706 0
96 G -360.40576606 0
96 H -361.826002843 0
96 I -359.569571073 0
96 K -363.285158754 0
96 L -361.588634102 0
96 M -360.437219399 0
96 N -360.665983403 0
96 P -92.188890679 0
96 Q -361.73093032 0
96 R -363.14268647 0
96 S -362.635035926 0
96 T -360.480299244 0
96 V -363.581103195 1
96 W -361.516765376 0
96 Y -360.987040125 0
97 A -350.97699043 0
97 C -348.485053762 0
97 D -360.328508813 1
97 E -353.855917904 0
97 F -351.267216684 0
97 G -350.416511056 0
97 H -352.453215765 0
97 I -352.580630809 0
97 K -352.833739207 0
97 L -352.146143216 0
97 M -350.589845004 0
97 N -351.617082654 0
97 P -338.22276461 0
97 Q -352.629903238 0
97 R -351.790033255 0
97 S -351.931506568 0
97 T -351.742293361 0
97 V -352.505792758 0
97 W -350.413265561 0
97 Y -351.311581796 0
98 A -356.791079554 0
98 C -357.069690857 0
98 D -357.851289703 0
98 E -358.129691545 0
98 F -358.403039389 0
98 G -355.866567104 0
98 H -359.157660318 0
98 I -354.263588395 0
98 K -358.759032794 0
98 L -359.419834266 0
98 M -358.61337267 0
98 N -359.305742279 1
98 P -332.226527302 0
98 Q -357.486390682 0
98 R -358.356682548 0
98 S -357.529479985 0
98 T -358.132123632 0
98 V -359.928678927 0
98 W -357.29634023 0
98 Y -358.298268885 0
99 A -357.474278823 0
99 C -355.517919825 0
99 D -358.958065407 0
99 E -357.853203053 0
99 F -358.334413404 0
99 G -363.729911633 1
99 H -359.802804917 0
99 I -335.419874882 0
99 K -360.155987655 0
99 L -358.821195728 0
99 M -357.489447289 0
99 N -360.001922307 0
99 P -309.705022285 0
99 Q -358.776792356 0
99 R -359.619421003 0
99 S -357.88252644 0
99 T -354.428441991 0
99 V -335.898601856 0
99 W -357.054039679 0
99 Y -357.926906032 0
100 A -364.298120038 0
100 C -363.095254886 0
100 D -360.274792669 0
100 E -362.732530246 0
100 F -363.280985942 0
100 G -362.021490715 0
100 H -363.607870018 0
100 I -364.2182358 0
100 K -364.738176927 1
100 L -365.42909431 0
100 M -363.225074315 0
100 N -363.574403319 0
100 P -303.794550864 0
100 Q -361.783281458 0
100 R -363.114629796 0
100 S -362.899395864 0
100 T -362.225494614 0
100 V -365.058123544 0
100 W -359.670990356 0
100 Y -361.51470197 0
101 A -355.580671365 0
101 C -353.274422403 0
101 D -355.990408703 0
101 E -355.403600996 1
101 F -355.821139429 0
101 G -354.022351443 0
101 H -354.466256936 0
101 I -353.084430814 0
101 K -355.916716673 0
101 L -353.983752703 0
101 M -353.528174953 0
101 N -354.152890035 0
101 P -356.646770808 0
101 Q -353.921619117 0
101 R -355.531612506 0
101 S -356.57971702 0
101 T -355.976813238 0
101 V -353.774725941 0
101 W -356.185246709 0
101 Y -353.941628218 0
102 A -348.551849876 0
102 C -351.139646527 0
102 D -349.597378138 0
102 E -353.884166062 0
102 F -346.657042628 0
102 G -343.825098914 0
102 H -351.986273354 0
102 I -355.493841985 0
102 K -348.955698257 0
102 L -358.987292242 1
102 M -354.946841569 0
102 N -351.221348075 0
102 P -297.663192871 0
102 Q -353.664091412 0
102 R -349.162693197 0
102 S -351.648732902 0
102 T -352.169311089 0
102 V -355.971154827 0
102 W -347.929138307 0
102 Y -336.676347681 0
103 A -349.998504729 0
103 C -349.736502633 0
103 D -351.685620644 0
103 E -352.309059731 0
103 F -350.269446727 0
103 G -347.671315294 0
103 H -353.313698837 0
103 I -355.339025191 1
103 K -353.940363136 0
103 L -353.597276679 0
103 M -352.733962395 0
103 N -350.415526731 0
103 P -288.851322937 0
103 Q -350.818505722 0
103 R -353.16891604 0
103 S -350.814966059 0
103 T -353.899869461 0
103 V -353.483228373 0
103 W -348.813422334 0
103 Y -349.063442229 0
104 A -353.471311096 1
104 C -353.747364583 0
104 D -353.99930573 0
104 E -355.208023615 0
104 F -334.737602935 0
104 G -350.545343228 0
104 H -339.388735012 0
104 I -361.206489322 0
104 K -350.390384203 0
104 L -352.381710935 0
104 M -356.947140651 0
104 N -355.068556534 0
104 P -325.986902694 0
104 Q -353.880037575 0
104 R -356.320410269 0
104 S -353.306415215 0
104 T -356.274468926 0
104 V -359.762762847 0
104 W -350.626105022 0
104 Y -317.803419716 0
105 A -345.567674759 0
105 C -345.883712985 0
105 D -344.605619992 0
105 E -349.345673412 0
105 F -346.329929976 0
105 G -341.137710888 0
105 H -345.965415666 0
105 I -351.945364921 0
105 K -348.26682785 0
105 L -348.843436203 0
105 M -347.545111516 0
105 N -346.328662625 0
105 P -248.099608101 0
105 Q -346.405221015 0
105 R -350.605295648 0
105 S -346.076906581 0
105 T -348.457600492 0
105 V -352.105725777 1
105 W -342.685244881 0
105 Y -344.138622907 0
106 A -348.940602078 0
106 C -347.908532482 0
106 D -349.313462909 0
106 E -351.469408482 0
106 F -335.747895589 0
106 G -342.807178653 0
106 H -349.850287906 0
106 I -352.792652546 0
106 K -348.672186553 0
106 L -353.890176631 0
106 M -352.279262842 0
106 N -349.204124487 0
106 P -294.76535457 0
106 Q -350.712214542 0
106 R -354.51255453 1
106 S -347.902603019 0
106 T -339.511287348 0
106 V -352.194527634 0
106 W -351.556506386 0
106 Y -342.389526556 0
107 A -351.053803694 0
107 C -349.188168637 0
107 D -348.7328559 0
107 E -354.069799347 1
107 F -348.033413877 0
107 G -348.515299206 0
107 H -350.163477522 0
107 I -345.657476597 0
107 K -353.760082606 0
107 L -353.158117717 0
107 M -353.472148503 0
107 N -348.011462773 0
107 P -308.741927698 0
107 Q -350.904148335 0
107 R -352.810816298 0
107 S -351.027087527 0
107 T -350.877647063 0
107 V -350.816219389 0
107 W -348.25960804 0
107 Y -348.067461003 0
108 A -342.641056181 0
108 C -344.470024573 0
108 D -341.733021495 0
108 E -350.016395163 0
108 F -209.228162071 0
108 G -340.610411917 0
108 H -335.798044539 0
108 I -359.380544458 1
108 K -350.449761527 0
108 L -351.687033259 0
108 M -350.323455944 0
108 N -346.012806023 0
108 P -341.286838373 0
108 Q -351.478082444 0
108 R -351.309479052 0
108 S -343.930844284 0
108 T -346.732464029 0
108 V -355.991582492 0
108 W -238.441903667 0
108 Y -80.6398060129 0
109 A -355.022745602 0
109 C -353.927850309 0
109 D -358.089915589 0
109 E -356.521986708 0
109 F -355.937143939 0
109 G -348.807433736 0
109 H -356.529370849 0
109 I -351.898270291 0
109 K -356.612230561 0
109 L -356.523196962 0
109 M -354.534043707 0
109 N -357.247449 0
109 P -271.552964217 0
109 Q -355.291149076 0
109 R -356.976526932 0
109 S -357.062154995 1
109 T -355.354923492 0
109 V -356.898097247 0
109 W -354.636367553 0
109 Y -355.417501449 0
110 A -351.123702079 0
110 C -339.946235583 0
110 D -353.193754019 0
110 E -343.366955314 0
110 F -341.105941456 0
110 G -356.589728157 1
110 H -343.18748265 0
110 I -334.385849062 0
110 K -353.11944506 0
110 L -342.611487088 0
110 M -341.855469209 0
110 N -353.243151004 0
110 P -292.186655875 0
110 Q -350.383435921 0
110 R -342.798628271 0
110 S -353.346173804 0
110 T -339.052123989 0
110 V -333.403655815 0
110 W -341.189628611 0
110 Y -340.653635628 0
111 A -358.1264715 0
111 C -357.061077236 0
111 D -360.460200912 0
111 E -360.091074911 0
111 F -358.846310131 0
111 G -358.179692807 0
111 H -360.643214035 0
111 I -358.233784554 0
111 K -360.272771635 0
111 L -360.134912989 0
111 M -359.047950979 0
111 N -361.074499896 1
111 P -352.606754723 0
111 Q -359.207938042 0
111 R -360.061039269 0
111 S -360.131514808 0
111 T -360.614262889 0
111 V -359.356784887 0
111 W -357.747737247 0
111 Y -358.826999439 0
112 A -357.534064891 0
112 C -357.330272757 0
112 D -356.642155964 0
112 E -361.158032024 1
112 F -353.032916056 0
112 G -354.447261739 0
112 H -355.050981423 0
112 I -338.84878575 0
112 K -357.475630059 0
112 L -355.985238544 0
112 M -358.221406396 0
112 N -357.228282319 0
112 P -246.185773881 0
112 Q -355.503825524 0
112 R -356.463011049 0
112 S -356.755136375 0
112 T -357.126970137 0
112 V -327.217123531 0
112 W -350.240853969 0
112 Y -352.585264733 0
113 A -348.49711566 0
113 C -348.21402433 0
113 D -347.82616373 0
113 E -348.585217375 0
113 F -320.678298645 0
113 G -343.198268749 0
113 H -350.871240432 0
113 I -343.46579271 0
113 K -345.361736013 0
113 L -358.565509421 1
113 M -352.681320767 0
113 N -350.145883616 0
113 P -213.481480533 0
113 Q -350.233779404 0
113 R -339.884925264 0
113 S -348.216605213 0
113 T -346.359262017 0
113 V -339.927905931 0
113 W -344.95467985 0
113 Y -305.561791619 0
114 A -345.850789177 0
114 C -346.066671313 0
114 D -344.862877359 0
114 E -347.628016363 0
114 F -344.228764588 0
114 G -339.662014991 0
114 H -348.075779765 0
114 I -352.360114262 1
114 K -345.919210524 0
114 L -347.938412756 0
114 M -346.992242475 0
114 N -344.551661195 0
114 P -250.935619026 0
114 Q -345.973765608 0
114 R -346.795044398 0
114 S -346.148640604 0
114 T -348.507552477 0
114 V -351.609459028 0
114 W -348.914080854 0
114 Y -342.523760809 0
115 A -350.662983562 0
115 C -350.132828307 0
115 D -352.103201505 0
115 E -355.999177017 0
115 F -348.760507319 0
115 G -344.803385347 0
115 H -353.443823378 0
115 I -326.723648006 0
115 K -347.354963898 0
115 L -355.835136252 0
115 M -352.675240713 0
115 N -350.984461411 0
115 P -280.383200082 0
115 Q -353.466867168 1
115 R -351.411891199 0
115 S -349.924916668 0
115 T -351.936743463 0
115 V -355.429951621 0
115 W -353.671377441 0
115 Y -343.214624671 0
116 A -350.318476663 0
116 C -349.40898563 0
116 D -346.856759688 0
116 E -349.956123498 0
116 F -337.711881439 0
116 G -346.838916154 0
116 H -343.250679021 0
116 I -352.234986333 0
116 K -348.380168801 0
116 L -352.16752179 0
116 M -350.646054083 0
116 N -348.173682778 0
116 P -269.307724447 0
116 Q -348.709531312 0
116 R -348.684915321 0
116 S -350.768113349 0
116 T -352.178817736 1
116 V -353.14798291 0
116 W -342.354074983 0
116 Y -333.064728205 0
117 A -350.769664499 0
117 C -349.813086457 0
117 D -349.978978727 0
117 E -351.216431101 0
117 F -353.612308084 0
117 G -347.052952886 0
117 H -355.036011204 0
117 I -353.850362815 0
117 K -350.474223141 0
117 L -356.767772721 0
117 M -354.251318016 0
117 N -351.574405722 0
117 P -287.596348717 0
117 Q -351.736655777 0
117 R -353.316241529 0
117 S -350.208207092 0
117 T -351.124425488 0
117 V -351.586887359 0
117 W -352.220008488 0
117 Y -354.141452522 1
118 A -351.75292177 0
118 C -351.348351084 0
118 D -351.170335017 0
118 E -353.924719285 0
118 F -335.557440151 0
118 G -348.966842872 0
118 H -353.873989781 0
118 I -355.392244069 0
118 K -354.125453137 0
118 L -352.5803533 0
118 M -353.079781093 0
118 N -352.485957026 0
118 P -246.692226071 0
118 Q -353.266940077 0
118 R -356.355739995 0
118 S -353.345901786 0
118 T -352.756988286 1
118 V -355.713353091 0
118 W -353.016766443 0
118 Y -296.338847325 0
119 A -347.695583025 0
119 C -347.093758051 0
119 D -345.723218602 0
119 E -343.35330432 0
119 F -366.051154967 0
119 G -343.504169444 0
119 H -362.847772582 0
119 I -346.983552575 0
119 K -354.450448188 0
119 L -343.938231997 0
119 M -356.815418185 0
119 N -349.380184734 0
119 P -318.317427524 0
119 Q -345.205421028 0
119 R -353.945646295 0
119 S -348.147669724 0
119 T -345.155974215 0
119 V -347.459320483 0
119 W -357.602966468 0
119 Y -363.786781532 1
120 A -350.858200852 0
120 C -350.271614009 0
120 D -351.62817183 0
120 E -352.723014031 1
120 F -304.952294599 0
120 G -347.585338698 0
120 H -348.261552865 0
120 I -316.581755802 0
120 K -361.337484294 0
120 L -352.582429783 0
120 M -350.319183997 0
120 N -352.915164712 0
120 P -283.635214489 0
120 Q -350.993872381 0
120 R -351.002663006 0
120 S -350.019211634 0
120 T -344.972299951 0
120 V -336.793346494 0
120 W -346.0157677 0
120 Y -340.408015385 0
121 A -342.710891823 0
121 C -338.205649885 0
121 D -344.190608628 0
121 E -342.36106513 0
121 F -341.869681566 0
121 G -351.051868404 1
121 H -345.277357123 0
121 I -324.325481684 0
121 K -344.903960583 0
121 L -343.484913805 0
121 M -338.872240045 0
121 N -345.469278461 0
121 P -255.587221794 0
121 Q -342.199249297 0
121 R -341.978059838 0
121 S -343.834307088 0
121 T -335.35339259 0
121 V -324.678639797 0
121 W -341.49315973 0
121 Y -343.132627544 0
122 A -349.457490393 0
122 C -350.120117138 0
122 D -349.225786895 0
122 E -349.996859992 0
122 F -350.735036211 0
122 G -342.974028856 0
122 H -349.593493616 0
122 I -354.951516015 0
122 K -350.466258216 0
122 L -344.336395604 0
122 M -350.378770936 0
122 N -349.196465167 0
122 P -107.951658222 0
122 Q -349.85007315 0
122 R -349.710543333 0
122 S -349.841261848 0
122 T -352.515773797 0
122 V -355.429333293 1
122 W -349.166068051 0
122 Y -350.244534942 0
123 A -352.367820352 0
123 C -351.579599273 0
123 D -352.2845965 0
123 E -354.053345761 1
123 F -353.809979485 0
123 G -350.661712316 0
123 H -352.427377918 0
123 I -354.872373948 0
123 K -354.033697502 0
123 L -353.37339678 0
123 M -354.161974966 0
123 N -352.008467224 0
123 P -350.255392824 0
123 Q -352.418577476 0
123 R -353.635049106 0
123 S -352.84798853 0
123 T -353.149593067 0
123 V -355.1342456 0
123 W -354.203074495 0
123 Y -353.987663029 0
124 A -354.460465421 1
124 C -345.604556141 0
124 D -335.878616419 0
124 E -247.520956825 0
124 F -314.050670212 0
124 G -348.821431811 0
124 H -314.848780269 0
124 I -270.86881608 0
124 K -276.680467511 0
124 L -196.014064144 0
124 M -285.631872839 0
124 N -342.161681816 0
124 P -305.0337227 0
124 Q -270.073120846 0
124 R -260.072653328 0
124 S -351.31727665 0
124 T -346.351669426 0
124 V -301.741489582 0
124 W -221.659838107 0
124 Y -313.641977506 0
125 A -351.565221879 0
125 C -350.078930169 0
125 D -346.414307383 0
125 E -349.992729358 0
125 F -348.446905649 0
125 G -347.50844407 0
125 H -348.892380031 0
125 I -352.737251904 0
125 K -353.663556753 1
125 L -352.098514014 0
125 M -351.791103967 0
125 N -349.726117113 0
125 P -242.244151919 0
125 Q -352.151597738 0
125 R -353.545999628 0
125 S -350.082666335 0
125 T -350.967646284 0
125 V -352.666006333 0
125 W -341.323741343 0
125 Y -347.222155398 0
126 A -342.797281268 0
126 C -343.853539017 0
126 D -338.457840029 0
126 E -343.332896194 0
126 F -314.375930806 0
126 G -338.11177762 0
126 H -337.144671497 0
126 I -348.899682191 0
126 K -345.817469816 0
126 L -348.979238281 0
126 M -349.138466004 0
126 N -343.902588483 0
126 P -313.813431468 0
126 Q -347.162592296 0
126 R -354.304767337 1
126 S -342.669647552 0
126 T -344.099409714 0
126 V -349.150431979 0
126 W -301.166584106 0
126 Y -292.507890554 0
127 A -348.651290949 0
127 C -348.11319352 0
127 D -345.792644677 0
127 E -347.819790605 0
127 F -333.011645645 0
127 G -342.55834805 0
127 H -346.801840824 0
127 I -356.301332699 1
127 K -349.258723326 0
127 L -350.759028535 0
127 M -349.858297283 0
127 N -347.402576378 0
127 P -240.817436094 0
127 Q -347.092013069 0
127 R -346.357518029 0
127 S -347.186155026 0
127 T -350.4648385 0
127 V -354.561690214 0
127 W -338.908837448 0
127 Y -334.035334869 0
128 A -356.641678258 0
128 C -355.039783589 0
128 D -351.473957587 0
128 E -352.744415969 0
128 F -364.946552679 1
128 G -351.629963283 0
128 H -358.317990621 0
128 I -306.072908197 0
128 K -345.892252605 0
128 L -359.991763088 0
128 M -356.433146805 0
128 N -354.19785627 0
128 P -281.830848459 0
128 Q -355.090566493 0
128 R -354.783662474 0
128 S -354.20279225 0
128 T -351.69351228 0
128 V -348.590631622 0
128 W -321.60576169 0
128 Y -357.805597355 0
129 A -366.09380164 0
129 C -365.152533692 0
129 D -364.942268304 0
129 E -366.326175394 0
129 F -365.596805753 0
129 G -365.436009647 0
129 H -365.984086657 0
129 I -367.507438667 0
129 K -367.687642081 1
129 L -368.225883559 0
129 M -367.155544741 0
129 N -365.481580218 0
129 P -302.226858693 0
129 Q -366.269508798 0
129 R -366.796600458 0
129 S -366.65818229 0
129 T -366.771281622 0
129 V -367.685181635 0
129 W -362.170301847 0
129 Y -363.720854308 0
130 A -365.248683304 0
130 C -362.372928884 0
130 D -362.310861986 0
130 E -365.156257834 0
130 F -366.573949075 0
130 G -362.978494345 0
130 H -367.417854495 0
130 I -366.814058086 0
130 K -366.057498536 1
130 L -368.269908774 0
130 M -365.911016353 0
130 N -364.489278102 0
130 P -348.646704541 0
130 Q -364.12660755 0
130 R -366.465579529 0
130 S -364.375079713 0
130 T -364.998957065 0
130 V -363.499846218 0
130 W -365.330263345 0
130 Y -366.9098028 0
131 A -360.187520552 0
131 C -357.043324754 0
131 D -362.851793133 0
131 E -359.912656851 1
131 F -361.275890177 0
131 G -360.812752491 0
131 H -360.801785663 0
131 I -358.715213211 0
131 K -361.199788762 0
131 L -356.933524932 0
131 M -360.272442757 0
131 N -361.127676175 0
131 P -259.559331735 0
131 Q -356.8598091 0
131 R -358.65173107 0
131 S -357.538635567 0
131 T -357.435950591 0
131 V -359.977747086 0
131 W -360.80148119 0
131 Y -361.088782852 0
