1 A -394.170390152 0
1 C -392.285852714 0
1 D -397.067747721 0
1 E -395.300951006 0
1 F -393.449089039 0
1 G -395.057800308 0
1 H -395.329077648 0
1 I -393.423447207 0
1 K -395.494375144 1
1 L -394.796526062 0
1 M -394.538472315 0
1 N -395.066895404 0
1 P -397.774214224 0
1 Q -393.522550989 0
1 R -394.795792376 0
1 S -395.981053222 0
1 T -393.96948457 0
1 V -393.060901923 0
1 W -394.581057167 0
1 Y -393.588933837 0
2 A -394.001575828 0
2 C -393.514181473 0
2 D -392.081042719 0
2 E -395.448574932 0
2 F -397.425741713 0
2 G -391.086292271 0
2 H -398.416838615 1
2 I -393.254027909 0
2 K -395.577822951 0
2 L -393.616587725 0
2 M -393.750983304 0
2 N -395.245807413 0
2 P -384.264926234 0
2 Q -395.436556222 0
2 R -395.063120612 0
2 S -393.721497383 0
2 T -395.629854101 0
2 V -394.313760634 0
2 W -398.613093302 0
2 Y -397.283632552 0
3 A -395.552736297 0
3 C -393.306071133 0
3 D -395.736095176 0
3 E -394.949107826 0
3 F -397.745872885 0
3 G -393.554333245 0
3 H -396.580421548 0
3 I -396.478628614 0
3 K -396.423031383 0
3 L -395.465055289 0
3 M -395.099067424 0
3 N -395.296294011 0
3 P -376.97933633 0
3 Q -394.725297575 0
3 R -397.070718926 0
3 S -396.818670252 1
3 T -397.096380256 0
3 V -397.184402737 0
3 W -397.053791049 0
3 Y -397.390764116 0
4 A -398.022207046 0
4 C -398.812187726 0
4 D -397.253492845 0
4 E -397.899621008 0
4 F -378.549774639 0
4 G -394.157792784 0
4 H -390.610075997 0
4 I -401.48449285 0
4 K -397.27895382 0
4 L -406.070581182 1
4 M -401.177272494 0
4 N -398.468213348 0
4 P -397.871824082 0
4 Q -399.981863289 0
4 R -399.470110756 0
4 S -398.229494178 0
4 T -400.765732477 0
4 V -404.188565683 0
4 W -369.537484528 0
4 Y -370.473045838 0
5 A -398.021307967 0
5 C -397.148514475 0
5 D -398.257025114 0
5 E -398.768042547 0
5 F -397.19050275 0
5 G -395.684955413 0
5 H -398.563172614 0
5 I -397.445383875 0
5 K -398.142606326 0
5 L -399.145977815 0
5 M -399.34440916 0
5 N -397.58611928 0
5 P -405.261900105 1
5 Q -397.446273445 0
5 R -398.804119528 0
5 S -399.478232731 0
5 T -398.725711395 0
5 V -397.979110317 0
5 W -397.209861172 0
5 Y -397.51092927 0
6 A -387.703126771 0
6 C -385.277218258 0
6 D -388.853393458 1
6 E -388.755047599 0
6 F -385.789342894 0
6 G -386.53661823 0
6 H -387.640352672 0
6 I -385.52160314 0
6 K -388.254681404 0
6 L -388.097182624 0
6 M -386.964732185 0
6 N -387.50780241 0
6 P -389.620843777 0
6 Q -386.488412974 0
6 R -387.630128516 0
6 S -388.829624478 0
6 T -386.917253005 0
6 V -385.835663429 0
6 W -386.58491776 0
6 Y -385.623813823 0
7 A -384.807744987 0
7 C -384.699402477 0
7 D -381.182828209 0
7 E -385.204033387 0
7 F -377.289422167 0
7 G -378.451091756 0
7 H -381.048200252 0
7 I -389.457824058 0
7 K -378.566315112 0
7 L -392.636150218 1
7 M -393.664261243 0
7 N -385.186806208 0
7 P -385.217931801 0
7 Q -388.46113024 0
7 R -382.443780061 0
7 S -385.148202567 0
7 T -382.598800627 0
7 V -386.964826439 0
7 W -372.272889187 0
7 Y -368.877563674 0
8 A -386.310566868 0
8 C -385.21002608 0
8 D -387.927505048 0
8 E -389.179681974 0
8 F -387.213460126 0
8 G -385.83272295 0
8 H -387.933609432 0
8 I -381.911546876 0
8 K -387.820875834 0
8 L -388.413992819 0
8 M -387.559540817 0
8 N -388.157945118 0
8 P -389.577253137 1
8 Q -387.403072257 0
8 R -388.859650203 0
8 S -388.264861135 0
8 T -387.850988663 0
8 V -378.079066491 0
8 W -387.740041665 0
8 Y -386.784526297 0
9 A -381.738745926 0
9 C -382.186967324 0
9 D -374.788415088 0
9 E -381.114990726 0
9 F -383.899836767 0
9 G -379.267175601 0
9 H -388.76622523 0
9 I -374.033835935 0
9 K -381.863250029 0
9 L -376.190187421 0
9 M -389.124978864 0
9 N -381.885925398 0
9 P -346.625827716 0
9 Q -380.493182349 0
9 R -377.177996069 0
9 S -381.737628696 0
9 T -379.610072118 0
9 V -374.647238265 0
9 W -366.251465927 0
9 Y -391.662535857 1
10 A -385.29622896 0
10 C -384.621487296 0
10 D -389.090034167 1
10 E -386.867057127 0
10 F -383.33102721 0
10 G -386.505608422 0
10 H -386.155020227 0
10 I -384.101041619 0
10 K -386.280730711 0
10 L -385.95405286 0
10 M -384.475107885 0
10 N -386.828291562 0
10 P -381.867764478 0
10 Q -385.722684131 0
10 R -385.533105597 0
10 S -388.45188663 0
10 T -387.314403607 0
10 V -384.713696543 0
10 W -383.358855306 0
10 Y -383.430978599 0
11 A -393.322920643 0
11 C -390.465878155 0
11 D -394.040363563 0
11 E -393.440555332 0
11 F -396.086067327 0
11 G -390.856888059 0
11 H -394.732595605 0
11 I -395.605032947 0
11 K -395.128280724 0
11 L -391.437065032 0
11 M -395.67257291 0
11 N -395.231189817 0
11 P -389.0827687 0
11 Q -390.59072989 0
11 R -392.151694559 0
11 S -392.335026544 0
11 T -391.63968346 0
11 V -391.665972293 0
11 W -394.165212502 0
11 Y -394.726746009 1
12 A -393.733083783 0
12 C -390.681259016 0
12 D -394.527236867 0
12 E -391.949142127 0
12 F -392.089629303 0
12 G -393.489582406 1
12 H -392.876722593 0
12 I -389.493759956 0
12 K -393.240505275 0
12 L -387.729161224 0
12 M -392.538055605 0
12 N -393.743981122 0
12 P -374.661680369 0
12 Q -390.694728051 0
12 R -393.064973315 0
12 S -392.627485892 0
12 T -369.42720614 0
12 V -389.778728287 0
12 W -391.0708467 0
12 Y -391.524940986 0
13 A -389.189560104 1
13 C -372.458133739 0
13 D -338.489298432 0
13 E -377.013605307 0
13 F -258.238093789 0
13 G -386.4410753 0
13 H -246.124456592 0
13 I -363.824069446 0
13 K -375.238822564 0
13 L -347.483277919 0
13 M -380.92506824 0
13 N -314.544903497 0
13 P -57.084427295 0
13 Q -371.925044303 0
13 R -375.6791101 0
13 S -385.886667932 0
13 T -371.234421628 0
13 V -366.876030165 0
13 W 103.411955003 0
13 Y -249.838156873 0
14 A -381.510274494 0
14 C -383.144444324 0
14 D -382.594827987 0
14 E -381.580586307 0
14 F -371.873614415 0
14 G -376.057652151 0
14 H -382.241457459 0
14 I -368.205741584 0
14 K -363.965254899 0
14 L -391.8120645 1
14 M -378.386971503 0
14 N -384.535396178 0
14 P -370.919678683 0
14 Q -382.533278694 0
14 R -329.154552311 0
14 S -381.767409293 0
14 T -387.024430545 0
14 V -369.231999233 0
14 W -368.244413144 0
14 Y -347.921545009 0
15 A -384.702347774 0
15 C -383.255091838 0
15 D -380.424264167 0
15 E -391.783217996 1
15 F -381.267128057 0
15 G -382.656068378 0
15 H -383.245980302 0
15 I -379.043262216 0
15 K -383.044253854 0
15 L -377.915956887 0
15 M -384.313975808 0
15 N -382.710528635 0
15 P -178.644005071 0
15 Q -386.166854141 0
15 R -385.14826676 0
15 S -384.045863919 0
15 T -381.64556852 0
15 V -380.636646099 0
15 W -383.515066865 0
15 Y -381.284736344 0
16 A -391.535920823 0
16 C -390.117153215 0
16 D -393.893153355 0
16 E -393.677331749 0
16 F -392.422348752 0
16 G -392.334645262 0
16 H -393.948450668 0
16 I -391.228363104 0
16 K -393.369970419 0
16 L -393.019706725 0
16 M -392.480749277 0
16 N -393.341858187 0
16 P -397.145976555 1
16 Q -392.383591423 0
16 R -392.733720229 0
16 S -393.46174648 0
16 T -393.323502652 0
16 V -391.310476923 0
16 W -394.152448287 0
16 Y -392.549362317 0
17 A -397.152654265 0
17 C -394.39742366 0
17 D -397.829220365 0
17 E -397.268950504 0
17 F -393.698442383 0
17 G -392.897860029 0
17 H -398.999997906 1
17 I -396.697681515 0
17 K -392.31548569 0
17 L -390.550818124 0
17 M -394.330803223 0
17 N -398.510844482 0
17 P -355.794159607 0
17 Q -394.678174122 0
17 R -392.349750922 0
17 S -396.422887338 0
17 T -395.361781713 0
17 V -389.206256372 0
17 W -395.853281031 0
17 Y -395.218759732 0
18 A -392.474661629 0
18 C -394.365715662 0
18 D -394.234652447 0
18 E -397.537093872 0
18 F -388.620515521 0
18 G -388.460229677 0
18 H -391.650627328 0
18 I -402.349445743 1
18 K -396.939560305 0
18 L -400.930930761 0
18 M -403.635593261 0
18 N -398.199192259 0
18 P -346.86039155 0
18 Q -399.583129818 0
18 R -400.193127657 0
18 S -393.468201819 0
18 T -396.333582132 0
18 V -400.127650743 0
18 W -382.189896215 0
18 Y -381.703861318 0
19 A -399.543294568 0
19 C -398.928191401 0
19 D -402.191291326 0
19 E -400.600094561 0
19 F -359.473235288 0
19 G -399.631500062 0
19 H -400.3807616 0
19 I -400.490547837 0
19 K -400.487545901 0
19 L -393.238035997 0
19 M -401.514788292 0
19 N -403.401506946 1
19 P -393.840684426 0
19 Q -399.057038528 0
19 R -399.778862346 0
19 S -400.846542461 0
19 T -401.579603909 0
19 V -401.191865019 0
19 W -399.240623146 0
19 Y -335.795601281 0
20 A -395.259287439 1
20 C -391.815796296 0
20 D -387.104356964 0
20 E -394.215100518 0
20 F -351.661774092 0
20 G -392.607210236 0
20 H -394.662819009 0
20 I -391.198017005 0
20 K -393.202241635 0
20 L -390.427223376 0
20 M -392.533654621 0
20 N -389.755864994 0
20 P -385.632902311 0
20 Q -392.465195585 0
20 R -396.047553516 0
20 S -393.996726143 0
20 T -392.154322133 0
20 V -392.730478165 0
20 W -392.869660323 0
20 Y -347.491624702 0
21 A -396.012673752 0
21 C -393.017028862 0
21 D -397.03427025 0
21 E -397.865607856 0
21 F -394.052078628 0
21 G -394.051540645 0
21 H -395.306942735 0
21 I -396.813769626 0
21 K -397.495166383 0
21 L -398.022619058 0
21 M -396.01055779 0
21 N -395.693040059 0
21 P -387.568325015 0
21 Q -395.773232772 1
21 R -397.304700475 0
21 S -395.939989234 0
21 T -396.574657282 0
21 V -396.950919127 0
21 W -394.477446265 0
21 Y -393.995959917 0
22 A -391.514221154 0
22 C -399.328555881 0
22 D -398.985493669 0
22 E -400.070753345 0
22 F -198.882295985 0
22 G -389.267513564 0
22 H -392.87312923 0
22 I -408.482816961 1
22 K -391.365005483 0
22 L -407.467760813 0
22 M -396.305769028 0
22 N -401.197317646 0
22 P -375.427322584 0
22 Q -398.394636062 0
22 R -395.910889616 0
22 S -399.442372625 0
22 T -402.084437686 0
22 V -404.266578646 0
22 W -268.447256781 0
22 Y -118.708741668 0
23 A -400.589168342 0
23 C -400.786324769 0
23 D -399.853116459 0
23 E -402.594069582 0
23 F -386.478142275 0
23 G -396.617342534 0
23 H -396.654731807 0
23 I -404.389383999 0
23 K -380.009951101 0
23 L -402.442949583 0
23 M -401.988367845 1
23 N -405.744409718 0
23 P -257.231018153 0
23 Q -400.554002938 0
23 R -400.677665976 0
23 S -401.050469468 0
23 T -401.980682775 0
23 V -402.639695927 0
23 W -384.633778833 0
23 Y -376.0309346 0
24 A -401.711545641 0
24 C -398.372810139 0
24 D -398.537175754 0
24 E -401.845467911 0
24 F -400.957984467 0
24 G -398.909436783 0
24 H -400.171413998 0
24 I -393.470973364 0
24 K -402.071533057 0
24 L -400.415379869 0
24 M -400.847431057 0
24 N -399.154425746 0
24 P -121.52423073 0
24 Q -399.834871879 1
24 R -401.553880219 0
24 S -400.404832166 0
24 T -401.023173121 0
24 V -392.287808858 0
24 W -398.307784273 0
24 Y -400.906250516 0
25 A -404.693957048 0
25 C -402.631352327 0
25 D -408.955863145 0
25 E -406.736707016 0
25 F -402.170543084 0
25 G -402.959531803 0
25 H -404.600666669 0
25 I -406.224710366 0
25 K -405.208017496 0
25 L -407.634653226 1
25 M -404.727359771 0
25 N -405.349694005 0
25 P -240.606975251 0
25 Q -404.511218857 0
25 R -405.108830741 0
25 S -403.735671531 0
25 T -405.0744426 0
25 V -405.252321982 0
25 W -404.552422276 0
25 Y -402.044973654 0
26 A -408.635646509 0
26 C -405.944979514 0
26 D -406.321513026 0
26 E -408.608997595 0
26 F -403.264426195 0
26 G -406.166813886 0
26 H -408.560416044 1
26 I -394.448235941 0
26 K -403.251508494 0
26 L -388.497108963 0
26 M -408.362928133 0
26 N -406.448272518 0
26 P -91.5649932394 0
26 Q -407.986012556 0
26 R -405.30656411 0
26 S -407.715763124 0
26 T -401.808331087 0
26 V -395.402797519 0
26 W -402.792669119 0
26 Y -391.548390472 0
27 A -401.396630121 0
27 C -399.580430491 0
27 D -402.1772981 0
27 E -397.057609737 0
27 F -406.119066432 0
27 G -398.226927671 0
27 H -409.538897783 1
27 I -373.868996301 0
27 K -401.009093255 0
27 L -401.371626566 0
27 M -402.352831156 0
27 N -403.703648028 0
27 P -260.913167878 0
27 Q -399.6190858 0
27 R -397.236165105 0
27 S -401.488882002 0
27 T -402.441818126 0
27 V -405.621117911 0
27 W -401.608758183 0
27 Y -407.692507044 0
28 A -407.066297648 0
28 C -399.884856466 0
28 D -404.368515169 0
28 E -404.266249701 0
28 F -402.80732869 0
28 G -406.226409889 0
28 H -404.974081457 0
28 I -389.596696933 0
28 K -405.920785427 0
28 L -406.260070908 0
28 M -405.686076289 0
28 N -404.928792323 0
28 P -222.94599217 0
28 Q -403.658226369 0
28 R -405.873140106 0
28 S -407.482709331 1
28 T -403.148799591 0
28 V -404.523712647 0
28 W -398.900726579 0
28 Y -403.536011523 0
29 A -399.566984948 0
29 C -399.316102061 0
29 D -399.180541723 0
29 E -401.845251277 0
29 F -400.565491315 0
29 G -397.171244458 0
29 H -401.238514782 0
29 I -402.416759754 0
29 K -402.663615701 1
29 L -401.883117501 0
29 M -400.106500666 0
29 N -399.095622992 0
29 P -275.874173267 0
29 Q -400.610105774 0
29 R -404.709446091 0
29 S -400.092903918 0
29 T -401.119947289 0
29 V -403.500092234 0
29 W -398.180962702 0
29 Y -400.858268219 0
30 A -403.975302115 0
30 C -401.25489125 0
30 D -402.672596906 0
30 E -403.67094098 0
30 F -406.183034022 0
30 G -400.343948532 0
30 H -406.064155405 1
30 I -405.539003546 0
30 K -404.420036503 0
30 L -403.141068831 0
30 M -404.594641907 0
30 N -402.923749125 0
30 P -242.294004922 0
30 Q -402.78907093 0
30 R -403.172411055 0
30 S -402.85140934 0
30 T -403.867421808 0
30 V -406.522948301 0
30 W -405.060981522 0
30 Y -405.805392278 0
31 A -400.563955387 0
31 C -401.109128763 0
31 D -399.621047017 0
31 E -403.480783052 0
31 F -394.849733376 0
31 G -400.584121668 0
31 H -404.622589099 1
31 I -383.302936024 0
31 K -392.399381243 0
31 L -401.776191325 0
31 M -402.553651834 0
31 N -400.371061916 0
31 P -195.518856004 0
31 Q -401.703947254 0
31 R -384.577950268 0
31 S -401.790097611 0
31 T -402.859283367 0
31 V -401.778717011 0
31 W -286.478375084 0
31 Y -386.789251002 0
32 A -410.339591801 1
32 C -405.28136308 0
32 D -406.71691329 0
32 E -407.628287294 0
32 F -407.267750273 0
32 G -406.748186583 0
32 H -407.897878525 0
32 I -399.057310439 0
32 K -409.592075465 0
32 L -410.040070588 0
32 M -408.576122048 0
32 N -407.705812968 0
32 P -205.366644498 0
32 Q -406.646964168 0
32 R -410.898974078 0
32 S -408.761014637 0
32 T -407.021578005 0
32 V -397.237285437 0
32 W -407.925965066 0
32 Y -407.155324812 0
33 A -411.226031319 1
33 C -407.831850846 0
33 D -408.852854256 0
33 E -410.521836212 0
33 F -406.556090139 0
33 G -409.623857677 0
33 H -408.882547718 0
33 I -405.235001143 0
33 K -410.536236344 0
33 L -410.915341797 0
33 M -410.337770607 0
33 N -410.048532875 0
33 P -87.6030400161 0
33 Q -408.908485276 0
33 R -409.95220755 0
33 S -410.241568751 0
33 T -411.40048474 0
33 V -388.583550003 0
33 W -409.501789369 0
33 Y -406.555314038 0
34 A -410.76042687 0
34 C -408.955825726 0
34 D -409.564071503 0
34 E -407.230519497 0
34 F -415.802015187 0
34 G -406.444930566 0
34 H -413.363512142 0
34 I -381.836341549 0
34 K -410.181375973 0
34 L -391.616017978 0
34 M -411.932084239 0
34 N -409.669114068 0
34 P -270.762988426 0
34 Q -409.127588315 0
34 R -411.94569175 0
34 S -408.981509837 0
34 T -408.512974725 0
34 V -381.93451435 0
34 W -406.71229919 0
34 Y -415.701872557 1
35 A -411.228067856 0
35 C -409.315688631 0
35 D -403.660546589 0
35 E -397.081888843 0
35 F -293.992263288 0
35 G -407.670223577 0
35 H -395.831095553 0
35 I -410.732808899 0
35 K -407.282388455 0
35 L -406.670561347 0
35 M -407.688340353 0
35 N -407.757393793 0
35 P -282.044238939 0
35 Q -405.518831741 0
35 R -410.421474378 0
35 S -409.00360114 0
35 T -410.95805059 0
35 V -414.54453211 1
35 W -380.565995979 0
35 Y -402.241858227 0
36 A -408.114552775 0
36 C -405.415819386 0
36 D -407.614191276 0
36 E -408.83095547 0
36 F -408.424846772 0
36 G -406.887150443 0
36 H -409.923597868 0
36 I -409.614007213 0
36 K -409.217477782 0
36 L -408.884039827 0
36 M -408.446629111 0
36 N -408.079427778 1
36 P -227.350677254 0
36 Q -407.084236989 0
36 R -410.997864543 0
36 S -408.314040969 0
36 T -408.862755134 0
36 V -408.888741143 0
36 W -408.668053841 0
36 Y -408.170624003 0
37 A -399.277333739 0
37 C -396.338384289 0
37 D -397.942622296 0
37 E -398.900469112 0
37 F -397.131084025 0
37 G -397.750055831 0
37 H -398.559777298 0
37 I -395.267315277 0
37 K -399.890159768 0
37 L -400.23143457 0
37 M -398.789720936 0
37 N -399.207248383 1
37 P -236.360837916 0
37 Q -395.513491108 0
37 R -400.085496677 0
37 S -397.746460045 0
37 T -397.351727687 0
37 V -395.99718697 0
37 W -398.871573679 0
37 Y -397.281285753 0
38 A -403.013806515 0
38 C -400.386737031 0
38 D -397.640190943 0
38 E -400.393918611 0
38 F -398.811439535 0
38 G -399.287722047 0
38 H -402.701766254 0
38 I -338.881293917 0
38 K -398.195902877 0
38 L -407.632943327 1
38 M -402.757856581 0
38 N -399.388301646 0
38 P -55.3116068326 0
38 Q -401.731421943 0
38 R -398.359235287 0
38 S -401.028423965 0
38 T -403.374959476 0
38 V -386.993758146 0
38 W -372.777689338 0
38 Y -398.005146676 0
39 A -398.68732694 0
39 C -397.749510736 0
39 D -400.197106214 0
39 E -395.890632829 0
39 F -396.296227996 0
39 G -392.014856624 0
39 H -395.457905111 0
39 I -393.049713998 0
39 K -396.730685519 0
39 L -391.942156536 0
39 M -395.193281145 0
39 N -405.044387622 1
39 P -139.570622171 0
39 Q -394.896730525 0
39 R -396.477687785 0
39 S -397.765740775 0
39 T -398.052450453 0
39 V -399.246275579 0
39 W -389.631523197 0
39 Y -396.221017776 0
40 A -395.408462989 0
40 C -392.883527113 0
40 D -397.081619575 0
40 E -396.507067785 0
40 F -391.95640101 0
40 G -394.008153642 0
40 H -395.096322389 0
40 I -396.969562969 0
40 K -395.767009475 0
40 L -396.646737746 0
40 M -394.6767222 0
40 N -395.33352506 0
40 P -162.437762064 0
40 Q -394.332390318 0
40 R -395.565477568 0
40 S -395.831653744 0
40 T -395.808267453 0
40 V -396.375530519 1
40 W -392.484710083 0
40 Y -391.779385464 0
41 A -405.691559967 0
41 C -405.271948134 0
41 D -408.602317864 0
41 E -408.162204139 0
41 F -400.647694538 0
41 G -402.281427465 0
41 H -407.510887348 0
41 I -407.950514025 0
41 K -399.560420192 0
41 L -396.750704467 0
41 M -406.465187952 0
41 N -409.736373123 0
41 P -116.723417556 0
41 Q -406.214727686 0
41 R -402.965290441 0
41 S -402.669557328 0
41 T -409.35761881 1
41 V -408.623388093 0
41 W -402.847053738 0
41 Y -400.583656941 0
42 A -397.320455393 0
42 C -397.541822036 0
42 D -398.434694517 0
42 E -406.250117222 1
42 F -396.710973489 0
42 G -395.154344698 0
42 H -398.18270312 0
42 I -401.114494933 0
42 K -403.395118545 0
42 L -402.099510023 0
42 M -399.048750472 0
42 N -398.371734708 0
42 P -189.06854448 0
42 Q -399.445159376 0
42 R -398.435518236 0
42 S -397.898522476 0
42 T -398.501878032 0
42 V -399.960210691 0
42 W -398.720532574 0
42 Y -396.048754785 0
43 A -393.246231754 0
43 C -390.64116498 0
43 D -392.451052791 0
43 E -393.290769869 1
43 F -392.226213044 0
43 G -392.042060337 0
43 H -393.79791944 0
43 I -393.650947938 0
43 K -393.979468723 0
43 L -393.705869049 0
43 M -392.995246162 0
43 N -392.576039448 0
43 P -193.417590536 0
43 Q -396.559788884 0
43 R -393.340392765 0
43 S -393.007977388 0
43 T -393.747283328 0
43 V -392.491003157 0
43 W -393.067776393 0
43 Y -392.037375363 0
44 A -397.327137388 0
44 C -394.513058521 0
44 D -396.581236176 0
44 E -397.911030918 0
44 F -394.729955417 0
44 G -394.783605504 0
44 H -396.767948426 0
44 I -394.660933955 0
44 K -398.336074947 1
44 L -399.167181198 0
44 M -397.258482868 0
44 N -396.954824471 0
44 P -181.250734127 0
44 Q -397.004687983 0
44 R -402.308933661 0
44 S -395.90449797 0
44 T -393.728739421 0
44 V -395.204727232 0
44 W -397.351158273 0
44 Y -394.591841612 0
45 A -395.446462631 0
45 C -393.674617433 0
45 D -395.521902618 0
45 E -396.261232488 0
45 F -401.349803117 0
45 G -393.097988 0
45 H -399.075496496 0
45 I -398.135280384 0
45 K -396.758119144 0
45 L -400.073040878 0
45 M -397.944726468 0
45 N -395.780864844 0
45 P -97.5619042698 0
45 Q -395.000551048 0
45 R -396.791495229 0
45 S -396.279615978 0
45 T -397.30230568 0
45 V -396.467740704 0
45 W -400.681657367 0
45 Y -400.345340868 1
46 A -396.749193765 0
46 C -394.331232833 0
46 D -396.19415462 0
46 E -397.028941335 0
46 F -396.18739092 0
46 G -395.308939642 0
46 H -396.361829826 0
46 I -396.072434323 0
46 K -397.686763386 0
46 L -398.218740099 0
46 M -396.472478215 0
46 N -396.840184482 0
46 P -120.05601669 0
46 Q -396.074510679 1
46 R -397.914425485 0
46 S -395.890812903 0
46 T -396.059059527 0
46 V -394.807303924 0
46 W -395.590299453 0
46 Y -396.189010428 0
47 A -393.977144915 0
47 C -391.407329968 0
47 D -395.507970384 0
47 E -395.315457533 1
47 F -390.502971209 0
47 G -393.123643026 0
47 H -393.565302724 0
47 I -395.073239203 0
47 K -394.920892407 0
47 L -394.326722365 0
47 M -393.163754369 0
47 N -393.509660047 0
47 P -183.816247614 0
47 Q -394.304984917 0
47 R -395.872492047 0
47 S -394.114529166 0
47 T -394.563385387 0
47 V -394.290668655 0
47 W -392.938252215 0
47 Y -390.412376272 0
48 A -399.155935135 1
48 C -395.380671452 0
48 D -395.195247679 0
48 E -391.503236241 0
48 F -392.400043422 0
48 G -390.716660203 0
48 H -394.283951032 0
48 I -383.856656892 0
48 K -390.486133177 0
48 L -367.460956116 0
48 M -393.651121014 0
48 N -395.327772933 0
48 P -201.596877913 0
48 Q -391.959071764 0
48 R -390.816473921 0
48 S -396.028002934 0
48 T -393.154776602 0
48 V -359.570815471 0
48 W -388.321157477 0
48 Y -391.498848405 0
49 A -393.674445116 0
49 C -389.422819614 0
49 D -391.247394932 0
49 E -393.230604239 0
49 F -392.252100495 0
49 G -391.061897627 0
49 H -394.699309635 0
49 I -331.026786894 0
49 K -393.270124637 0
49 L -394.489003459 1
49 M -391.938910839 0
49 N -391.107605141 0
49 P -15.5979586346 0
49 Q -391.610511035 0
49 R -393.208110198 0
49 S -392.235182083 0
49 T -393.591759476 0
49 V -388.806068266 0
49 W -392.771428296 0
49 Y -392.11782919 0
50 A -394.039788191 1
50 C -391.57382477 0
50 D -395.641594558 0
50 E -394.238650803 0
50 F -390.041297759 0
50 G -392.35643786 0
50 H -392.745920006 0
50 I -392.125170869 0
50 K -393.518100836 0
50 L -393.601574888 0
50 M -392.233899121 0
50 N -394.316434471 0
50 P -99.354938092 0
50 Q -391.983383259 0
50 R -393.438039007 0
50 S -392.630243999 0
50 T -392.430923193 0
50 V -390.070164728 0
50 W -392.001757545 0
50 Y -390.860150434 0
51 A -391.404593625 0
51 C -389.038806726 0
51 D -390.942100863 0
51 E -391.206072498 0
51 F -389.665685099 0
51 G -389.946833134 0
51 H -391.057330443 0
51 I -386.098818255 0
51 K -392.85444112 1
51 L -392.270183994 0
51 M -390.594618957 0
51 N -391.963517881 0
51 P -224.952951514 0
51 Q -390.778130976 0
51 R -392.682992592 0
51 S -390.953713325 0
51 T -389.452045256 0
51 V -386.573960891 0
51 W -389.924682071 0
51 Y -389.614497539 0
52 A -385.535463347 0
52 C -384.714528891 0
52 D -387.323421184 0
52 E -386.763906994 0
52 F -385.298450182 0
52 G -390.137501869 1
52 H -387.504783067 0
52 I -358.824457677 0
52 K -388.246008242 0
52 L -386.761820194 0
52 M -385.386831224 0
52 N -388.828308923 0
52 P -260.790833748 0
52 Q -386.565417139 0
52 R -387.585787954 0
52 S -385.503191472 0
52 T -379.431794648 0
52 V -362.494606625 0
52 W -384.624200953 0
52 Y -385.45609419 0
53 A -383.367866034 0
53 C -381.146252358 0
53 D -390.090864109 1
53 E -380.999296442 0
53 F -379.963627139 0
53 G -376.83122143 0
53 H -377.963408188 0
53 I -382.23117283 0
53 K -382.589217399 0
53 L -380.763422716 0
53 M -380.942218036 0
53 N -386.079554575 0
53 P -114.132161225 0
53 Q -382.789071326 0
53 R -381.424198045 0
53 S -381.358795895 0
53 T -380.226432232 0
53 V -382.891108103 0
53 W -379.813132529 0
53 Y -378.251879801 0
54 A -385.582253267 0
54 C -383.015383844 0
54 D -385.866858948 0
54 E -387.472067689 0
54 F -384.444406252 0
54 G -384.334274308 0
54 H -385.604601433 0
54 I -386.964071074 0
54 K -386.938933345 0
54 L -387.536314488 0
54 M -386.238445214 0
54 N -385.687579502 0
54 P -354.717657415 0
54 Q -385.177900369 0
54 R -386.442695157 0
54 S -386.399288965 0
54 T -386.10055132 0
54 V -386.93363066 1
54 W -385.568932487 0
54 Y -384.461254774 0
55 A -390.9544857 0
55 C -387.910013235 0
55 D -392.470179992 0
55 E -392.311326838 0
55 F -390.561216395 0
55 G -390.35944924 0
55 H -391.372151917 0
55 I -391.111434344 0
55 K -391.997547521 0
55 L -391.525638614 0
55 M -390.496301182 0
55 N -391.00063824 0
55 P -377.438516644 0
55 Q -390.048681622 0
55 R -391.6947423 0
55 S -391.575717683 0
55 T -391.473284135 1
55 V -391.035601499 0
55 W -392.062803691 0
55 Y -390.3863104 0
56 A -392.75705855 1
56 C -389.150712212 0
56 D -388.042569147 0
56 E -392.181974656 0
56 F -385.78595697 0
56 G -389.972897894 0
56 H -389.1584945 0
56 I -391.325217819 0
56 K -391.401810597 0
56 L -393.150764802 0
56 M -393.327704365 0
56 N -388.791687042 0
56 P -323.740113583 0
56 Q -390.697456063 0
56 R -392.805764328 0
56 S -391.27019132 0
56 T -392.443912743 0
56 V -392.169512195 0
56 W -388.384975085 0
56 Y -384.32056081 0
57 A -391.468650604 0
57 C -392.536795685 0
57 D -388.093261109 0
57 E -390.808072521 0
57 F 40.1397380456 0
57 G -388.653918987 0
57 H -304.01815741 0
57 I -360.862699887 0
57 K -390.875299055 0
57 L -395.506222994 0
57 M -393.380676581 0
57 N -391.489656096 0
57 P -241.059370312 0
57 Q -393.204332627 1
57 R -394.419432588 0
57 S -389.589449547 0
57 T -391.239902011 0
57 V -362.407633847 0
57 W -100.319585642 0
57 Y -260.203421029 0
58 A -390.796165617 0
58 C -389.015578059 0
58 D -391.443711899 0
58 E -392.808056549 0
58 F -390.037652799 0
58 G -389.838086563 0
58 H -391.36827013 0
58 I -392.449519981 1
58 K -392.605178991 0
58 L -393.386426108 0
58 M -390.93462594 0
58 N -391.29407939 0
58 P -137.778814012 0
58 Q -391.378689726 0
58 R -392.95916628 0
58 S -390.949768526 0
58 T -390.807612959 0
58 V -391.637861606 0
58 W -391.037674288 0
58 Y -389.991741008 0
59 A -391.712119415 1
59 C -389.179432091 0
59 D -390.521357405 0
59 E -391.113817141 0
59 F -388.853906558 0
59 G -389.915993825 0
59 H -390.166939268 0
59 I -388.839125494 0
59 K -391.240292144 0
59 L -390.402914108 0
59 M -389.843171436 0
59 N -390.967348245 0
59 P -78.7808069694 0
59 Q -389.762710891 0
59 R -391.152961451 0
59 S -390.066835917 0
59 T -390.336436074 0
59 V -382.845510208 0
59 W -388.493832836 0
59 Y -388.766534705 0
60 A -389.820386379 0
60 C -388.164567623 0
60 D -388.865154337 0
60 E -390.380369781 0
60 F -391.818517137 0
60 G -386.988261514 0
60 H -390.880435469 0
60 I -389.050969432 0
60 K -388.165590578 0
60 L -395.266895832 1
60 M -391.71821443 0
60 N -390.288945263 0
60 P -248.352473696 0
60 Q -389.532431078 0
60 R -388.89039016 0
60 S -388.960504155 0
60 T -388.187562284 0
60 V -386.710024347 0
60 W -386.865398152 0
60 Y -391.833935291 0
61 A -405.097532984 0
61 C -393.162077846 0
61 D -395.615590679 0
61 E -395.922880675 0
61 F -395.998187701 0
61 G -396.358530873 0
61 H -396.18972547 0
61 I -395.196501417 0
61 K -395.919333763 0
61 L -405.039705849 0
61 M -394.454222335 0
61 N -394.598903911 0
61 P -101.88645577 0
61 Q -395.372717646 1
61 R -394.838036452 0
61 S -395.488803421 0
61 T -394.99609001 0
61 V -395.686030497 0
61 W -395.390125881 0
61 Y -395.735242951 0
62 A -408.611660512 0
62 C -405.16227427 0
62 D -410.007835933 0
62 E -410.472241512 0
62 F -408.169120905 0
62 G -408.281934453 0
62 H -408.703746653 0
62 I -408.478615669 0
62 K -409.554437552 0
62 L -408.475404326 0
62 M -407.756016678 0
62 N -408.178116501 0
62 P -397.445323473 1
62 Q -407.375030082 0
62 R -409.320427034 0
62 S -409.374251561 0
62 T -408.984874835 0
62 V -408.466980352 0
62 W -410.306810379 0
62 Y -408.664817022 0
63 A -397.05586461 1
63 C -393.694607214 0
63 D -398.271915378 0
63 E -398.499461849 0
63 F -395.796730107 0
63 G -394.69771701 0
63 H -396.666477789 0
63 I -400.230147851 0
63 K -397.348279921 0
63 L -398.278232454 0
63 M -396.469608258 0
63 N -397.073905405 0
63 P -364.677062829 0
63 Q -396.481880392 0
63 R -397.574168044 0
63 S -396.706561712 0
63 T -400.531490641 0
63 V -400.32079514 0
63 W -400.62446329 0
63 Y -395.233397715 0
64 A -394.113250056 0
64 C -392.245776481 0
64 D -392.847200582 0
64 E -394.857921633 0
64 F -394.474224108 0
64 G -390.880160212 0
64 H -395.69721909 0
64 I -379.471782125 0
64 K -395.472977425 0
64 L -398.134884674 1
64 M -396.456575298 0
64 N -393.221383436 0
64 P -122.616262501 0
64 Q -394.217117397 0
64 R -396.021991225 0
64 S -393.878862265 0
64 T -395.736403001 0
64 V -394.469276321 0
64 W -398.319859018 0
64 Y -395.601892963 0
65 A -395.476337121 0
65 C -393.176625365 0
65 D -397.148368936 0
65 E -396.116003208 0
65 F -394.851233183 0
65 G -394.272208956 0
65 H -395.940676991 0
65 I -397.295420405 0
65 K -397.092012589 1
65 L -397.378062301 0
65 M -396.758617646 0
65 N -395.755372652 0
65 P -223.502724572 0
65 Q -396.102011787 0
65 R -397.688540112 0
65 S -395.464840376 0
65 T -396.773249369 0
65 V -396.70170145 0
65 W -397.074237093 0
65 Y -394.740120202 0
66 A -392.245927968 0
66 C -389.670833985 0
66 D -392.06013992 0
66 E -394.381890323 0
66 F -394.906396602 1
66 G -390.558326897 0
66 H -394.60880828 0
66 I -393.236223065 0
66 K -393.339437838 0
66 L -393.444403868 0
66 M -393.660431392 0
66 N -392.280811123 0
66 P -134.633588761 0
66 Q -391.681266643 0
66 R -396.082314487 0
66 S -391.947814695 0
66 T -393.618613353 0
66 V -392.121958593 0
66 W -395.772155418 0
66 Y -395.425077256 0
67 A -399.658569453 0
67 C -397.203548271 0
67 D -399.775287967 0
67 E -392.465059042 0
67 F -401.000697407 0
67 G -395.754358302 0
67 H -400.38657303 0
67 I -333.996954442 0
67 K -393.258021212 0
67 L -366.862684058 0
67 M -396.443654309 0
67 N -400.88287832 1
67 P -278.963774821 0
67 Q -390.151875966 0
67 R -397.187446289 0
67 S -398.121943799 0
67 T -397.5204939 0
67 V -394.624081074 0
67 W -394.499342225 0
67 Y -400.053579346 0
68 A -394.278103908 0
68 C -391.412383108 0
68 D -397.153138434 0
68 E -394.678110941 0
68 F -398.402824248 0
68 G -393.727371569 1
68 H -399.135888844 0
68 I -382.627070508 0
68 K -396.17769587 0
68 L -401.693410982 0
68 M -394.092393726 0
68 N -393.921051874 0
68 P 0.996535105365 0
68 Q -394.012632375 0
68 R -395.246053801 0
68 S -393.17591433 0
68 T -393.797978979 0
68 V -381.637080941 0
68 W -398.906869458 0
68 Y -398.349480503 0
69 A -280.016954963 0
69 C -209.811504328 0
69 D -150.402136151 0
69 E -143.365426174 0
69 F -82.050625371 0
69 G -394.510663643 1
69 H -161.972675337 0
69 I 284.255758455 0
69 K 113.020336354 0
69 L 64.6593361561 0
69 M 64.6985389314 0
69 N -185.694311063 0
69 P 45.9942784478 0
69 Q -122.67156133 0
69 R -132.026078548 0
69 S -281.61809583 0
69 T -210.71394206 0
69 V 163.100478233 0
69 W -37.9658095939 0
69 Y -91.162057761 0
70 A -401.348714492 0
70 C -324.68661447 0
70 D -368.397794236 0
70 E -104.178695251 0
70 F -75.5406799149 0
70 G -404.707340431 1
70 H -157.271027564 0
70 I -340.753242566 0
70 K -347.593402742 0
70 L -359.335241775 0
70 M -169.118418798 0
70 N -368.834340032 0
70 P -135.475598047 0
70 Q 155.762323264 0
70 R -370.718438389 0
70 S -388.272328912 0
70 T -364.5486641 0
70 V -336.619746507 0
70 W -296.451615621 0
70 Y -341.926354752 0
71 A -401.678487987 0
71 C -401.443806531 0
71 D -403.760889123 0
71 E -401.490011037 0
71 F -405.708565607 0
71 G -399.087883661 0
71 H -407.738578721 1
71 I -321.338695277 0
71 K -402.678890428 0
71 L -392.803688261 0
71 M -404.571189314 0
71 N -404.832124139 0
71 P -191.205920711 0
71 Q -401.482171129 0
71 R -402.303304739 0
71 S -403.769968518 0
71 T -405.2015474 0
71 V -406.691296355 0
71 W -404.843384684 0
71 Y -405.627239649 0
72 A -401.11523602 0
72 C -398.154434275 0
72 D -400.258778416 0
72 E -406.00851511 0
72 F -399.137226842 0
72 G -399.3195197 0
72 H -405.829128132 0
72 I -402.928590956 1
72 K -401.328771428 0
72 L -406.031905908 0
72 M -404.748622734 0
72 N -400.506220516 0
72 P -209.151885855 0
72 Q -403.994081488 0
72 R -403.405920367 0
72 S -400.903085371 0
72 T -401.85363456 0
72 V -401.647403451 0
72 W -399.938014286 0
72 Y -402.319961242 0
73 A -388.265637558 0
73 C -387.528926724 0
73 D -385.476313062 0
73 E -383.588195642 0
73 F -271.653000741 0
73 G -384.34783459 0
73 H -313.538689778 0
73 I -379.945004174 0
73 K -363.612472585 0
73 L -365.690119691 0
73 M -390.399718855 0
73 N -390.089248134 1
73 P -176.233855048 0
73 Q -386.961443608 0
73 R -294.713492857 0
73 S -386.583252251 0
73 T -387.105232997 0
73 V -385.403228512 0
73 W -23.3273535973 0
73 Y -170.74492432 0
74 A -400.368874442 0
74 C -401.74349257 0
74 D -404.377572116 0
74 E -402.817912224 0
74 F -404.283022697 0
74 G -396.674887346 0
74 H -405.417322711 1
74 I -403.80128275 0
74 K -394.165401299 0
74 L -407.863556407 0
74 M -404.580046457 0
74 N -403.074372764 0
74 P -236.739338971 0
74 Q -402.568397892 0
74 R -394.434688882 0
74 S -399.978752087 0
74 T -401.090986691 0
74 V -402.42503371 0
74 W -384.066685862 0
74 Y -402.53568664 0
75 A -403.384969718 0
75 C -400.070094971 0
75 D -401.325188035 0
75 E -402.760158787 0
75 F -400.212652392 0
75 G -400.782149986 0
75 H -402.157466778 0
75 I -374.505707562 0
75 K -402.760248013 0
75 L -403.250165333 0
75 M -401.776498041 0
75 N -400.834421342 0
75 P -123.345627776 0
75 Q -401.080574108 0
75 R -401.950898588 0
75 S -401.85041583 1
75 T -403.066862806 0
75 V -397.526038303 0
75 W -401.22140725 0
75 Y -400.191032737 0
76 A -385.73851013 0
76 C -384.874511593 0
76 D -386.009391474 0
76 E -388.139356518 0
76 F -388.857313629 0
76 G -383.089336923 0
76 H -389.09081813 0
76 I -391.022243633 1
76 K -386.185688387 0
76 L -384.703458879 0
76 M -387.248933035 0
76 N -386.387071175 0
76 P -236.124890594 0
76 Q -386.136116654 0
76 R -387.172645969 0
76 S -384.421246464 0
76 T -387.633448091 0
76 V -389.015459024 0
76 W -386.504070346 0
76 Y -388.860474856 0
77 A -382.53239202 0
77 C -381.65388527 0
77 D -383.117367506 0
77 E -384.347808695 0
77 F -392.375390827 1
77 G -380.64647967 0
77 H -388.391071041 0
77 I -325.704970631 0
77 K -382.841350365 0
77 L -389.149289641 0
77 M -384.625362629 0
77 N -383.946858569 0
77 P -95.7905334987 0
77 Q -383.930043944 0
77 R -390.67557696 0
77 S -383.232449962 0
77 T -380.394898449 0
77 V -316.932284221 0
77 W -375.607769412 0
77 Y -388.065336959 0
78 A -385.295921124 0
78 C -384.111807101 0
78 D -394.903212215 0
78 E -395.930658333 0
78 F -400.831291889 0
78 G -382.752363991 0
78 H -400.800697139 0
78 I -395.913983143 0
78 K -395.205850588 0
78 L -394.098236022 0
78 M -400.788196162 0
78 N -395.803700104 0
78 P -237.454388154 0
78 Q -393.869329628 0
78 R -391.262451975 0
78 S -384.719465994 0
78 T -392.332184587 0
78 V -394.043524744 0
78 W -405.959857953 1
78 Y -396.700650652 0
79 A -388.441907188 0
79 C -385.495479325 0
79 D -387.990289929 0
79 E -389.318549468 0
79 F -387.733796563 0
79 G -387.101376145 0
79 H -389.058273301 0
79 I -381.727991314 0
79 K -388.610729438 0
79 L -388.905647671 0
79 M -387.915516385 0
79 N -388.565761734 0
79 P -281.023275587 0
79 Q -388.775379962 0
79 R -388.700302916 0
79 S -388.766170981 0
79 T -389.621450445 1
79 V -382.821584084 0
79 W -388.714173995 0
79 Y -387.448472548 0
80 A -390.99025471 0
80 C -391.539983856 0
80 D -390.461129651 0
80 E -380.486128415 0
80 F -293.656478483 0
80 G -388.233718031 0
80 H -378.407706911 0
80 I -384.536924071 0
80 K -374.049381553 0
80 L -370.337722376 0
80 M -362.532730789 0
80 N -393.135701204 1
80 P -135.830819903 0
80 Q -373.984494729 0
80 R -324.331441044 0
80 S -389.776804736 0
80 T -388.405436878 0
80 V -387.494698067 0
80 W -293.395674145 0
80 Y -297.465695918 0
81 A -380.571820835 0
81 C -384.326262682 0
81 D -380.635175974 0
81 E -386.735295526 0
81 F -381.035231109 0
81 G -376.956464251 0
81 H -383.976358126 0
81 I -386.996775342 0
81 K -377.852869153 0
81 L -392.686102852 1
81 M -389.261042875 0
81 N -385.741255875 0
81 P -318.584594114 0
81 Q -385.874750794 0
81 R -378.099522601 0
81 S -380.410650508 0
81 T -385.71388799 0
81 V -384.741835514 0
81 W -371.004471313 0
81 Y -371.85406707 0
82 A -388.754719401 0
82 C -392.65882341 0
82 D -387.556114938 0
82 E -392.644420599 0
82 F -385.09632706 0
82 G -384.062433955 0
82 H -368.596386139 0
82 I -363.113277949 0
82 K -385.053456706 0
82 L -394.035922926 0
82 M -381.236236474 0
82 N -386.761738561 0
82 P -266.110775662 0
82 Q -391.677053219 0
82 R -392.812029053 0
82 S -390.26711269 1
82 T -368.886371903 0
82 V -354.043949926 0
82 W -369.845015354 0
82 Y -383.954993153 0
83 A -388.448437906 0
83 C -386.160915222 0
83 D -388.422480828 0
83 E -389.24033359 0
83 F -296.42939611 0
83 G -386.560397623 0
83 H -379.861068763 0
83 I -371.660091854 0
83 K -389.559442509 0
83 L -372.237598079 0
83 M -387.040533172 0
83 N -387.692429126 0
83 P -389.739556939 1
83 Q -388.984807303 0
83 R -389.323480532 0
83 S -389.45965089 0
83 T -387.671052442 0
83 V -366.628968463 0
83 W -386.328236467 0
83 Y -296.883667965 0
84 A -385.03641826 0
84 C -384.169990287 0
84 D -387.565996757 0
84 E -386.963034667 0
84 F -385.994176384 0
84 G -385.29658604 0
84 H -388.18973059 0
84 I -392.262781724 0
84 K -387.104934652 0
84 L -387.033455963 0
84 M -385.620345711 0
84 N -387.637725375 1
84 P -350.809649109 0
84 Q -385.698503958 0
84 R -386.962119565 0
84 S -386.679572436 0
84 T -387.412797838 0
84 V -384.37188494 0
84 W -385.476402427 0
84 Y -385.855211591 0
85 A -312.660256246 0
85 C -199.730775944 0
85 D -270.836011615 0
85 E -189.678449006 0
85 F -56.317884838 0
85 G -389.044250625 1
85 H -179.730365757 0
85 I 444.448984223 0
85 K -132.053016113 0
85 L 118.353527503 0
85 M -167.211002708 0
85 N -238.201341939 0
85 P -25.3002122733 0
85 Q -132.186970234 0
85 R -198.634104207 0
85 S -290.929429195 0
85 T -233.004535365 0
85 V 85.7459645957 0
85 W 175.013537183 0
85 Y -17.2284426139 0
86 A -341.395303595 0
86 C -338.790062613 0
86 D -339.237808152 0
86 E -321.439503969 0
86 F 1863.68858592 0
86 G -389.349052698 1
86 H -284.704210483 0
86 I 178.078555701 0
86 K -324.689354853 0
86 L 951.227240505 0
86 M -320.741111955 0
86 N -337.360089619 0
86 P -285.97948302 0
86 Q 268.955786793 0
86 R -331.870439061 0
86 S -345.087373196 0
86 T -170.632706563 0
86 V 161.421403404 0
86 W -236.777642276 0
86 Y -241.356603924 0
87 A -376.074889835 0
87 C -367.802439232 0
87 D -378.978577638 0
87 E -371.295515452 0
87 F -369.523527468 0
87 G -387.123991864 1
87 H -371.544851967 0
87 I -346.111655673 0
87 K -377.269918539 0
87 L -370.234688691 0
87 M -368.437509775 0
87 N -374.594480635 0
87 P -319.792472767 0
87 Q -372.51086569 0
87 R -368.800392898 0
87 S -382.095684585 0
87 T -366.196392223 0
87 V -345.902164224 0
87 W -369.956456809 0
87 Y -370.138324678 0
88 A -386.70439173 0
88 C -384.237108397 0
88 D -382.543108867 0
88 E -389.490063724 1
88 F -385.920315641 0
88 G -382.238822834 0
88 H -386.837395296 0
88 I -388.681512992 0
88 K -390.005621097 0
88 L -388.708864998 0
88 M -388.136040773 0
88 N -384.76254861 0
88 P -373.731164428 0
88 Q -388.561225717 0
88 R -389.285979664 0
88 S -386.210618606 0
88 T -388.814453625 0
88 V -389.30240166 0
88 W -377.7654201 0
88 Y -385.975681728 0
89 A -392.324545336 0
89 C -389.924990552 0
89 D -384.404495995 0
89 E -384.345350307 0
89 F -79.7841500632 0
89 G -382.017119029 0
89 H -372.792931584 0
89 I -379.393885297 0
89 K -376.568019498 0
89 L -355.565176456 0
89 M -387.744691714 0
89 N -373.952891686 0
89 P -397.423830435 1
89 Q -384.088095806 0
89 R -345.585361593 0
89 S -391.917975469 0
89 T -386.761500537 0
89 V -388.018597329 0
89 W -269.820008212 0
89 Y -219.3472744 0
90 A -388.754365676 0
90 C -388.133533425 0
90 D -391.514871332 0
90 E -390.684134177 0
90 F -397.369888232 0
90 G -389.037153745 0
90 H -390.184619825 0
90 I -391.058261127 0
90 K -391.566100014 1
90 L -390.671583584 0
90 M -389.121441554 0
90 N -389.250300507 0
90 P -376.443159466 0
90 Q -390.417044315 0
90 R -390.636965669 0
90 S -391.346482754 0
90 T -392.144401443 0
90 V -391.413844139 0
90 W -397.611653154 0
90 Y -389.75104427 0
91 A -382.952224686 0
91 C -372.933641482 0
91 D -383.756818971 0
91 E -376.709168589 0
91 F -374.10302211 0
91 G -391.827157683 1
91 H -376.355024279 0
91 I -345.203574303 0
91 K -384.72949728 0
91 L -376.065905065 0
91 M -374.562369511 0
91 N -384.335865069 0
91 P -320.333002962 0
91 Q -381.364102031 0
91 R -374.910497842 0
91 S -387.652230338 0
91 T -371.97833625 0
91 V -341.306843915 0
91 W -374.020237712 0
91 Y -374.549440824 0
92 A -398.876091862 0
92 C -397.901819308 0
92 D -400.814329731 0
92 E -402.321150599 1
92 F -396.079329953 0
92 G -396.726765538 0
92 H -398.177229694 0
92 I -398.718238514 0
92 K -399.644651864 0
92 L -398.978334924 0
92 M -398.262361256 0
92 N -398.714432736 0
92 P -398.318290128 0
92 Q -398.756186449 0
92 R -398.648647026 0
92 S -400.276617317 0
92 T -398.50451175 0
92 V -398.790853692 0
92 W -396.443263504 0
92 Y -396.076465701 0
93 A -390.674020644 0
93 C -389.663152007 0
93 D -389.420215206 0
93 E -390.981993962 0
93 F -394.82117954 0
93 G -384.589893264 0
93 H -394.816865279 0
93 I -389.177121042 0
93 K -384.715199053 0
93 L -396.789327178 1
93 M -396.189592187 0
93 N -390.783294009 0
93 P -352.589595214 0
93 Q -391.10515551 0
93 R -373.26079924 0
93 S -389.655223525 0
93 T -392.091819909 0
93 V -386.545360588 0
93 W -366.304000291 0
93 Y -391.678180904 0
94 A -395.905591391 0
94 C -391.52971175 0
94 D -392.684898501 0
94 E -392.017963336 0
94 F -388.918661651 0
94 G -392.777529487 0
94 H -394.188400588 0
94 I -371.783737826 0
94 K -393.521718781 0
94 L -398.088663205 1
94 M -393.175280162 0
94 N -392.863229314 0
94 P -273.686794631 0
94 Q -393.244332688 0
94 R -392.900899835 0
94 S -393.628227627 0
94 T -386.44496588 0
94 V -366.891371105 0
94 W -391.693090067 0
94 Y -388.658146922 0
95 A -391.719680376 0
95 C -389.224230083 0
95 D -392.308544408 0
95 E -394.682622087 1
95 F -389.410496979 0
95 G -390.052222663 0
95 H -391.422973443 0
95 I -391.326923609 0
95 K -392.733953371 0
95 L -392.90961008 0
95 M -392.008867873 0
95 N -392.156677026 0
95 P -190.016868822 0
95 Q -391.1071597 0
95 R -392.230454286 0
95 S -391.127712078 0
95 T -390.863318704 0
95 V -391.252565597 0
95 W -389.990860675 0
95 Y -390.29270666 0
96 A -396.321530104 1
96 C -390.113190508 0
96 D -388.81558222 0
96 E -388.784092591 0
96 F -369.77288601 0
96 G -392.475079884 0
96 H -375.043972462 0
96 I -347.739277675 0
96 K -324.402778479 0
96 L -387.969878216 0
96 M -362.640082402 0
96 N -388.024587134 0
96 P -133.801673231 0
96 Q -386.873770519 0
96 R -362.474443976 0
96 S -395.821845587 0
96 T -394.876127042 0
96 V -347.590280609 0
96 W -368.785759777 0
96 Y -366.492388236 0
97 A -386.507790942 0
97 C -385.380524178 0
97 D -385.656715003 0
97 E -387.97465137 0
97 F -394.037958639 0
97 G -383.070441475 0
97 H -394.52604216 0
97 I -395.908450716 1
97 K -390.434452189 0
97 L -394.615541717 0
97 M -398.176475599 0
97 N -386.801340867 0
97 P -190.410917899 0
97 Q -388.839355135 0
97 R -388.356998311 0
97 S -384.895212009 0
97 T -389.063043197 0
97 V -391.874890827 0
97 W -390.290121832 0
97 Y -390.739492455 0
98 A -390.405058779 0
98 C -388.675379788 0
98 D -390.722053015 0
98 E -391.85239863 0
98 F -387.190346788 0
98 G -388.743156758 0
98 H -388.255446981 0
98 I -392.167702813 0
98 K -393.390693864 1
98 L -390.781987292 0
98 M -389.950593706 0
98 N -390.272138222 0
98 P -129.028332713 0
98 Q -389.676037704 0
98 R -391.845069128 0
98 S -389.612653018 0
98 T -390.111190274 0
98 V -391.92379736 0
98 W -389.387096939 0
98 Y -387.493181374 0
99 A -388.774748585 0
99 C -386.3338157 0
99 D -388.053058969 0
99 E -388.336643357 0
99 F -387.703234328 0
99 G -387.576576873 0
99 H -388.679749485 0
99 I -388.492608255 0
99 K -389.428299881 0
99 L -388.631571912 0
99 M -387.65067983 0
99 N -388.236585351 0
99 P -28.9932183711 0
99 Q -388.014867814 0
99 R -394.951893693 1
99 S -388.088436139 0
99 T -389.244814916 0
99 V -384.843499647 0
99 W -393.23213647 0
99 Y -387.458785674 0
100 A -385.1215655 0
100 C -384.102381343 0
100 D -391.10640021 1
100 E -383.406838994 0
100 F -374.15829036 0
100 G -383.042285595 0
100 H -377.182406606 0
100 I -386.604092662 0
100 K -382.653533433 0
100 L -384.617231373 0
100 M -384.8474119 0
100 N -387.334679848 0
100 P -222.583158584 0
100 Q -383.23177445 0
100 R -386.199735557 0
100 S -383.321184712 0
100 T -385.534784914 0
100 V -387.273275752 0
100 W -366.684518829 0
100 Y -375.376540399 0
101 A -384.32784872 0
101 C -384.441287212 0
101 D -385.568360538 0
101 E -387.176917007 0
101 F -393.839524863 1
101 G -381.911237573 0
101 H -390.29068565 0
101 I -360.493656305 0
101 K -383.003912102 0
101 L -383.521005096 0
101 M -387.456366902 0
101 N -387.164244739 0
101 P -175.509345221 0
101 Q -385.12164451 0
101 R -384.694500138 0
101 S -384.180110301 0
101 T -385.404208033 0
101 V -358.770441006 0
101 W -388.233480472 0
101 Y -391.411797023 0
102 A -382.785559394 0
102 C -376.330876049 0
102 D -383.687289905 0
102 E -384.576206465 0
102 F -383.934984688 0
102 G -393.05980535 1
102 H -383.999232264 0
102 I -377.58022645 0
102 K -383.833990734 0
102 L -382.259068773 0
102 M -380.156203198 0
102 N -384.034578018 0
102 P -337.524332492 0
102 Q -378.185705979 0
102 R -384.022877237 0
102 S -382.569429689 0
102 T -383.387544782 0
102 V -378.361700069 0
102 W -378.508334587 0
102 Y -382.150287521 0
103 A -388.494847697 0
103 C -384.759016259 0
103 D -389.968576572 0
103 E -386.228180117 0
103 F -362.379513297 0
103 G -387.952157277 0
103 H -389.185737846 0
103 I -371.56787524 0
103 K -383.080911585 0
103 L -380.576544697 0
103 M -382.649304402 0
103 N -388.237875775 0
103 P -337.202999867 0
103 Q -380.438820583 0
103 R -384.922205264 0
103 S -390.680214739 1
103 T -376.262495277 0
103 V -369.430189243 0
103 W -355.685331645 0
103 Y -364.058701388 0
104 A -386.133645252 0
104 C -382.887536585 0
104 D -384.175223449 0
104 E -387.257776184 0
104 F -391.791845381 1
104 G -382.833657189 0
104 H -388.37723061 0
104 I -388.699965991 0
104 K -379.588865339 0
104 L -381.133623564 0
104 M -390.060419114 0
104 N -384.259136809 0
104 P -383.699121606 0
104 Q -386.888657462 0
104 R -379.631740632 0
104 S -386.353613415 0
104 T -385.66460754 0
104 V -386.008187083 0
104 W -386.130286356 0
104 Y -389.253563442 0
105 A -388.810269378 0
105 C -386.34617097 0
105 D -391.985151043 1
105 E -391.719327479 0
105 F -387.264344051 0
105 G -387.643343028 0
105 H -389.343778972 0
105 I -389.227004846 0
105 K -390.064884811 0
105 L -389.96712304 0
105 M -388.833185846 0
105 N -390.33454953 0
105 P -371.589542429 0
105 Q -390.192279502 0
105 R -389.554018513 0
105 S -389.591070206 0
105 T -389.43691637 0
105 V -389.398148788 0
105 W -387.078513375 0
105 Y -387.301025626 0
106 A -393.498197158 0
106 C -389.830079921 0
106 D -391.55015838 0
106 E -392.489856807 0
106 F -391.161397613 0
106 G -391.962462987 0
106 H -392.793339681 0
106 I -391.545704399 0
106 K -392.266200611 1
106 L -393.642323298 0
106 M -391.619218226 0
106 N -392.168116715 0
106 P -325.029184373 0
106 Q -390.987252542 0
106 R -392.511225772 0
106 S -392.278034513 0
106 T -391.337831293 0
106 V -391.113931372 0
106 W -390.658297977 0
106 Y -390.924739712 0
107 A -382.85893698 0
107 C -381.539167856 0
107 D -380.373509848 0
107 E -381.455976726 0
107 F -393.4844417 1
107 G -380.542074968 0
107 H -386.836301023 0
107 I -284.769044343 0
107 K -377.372548187 0
107 L -383.245358088 0
107 M -386.716715542 0
107 N -382.931242674 0
107 P -127.231552332 0
107 Q -382.228982741 0
107 R -382.949546572 0
107 S -381.113796375 0
107 T -381.656395451 0
107 V -368.938635337 0
107 W -385.02776336 0
107 Y -388.506150896 0
108 A -390.352222996 0
108 C -389.784542039 0
108 D -386.722101549 0
108 E -390.286724174 0
108 F -381.747362848 0
108 G -386.832963465 0
108 H -373.598798775 0
108 I -375.75897103 0
108 K -392.270894009 1
108 L -387.463558549 0
108 M -392.119900625 0
108 N -390.444579576 0
108 P -104.497245539 0
108 Q -389.940286901 0
108 R -391.778219576 0
108 S -388.154527709 0
108 T -389.226693345 0
108 V -392.098507275 0
108 W -217.643339186 0
108 Y -374.936125003 0
109 A -391.350200981 0
109 C -388.810554443 0
109 D -390.739319922 0
109 E -391.764051411 1
109 F -390.413484766 0
109 G -390.027217628 0
109 H -391.478352221 0
109 I -391.260390064 0
109 K -391.771353156 0
109 L -391.278167548 0
109 M -390.057438493 0
109 N -390.729983553 0
109 P -114.61748451 0
109 Q -390.151945283 0
109 R -391.134513457 0
109 S -391.193700714 0
109 T -391.363513996 0
109 V -389.404795615 0
109 W -390.422484209 0
109 Y -390.312447197 0
110 A -392.235296612 0
110 C -389.67332266 0
110 D -393.716170201 0
110 E -393.20701789 0
110 F -389.759925396 0
110 G -389.430896299 0
110 H -387.967268326 0
110 I -386.91848335 0
110 K -392.635397719 1
110 L -393.91711497 0
110 M -392.667447278 0
110 N -391.95292371 0
110 P -180.536738366 0
110 Q -392.376564924 0
110 R -392.506698078 0
110 S -391.228980802 0
110 T -392.730604101 0
110 V -392.361147886 0
110 W -390.528747763 0
110 Y -385.88607749 0
111 A -385.633139533 0
111 C -383.015518484 0
111 D -382.288989337 0
111 E -384.179035874 0
111 F -379.001539239 0
111 G -381.511281112 0
111 H -387.400935521 0
111 I -383.487568709 0
111 K -378.549604088 0
111 L -393.058584381 1
111 M -386.783573489 0
111 N -383.34406776 0
111 P -205.817257571 0
111 Q -386.213453331 0
111 R -381.158937912 0
111 S -383.52533026 0
111 T -385.909497439 0
111 V -388.09837731 0
111 W -376.727313432 0
111 Y -369.492172813 0
112 A -389.15068923 0
112 C -386.4999719 0
112 D -390.352207143 0
112 E -391.390054365 0
112 F -389.85869191 0
112 G -387.214721011 0
112 H -390.476553049 0
112 I -389.503210759 0
112 K -390.711522223 0
112 L -392.701556555 0
112 M -391.71063529 0
112 N -389.503943548 0
112 P -80.0113232076 0
112 Q -390.110491817 0
112 R -390.887661751 0
112 S -388.691484681 0
112 T -391.68761567 1
112 V -388.191738092 0
112 W -392.318338207 0
112 Y -382.956397824 0
113 A -391.984080117 1
113 C -389.262217921 0
113 D -391.27410162 0
113 E -392.09799097 0
113 F -389.833583979 0
113 G -390.430341163 0
113 H -391.006503576 0
113 I -391.287229916 0
113 K -392.396883727 0
113 L -392.193200839 0
113 M -391.214899088 0
113 N -391.531647858 0
113 P -136.780716629 0
113 Q -391.592143881 0
113 R -393.568770827 0
113 S -391.221857577 0
113 T -391.365323458 0
113 V -389.030957259 0
113 W -390.747693104 0
113 Y -389.693376724 0
114 A -390.577340346 1
114 C -387.876729413 0
114 D -384.534888552 0
114 E -388.724911588 0
114 F -388.57061617 0
114 G -387.50246065 0
114 H -390.079077739 0
114 I -387.711677742 0
114 K -389.041062544 0
114 L -386.853715582 0
114 M -390.265945025 0
114 N -388.050888166 0
114 P -193.925267789 0
114 Q -388.323861099 0
114 R -389.141165909 0
114 S -389.333711736 0
114 T -391.144289919 0
114 V -390.406039713 0
114 W -389.231797837 0
114 Y -387.286766313 0
115 A -393.342109609 0
115 C -391.765724455 0
115 D -385.946346884 0
115 E -364.628718308 0
115 F -183.329116666 0
115 G -388.788219356 0
115 H -325.085825368 0
115 I -382.209572101 0
115 K -350.3964437 0
115 L -367.836914235 0
115 M -369.786193166 0
115 N -389.530584884 0
115 P -219.126070229 0
115 Q -310.71255523 0
115 R -374.608393873 0
115 S -391.467774156 1
115 T -386.405681159 0
115 V -378.735640666 0
115 W -208.69808355 0
115 Y -129.849263435 0
116 A -391.954442194 0
116 C -388.824842393 0
116 D -389.959729839 0
116 E -391.04455961 0
116 F -387.960937147 0
116 G -388.768753366 0
116 H -389.809760184 0
116 I -389.885969627 0
116 K -390.404790342 0
116 L -393.454072254 0
116 M -390.032693081 0
116 N -390.28747894 0
116 P -80.2802946214 0
116 Q -390.85993661 0
116 R -391.075736504 0
116 S -390.1814823 0
116 T -391.155646321 0
116 V -391.154001379 1
116 W -388.269064145 0
116 Y -387.942532569 0
117 A -396.270859478 0
117 C -394.574428692 0
117 D -395.285455964 0
117 E -394.789065716 0
117 F -393.885631743 0
117 G -395.903316798 1
117 H -396.027824109 0
117 I -388.855197094 0
117 K -395.785976663 0
117 L -395.748467953 0
117 M -395.013457317 0
117 N -396.974445853 0
117 P -72.4299109321 0
117 Q -394.411535868 0
117 R -396.245992712 0
117 S -395.728597686 0
117 T -389.821334589 0
117 V -386.455128287 0
117 W -396.620035723 0
117 Y -393.792379338 0
118 A -390.563657685 0
118 C -390.660978044 0
118 D -386.266954183 0
118 E -389.851236534 0
118 F -301.170010827 0
118 G -387.350773957 0
118 H -387.299820612 0
118 I -396.11282809 0
118 K -386.069983299 0
118 L -387.887043357 0
118 M -392.742346313 0
118 N -390.58626739 0
118 P -283.142429803 0
118 Q -391.340398467 0
118 R -385.11916524 0
118 S -389.451594517 0
118 T -391.644456289 0
118 V -394.569175976 1
118 W -356.697444309 0
118 Y -228.468870911 0
119 A -393.954089772 0
119 C -392.901694547 0
119 D -397.078060154 0
119 E -396.034594462 0
119 F -394.170942043 0
119 G -391.509881328 0
119 H -394.929238688 0
119 I -396.204827047 0
119 K -395.843326504 0
119 L -395.891084438 0
119 M -394.652814942 0
119 N -395.215016969 0
119 P -393.780133739 0
119 Q -394.79029702 1
119 R -395.309134156 0
119 S -395.811827444 0
119 T -394.755632881 0
119 V -395.779909766 0
119 W -393.321401473 0
119 Y -393.748857795 0
120 A -380.984169512 0
120 C -375.601090564 0
120 D -383.573988111 0
120 E -377.172111074 0
120 F -375.212345879 0
120 G -394.322166276 1
120 H -377.551353466 0
120 I -361.557009681 0
120 K -380.989552327 0
120 L -377.693340519 0
120 M -375.795954463 0
120 N -380.108070154 0
120 P -304.416861905 0
120 Q -378.68376086 0
120 R -376.314271258 0
120 S -389.607450731 0
120 T -374.712044682 0
120 V -361.527858356 0
120 W -373.846994294 0
120 Y -374.114066171 0
121 A -396.796281904 0
121 C -394.267422807 0
121 D -395.888362187 0
121 E -394.4235765 0
121 F -389.695946074 0
121 G -393.975214675 0
121 H -395.423024853 0
121 I -387.817684638 0
121 K -390.981676696 0
121 L -379.821621432 0
121 M -371.504095416 0
121 N -396.724882454 0
121 P -399.024532459 0
121 Q -393.853961551 0
121 R -391.634160564 0
121 S -396.188787292 1
121 T -393.796283146 0
121 V -393.019145732 0
121 W -385.9437757 0
121 Y -388.765464975 0
122 A -334.625015076 0
122 C 118.294118775 0
122 D -297.608298042 0
122 E 116.972899527 0
122 F 373.307784337 0
122 G -389.898236473 1
122 H 1279.33055885 0
122 I 275.933472259 0
122 K -102.200007614 0
122 L -215.623669406 0
122 M -122.393187569 0
122 N -2.2179060751 0
122 P -303.695743127 0
122 Q -275.619414947 0
122 R -193.917862035 0
122 S -324.69467085 0
122 T -243.431772343 0
122 V -192.577248258 0
122 W 1701.17986601 0
122 Y 410.657463503 0
123 A -376.931295842 0
123 C -377.39042011 0
123 D -374.257408123 0
123 E -375.887261844 0
123 F -384.022549333 0
123 G -373.65680192 0
123 H -382.217745162 0
123 I -380.983146078 0
123 K -377.510524102 0
123 L -383.271160487 0
123 M -381.548009747 0
123 N -377.17850346 0
123 P -338.881122337 0
123 Q -376.682959154 0
123 R -380.002582448 0
123 S -376.30413342 0
123 T -378.522445545 0
123 V -380.530949482 0
123 W -393.928635823 1
123 Y -384.66631749 0
124 A -386.721514542 0
124 C -381.78230821 0
124 D -372.202438005 0
124 E -367.289820041 0
124 F -121.810051979 0
124 G -389.820272532 1
124 H -264.905999029 0
124 I -353.803416299 0
124 K -68.0421178771 0
124 L -196.427665494 0
124 M -336.642853548 0
124 N -371.972616814 0
124 P -266.914801222 0
124 Q -340.965485228 0
124 R -7.5315902226 0
124 S -382.397059318 0
124 T -319.554952702 0
124 V -384.860131858 0
124 W -202.939726095 0
124 Y -119.995088499 0
125 A -376.150071897 0
125 C -375.330846956 0
125 D -374.582596438 0
125 E -376.178289361 0
125 F -383.089920672 0
125 G -371.442387187 0
125 H -380.669857648 0
125 I -358.184012227 0
125 K -376.986701803 0
125 L -378.78812627 0
125 M -377.166009345 0
125 N -377.030636652 0
125 P -318.090391806 0
125 Q -376.040982416 0
125 R -375.075941974 0
125 S -374.870849253 0
125 T -376.229675183 0
125 V -375.262861761 0
125 W -389.187206489 1
125 Y -379.176412951 0
126 A -379.112087346 0
126 C -380.02591312 0
126 D -380.43605651 0
126 E -389.6156878 0
126 F -371.817534185 0
126 G -374.283261062 0
126 H -377.028795355 0
126 I -370.91136611 0
126 K -381.071905995 0
126 L -389.334655302 1
126 M -392.532868368 0
126 N -381.400108647 0
126 P -286.473555855 0
126 Q -389.851471956 0
126 R -379.074803985 0
126 S -379.256984754 0
126 T -381.502486279 0
126 V -384.059080609 0
126 W -381.457082826 0
126 Y -362.26046869 0
127 A -383.513494637 0
127 C -375.053412691 0
127 D -295.58705269 0
127 E -327.076740866 0
127 F -342.155588456 0
127 G -388.168178955 1
127 H -349.214369613 0
127 I -335.338601261 0
127 K -301.337159182 0
127 L -164.68298438 0
127 M -304.975604167 0
127 N -374.036190135 0
127 P -339.328875889 0
127 Q -347.357536111 0
127 R -146.919840216 0
127 S -374.755804637 0
127 T -373.341027671 0
127 V -259.178193706 0
127 W -300.510446778 0
127 Y -335.560044055 0
128 A -386.474289875 0
128 C -383.928704543 0
128 D -385.043310193 0
128 E -389.154427442 0
128 F -395.801468811 1
128 G -378.58443634 0
128 H -393.918799718 0
128 I -384.175037441 0
128 K -389.647747885 0
128 L -394.614531992 0
128 M -392.384922904 0
128 N -385.712334204 0
128 P -267.374041938 0
128 Q -385.824915949 0
128 R -389.232207253 0
128 S -386.164440598 0
128 T -386.759167922 0
128 V -382.514223594 0
128 W -399.9543211 0
128 Y -395.533511036 0
129 A -389.858646953 0
129 C -386.712442528 0
129 D -396.095392289 0
129 E -385.863728378 0
129 F -365.005735495 0
129 G -385.908730097 0
129 H -378.319156544 0
129 I -361.05990733 0
129 K -383.313264565 0
129 L -389.242956867 0
129 M -388.312417583 0
129 N -396.879169601 1
129 P -214.485139307 0
129 Q -385.623750893 0
129 R -385.853311693 0
129 S -390.610971302 0
129 T -385.558672633 0
129 V -386.238728124 0
129 W -309.859835181 0
129 Y -367.054077846 0
130 A -394.767003541 0
130 C -390.447156658 0
130 D -393.719836913 0
130 E -395.283887456 0
130 F -394.926016878 0
130 G -392.346348173 0
130 H -394.423263305 0
130 I -393.854602289 0
130 K -398.767087306 1
130 L -395.346951147 0
130 M -393.452669296 0
130 N -392.384825294 0
130 P -374.323215154 0
130 Q -399.288444364 0
130 R -396.351688419 0
130 S -394.955674268 0
130 T -392.385917888 0
130 V -393.448916183 0
130 W -393.793701939 0
130 Y -392.087780504 0
131 A -391.45631533 0
131 C -387.746630023 0
131 D -392.288313322 0
131 E -392.510527833 1
131 F -388.893652795 0
131 G -389.938382291 0
131 H -391.147781317 0
131 I -390.823269769 0
131 K -391.923629303 0
131 L -391.275156204 0
131 M -390.327531332 0
131 N -390.911563151 0
131 P -374.376202037 0
131 Q -390.970548139 0
131 R -391.924798621 0
131 S -391.366730224 0
131 T -391.08403303 0
131 V -390.953934647 0
131 W -389.420178749 0
131 Y -388.864260261 0
132 A -392.708407786 0
132 C -391.67624708 0
132 D -391.92420698 0
132 E -391.21423332 0
132 F -389.855356751 0
132 G -392.38660087 0
132 H -391.863197031 0
132 I -389.115442066 0
132 K -393.558465757 0
132 L -393.975701412 0
132 M -391.61235229 0
132 N -392.703592106 0
132 P -361.47695224 0
132 Q -391.893509216 0
132 R -392.699697093 1
132 S -391.87970253 0
132 T -393.997783744 0
132 V -390.053754885 0
132 W -390.511840489 0
132 Y -389.878105363 0
133 A -395.366746818 0
133 C -394.28021176 0
133 D -403.750325087 0
133 E -394.022723539 0
133 F -395.444599786 0
133 G -401.351475479 1
133 H -397.752054411 0
133 I -361.72825217 0
133 K -398.239730324 0
133 L -396.83186751 0
133 M -395.60263238 0
133 N -399.309188867 0
133 P -338.121432032 0
133 Q -396.528407344 0
133 R -400.396141295 0
133 S -395.177823366 0
133 T -385.246001157 0
133 V -366.886833654 0
133 W -398.559167718 0
133 Y -395.356419636 0
134 A -396.163520299 0
134 C -396.221247618 0
134 D -393.937647748 0
134 E -396.747572115 0
134 F -393.901362918 0
134 G -394.316745575 0
134 H -396.447166937 1
134 I -398.513760291 0
134 K -396.663817044 0
134 L -395.858777444 0
134 M -396.89854644 0
134 N -394.64939798 0
134 P -264.263837402 0
134 Q -395.412398762 0
134 R -398.394147189 0
134 S -397.155457497 0
134 T -398.014308525 0
134 V -399.585140724 0
134 W -383.120366509 0
134 Y -394.535687186 0
135 A -385.464098202 0
135 C -387.26171746 0
135 D -386.768878644 0
135 E -387.588293249 0
135 F -387.781641628 0
135 G -381.407231631 0
135 H -385.420591366 0
135 I -380.723416159 0
135 K -376.30473814 0
135 L -397.123955041 1
135 M -384.330185457 0
135 N -388.529985708 0
135 P -370.564219124 0
135 Q -388.074282962 0
135 R -370.306120636 0
135 S -386.05232641 0
135 T -387.300586396 0
135 V -381.022566799 0
135 W -382.42183645 0
135 Y -376.541716372 0
136 A -385.356494822 0
136 C -383.646219159 0
136 D -386.127283386 0
136 E -386.429050562 0
136 F -385.505998161 0
136 G -381.194089778 0
136 H -386.725677695 0
136 I -383.241519804 0
136 K -385.69737114 0
136 L -387.094085866 0
136 M -385.333745373 0
136 N -386.467999385 0
136 P -332.425481993 0
136 Q -390.311992787 1
136 R -385.299616311 0
136 S -385.794757911 0
136 T -383.9288936 0
136 V -383.936767455 0
136 W -386.545838178 0
136 Y -387.960741156 0
137 A -378.565463627 0
137 C -379.777756974 0
137 D -379.040098775 0
137 E -377.663250923 0
137 F -376.148040355 0
137 G -375.980265946 0
137 H -377.78833886 0
137 I -388.408358357 1
137 K -376.531845895 0
137 L -386.847406547 0
137 M -376.57420104 0
137 N -381.277655974 0
137 P -375.813029108 0
137 Q -381.756900474 0
137 R -378.047758243 0
137 S -379.259809658 0
137 T -381.235666586 0
137 V -384.641327815 0
137 W -358.823354094 0
137 Y -269.932513764 0
138 A -388.508481831 1
138 C -385.283826555 0
138 D -387.136618337 0
138 E -389.768721529 0
138 F -383.243415591 0
138 G -384.999131412 0
138 H -387.58711352 0
138 I -383.187015873 0
138 K -385.774816144 0
138 L -374.588485988 0
138 M -386.753091533 0
138 N -386.226010267 0
138 P -351.505467684 0
138 Q -386.484486149 0
138 R -384.940402203 0
138 S -387.366353694 0
138 T -385.584566907 0
138 V -387.632965588 0
138 W -387.339595287 0
138 Y -381.927266021 0
139 A -389.95274354 1
139 C -386.818224586 0
139 D -387.445940232 0
139 E -393.100875965 0
139 F -389.373530774 0
139 G -386.837101596 0
139 H -389.610501643 0
139 I -392.10054092 0
139 K -394.925667747 0
139 L -391.019220697 0
139 M -390.653901428 0
139 N -387.887173842 0
139 P -374.494793411 0
139 Q -388.118936214 0
139 R -395.877393459 0
139 S -390.438076335 0
139 T -391.990452509 0
139 V -392.17133977 0
139 W -396.405090453 0
139 Y -389.407057473 0
140 A -391.363860876 0
140 C -389.878543996 1
140 D -389.208924621 0
140 E -391.820514348 0
140 F -342.451037453 0
140 G -384.636946782 0
140 H -370.296181603 0
140 I -361.553811812 0
140 K -390.539517737 0
140 L -391.006968091 0
140 M -389.96705748 0
140 N -391.289869347 0
140 P -365.774979442 0
140 Q -394.258980349 0
140 R -393.765466071 0
140 S -392.466190855 0
140 T -394.350103539 0
140 V -396.32814953 0
140 W -344.23401142 0
140 Y -361.068276673 0
141 A -387.030779486 0
141 C -389.815735886 0
141 D -394.619974114 0
141 E -392.803819103 0
141 F -393.882748525 0
141 G -386.759652041 0
141 H -394.489114268 0
141 I -389.803663316 0
141 K -392.520914866 0
141 L -395.220948369 0
141 M -391.435625265 0
141 N -394.008006952 0
141 P -387.231705554 1
141 Q -392.952605973 0
141 R -388.495432002 0
141 S -388.280780024 0
141 T -387.143638174 0
141 V -390.610528624 0
141 W -391.725505598 0
141 Y -393.807680127 0
142 A -385.597011116 0
142 C -373.629725637 0
142 D -387.60418101 0
142 E -378.595138874 0
142 F -375.165952579 0
142 G -388.264669699 0
142 H -377.120117702 0
142 I -366.7326324 0
142 K -387.310630723 0
142 L -378.693424571 0
142 M -376.532050314 0
142 N -387.829838356 1
142 P -319.492886028 0
142 Q -386.097128309 0
142 R -377.069055055 0
142 S -387.376070922 0
142 T -374.615290838 0
142 V -365.60289608 0
142 W -377.075309455 0
142 Y -374.914962165 0
143 A -390.268195836 0
143 C -391.600123371 0
143 D -390.952743952 0
143 E -392.523162482 0
143 F -390.552258114 0
143 G -383.528481759 0
143 H -392.688665927 0
143 I -242.315878826 0
143 K -384.207702014 0
143 L -394.415393685 0
143 M -390.347382764 0
143 N -393.798534705 0
143 P -351.561355316 0
143 Q -394.053470342 1
143 R -391.328584485 0
143 S -389.153830095 0
143 T -390.778268209 0
143 V -345.032132876 0
143 W -388.895980709 0
143 Y -389.649600628 0
144 A -386.679504634 0
144 C -385.041305345 0
144 D -388.620555203 1
144 E -387.548795154 0
144 F -373.066412261 0
144 G -382.953082537 0
144 H -384.524130191 0
144 I -379.060738493 0
144 K -384.93613944 0
144 L -385.594336682 0
144 M -384.468943072 0
144 N -386.940041004 0
144 P -251.230596593 0
144 Q -384.43642135 0
144 R -386.028887838 0
144 S -386.217848553 0
144 T -381.319066365 0
144 V -385.340036084 0
144 W -383.504285463 0
144 Y -371.739034098 0
145 A -389.266149983 0
145 C -386.460856362 0
145 D -389.999617147 0
145 E -386.590504945 0
145 F -385.053326987 0
145 G -386.501339222 0
145 H -385.864189652 0
145 I -382.761791175 0
145 K -380.623900843 0
145 L -387.109107499 0
145 M -388.252317026 0
145 N -387.220895637 0
145 P -392.557493358 1
145 Q -385.755563801 0
145 R -381.339531846 0
145 S -388.519505829 0
145 T -386.923162224 0
145 V -387.123543777 0
145 W -388.070140695 0
145 Y -384.629354101 0
146 A -382.585870629 0
146 C -382.408594327 0
146 D -379.572628621 0
146 E -385.260132619 0
146 F -355.387665297 0
146 G -379.587526909 0
146 H -377.582928541 0
146 I -382.631692055 0
146 K -362.469027555 0
146 L -392.384090837 1
146 M -381.581479065 0
146 N -381.962425901 0
146 P -381.532635112 0
146 Q -385.529934646 0
146 R -369.069746262 0
146 S -383.247744327 0
146 T -385.332392487 0
146 V -382.090929639 0
146 W -355.030177615 0
146 Y -352.834451001 0
147 A -390.648711591 0
147 C -388.171252848 0
147 D -386.648323405 0
147 E -392.566603332 0
147 F -396.934129729 0
147 G -389.127899774 0
147 H -396.319239342 0
147 I -389.865032811 0
147 K -396.372162098 0
147 L -392.801363857 0
147 M -394.43894919 0
147 N -389.227163417 0
147 P -384.752602402 0
147 Q -391.170625413 1
147 R -396.026936856 0
147 S -391.291143042 0
147 T -390.380771698 0
147 V -389.757962436 0
147 W -396.148622459 0
147 Y -396.621867099 0
148 A -387.328544214 0
148 C -382.60729093 0
148 D -386.556068599 0
148 E -383.101706043 0
148 F -386.288227612 0
148 G -390.103992239 1
148 H -385.867833677 0
148 I -384.383280277 0
148 K -382.263144635 0
148 L -384.718842605 0
148 M -383.830371418 0
148 N -384.674471535 0
148 P -361.762303916 0
148 Q -384.924297605 0
148 R -384.492905475 0
148 S -383.432809322 0
148 T -384.339072452 0
148 V -387.446349789 0
148 W -384.478466635 0
148 Y -388.726307815 0
149 A -387.694388398 0
149 C -389.060192692 0
149 D -388.60300442 0
149 E -390.67481989 0
149 F -386.496888014 0
149 G -386.465056799 0
149 H -387.728124419 0
149 I -387.906539322 0
149 K -389.692189537 0
149 L -389.859809441 0
149 M -389.371957541 0
149 N -387.59190635 0
149 P -252.003309962 0
149 Q -389.375378208 0
149 R -388.586485033 0
149 S -388.921376644 0
149 T -391.505102717 1
149 V -389.446175329 0
149 W -385.530222985 0
149 Y -386.785767556 0
150 A -388.141694924 0
150 C -388.359611785 0
150 D -386.347433133 0
150 E -388.592726858 0
150 F -390.919198943 0
150 G -386.252623367 0
150 H -389.734967635 0
150 I -388.927851258 0
150 K -391.105384041 0
150 L -387.012025874 0
150 M -387.922814049 0
150 N -388.250913139 0
150 P -320.159459201 0
150 Q -389.272570842 0
150 R -391.014015906 0
150 S -387.497726189 0
150 T -390.43943536 1
150 V -390.517597186 0
150 W -387.752808573 0
150 Y -389.84763657 0
151 A -384.877140836 0
151 C -379.946546965 0
151 D -387.842572526 0
151 E -383.121975342 0
151 F -384.105181526 0
151 G -395.779721828 1
151 H -386.696965545 0
151 I -372.129774816 0
151 K -387.451996628 0
151 L -384.684284023 0
151 M -381.526632483 0
151 N -386.061536735 0
151 P -329.89687303 0
151 Q -381.8929955 0
151 R -387.000748042 0
151 S -388.31760016 0
151 T -381.348718638 0
151 V -372.597791532 0
151 W -383.1817533 0
151 Y -384.844587664 0
152 A -388.496222778 0
152 C -387.687888147 0
152 D -387.958548378 0
152 E -388.710434897 0
152 F -386.44468456 0
152 G -384.636122354 0
152 H -387.271706015 0
152 I -385.014385116 0
152 K -384.784693415 0
152 L -396.08829148 1
152 M -387.7039507 0
152 N -389.198546492 0
152 P -328.734806022 0
152 Q -388.282678691 0
152 R -389.298152604 0
152 S -387.250647647 0
152 T -382.22988704 0
152 V -382.813572334 0
152 W -357.66185802 0
152 Y -387.212249169 0
153 A -391.181635719 0
153 C -391.235226918 0
153 D -391.52342451 0
153 E -391.295367538 0
153 F -393.842408988 0
153 G -386.540545717 0
153 H -392.950977425 0
153 I -395.628378641 1
153 K -390.333944651 0
153 L -388.926131488 0
153 M -390.971529518 0
153 N -392.905885607 0
153 P -317.925986749 0
153 Q -389.471299297 0
153 R -391.052166352 0
153 S -392.341772599 0
153 T -392.534288706 0
153 V -396.148181492 0
153 W -391.168007126 0
153 Y -393.135161704 0
154 A -388.781231094 0
154 C -381.189363763 0
154 D -379.935898628 0
154 E -383.388374799 0
154 F -236.094605079 0
154 G -385.403355702 0
154 H -265.143523776 0
154 I -386.551642393 0
154 K -368.762295882 0
154 L -366.846840819 0
154 M -383.669026682 0
154 N -380.826829898 0
154 P -391.914509962 1
154 Q -380.564018703 0
154 R -364.849263776 0
154 S -387.148233001 0
154 T -384.07788452 0
154 V -382.34601089 0
154 W -368.307576002 0
154 Y -200.136752669 0
155 A -382.117973389 0
155 C -383.703506151 0
155 D -380.922986365 0
155 E -385.115525806 0
155 F -381.648638492 0
155 G -378.422004132 0
155 H -376.562593764 0
155 I -385.420399549 0
155 K -372.625829519 0
155 L -396.148547627 1
155 M -382.302211591 0
155 N -383.722074204 0
155 P -228.046801542 0
155 Q -385.452531518 0
155 R -366.42601195 0
155 S -380.767025627 0
155 T -384.558935589 0
155 V -386.410360746 0
155 W -289.72167541 0
155 Y -377.487040934 0
156 A -382.407062977 0
156 C -382.977819894 0
156 D -382.248788759 0
156 E -383.510495026 0
156 F -390.255493019 0
156 G -375.99116478 0
156 H -385.25024588 0
156 I -378.85393319 0
156 K -380.258957372 0
156 L -392.460868687 1
156 M -385.116947469 0
156 N -384.496706992 0
156 P -312.55202433 0
156 Q -384.699829865 0
156 R -379.723160423 0
156 S -383.385675587 0
156 T -382.180347414 0
156 V -376.064770576 0
156 W -353.828022507 0
156 Y -388.850001402 0
157 A -387.093080856 0
157 C -385.980521973 0
157 D -377.1787839 0
157 E -362.824307427 0
157 F 533.145392943 0
157 G -388.016827711 1
157 H 31.1987998135 0
157 I -295.316612463 0
157 K -297.597372436 0
157 L -348.615358386 0
157 M -355.033163136 0
157 N -381.750615387 0
157 P -365.677000958 0
157 Q -366.864838984 0
157 R -324.033656334 0
157 S -386.965696933 0
157 T -385.640829541 0
157 V -386.780972755 0
157 W 269.609617937 0
157 Y 495.464580786 0
158 A -382.161421275 0
158 C -383.216094882 0
158 D -383.223975546 0
158 E -384.211629967 0
158 F -386.404407831 0
158 G -373.390268639 0
158 H -383.4071857 0
158 I -389.644079642 1
158 K -377.845139572 0
158 L -387.025757393 0
158 M -385.608961321 0
158 N -382.566450146 0
158 P -315.992799737 0
158 Q -385.800485695 0
158 R -372.984386308 0
158 S -383.815377548 0
158 T -383.242327337 0
158 V -386.20623682 0
158 W -356.147008246 0
158 Y -381.728926947 0
159 A -389.659002014 0
159 C -391.173860294 0
159 D -393.810791796 1
159 E -383.532455534 0
159 F -368.935520537 0
159 G -383.803046558 0
159 H -373.830458939 0
159 I -384.290286315 0
159 K -363.651448965 0
159 L -387.268929184 0
159 M -383.204592684 0
159 N -394.020392058 0
159 P -382.29449798 0
159 Q -383.113050605 0
159 R -367.457223737 0
159 S -389.434187122 0
159 T -378.420319924 0
159 V -386.258116153 0
159 W -337.416257601 0
159 Y -365.508288811 0
160 A -386.357621371 0
160 C -390.99816026 0
160 D -389.308586119 0
160 E -386.196070278 0
160 F -358.665414204 0
160 G -383.706190757 0
160 H -374.153630719 0
160 I -371.121793858 0
160 K -372.479217931 0
160 L -390.041617876 0
160 M -389.965431361 0
160 N -392.712213203 0
160 P -271.232549702 0
160 Q -386.675822981 0
160 R -207.206693309 0
160 S -386.837817719 0
160 T -393.058089142 0
160 V -393.183724616 1
160 W -158.669853414 0
160 Y -357.381649125 0
161 A -388.85738825 0
161 C -388.849549058 0
161 D -389.706526162 0
161 E -386.815904855 0
161 F -369.645663447 0
161 G -389.030221596 0
161 H -388.763028572 0
161 I -384.667513007 0
161 K -381.982784801 0
161 L -383.903464777 0
161 M -383.893563066 0
161 N -386.280043668 0
161 P -365.866718962 0
161 Q -387.587344265 0
161 R -382.134222517 0
161 S -389.4192168 0
161 T -387.492068412 0
161 V -385.536100757 0
161 W -392.118636428 1
161 Y -367.07377549 0
162 A -388.653260274 0
162 C -385.601959849 0
162 D -389.018534949 0
162 E -390.581879762 1
162 F -387.32348552 0
162 G -386.978351046 0
162 H -389.859871548 0
162 I -386.519733293 0
162 K -389.595319631 0
162 L -388.073954711 0
162 M -387.64208339 0
162 N -388.432494997 0
162 P -388.975905263 0
162 Q -387.942979384 0
162 R -388.921135433 0
162 S -389.661424368 0
162 T -388.514786433 0
162 V -386.789782282 0
162 W -389.387173867 0
162 Y -387.409791344 0
163 A -385.082544405 0
163 C -388.025602359 0
163 D -389.205663387 0
163 E -390.19530172 0
163 F -387.468472724 0
163 G -387.152228949 0
163 H -394.097546083 1
163 I -387.792243114 0
163 K -387.686647372 0
163 L -382.756020626 0
163 M -383.702083756 0
163 N -389.60002125 0
163 P -371.464607137 0
163 Q -388.360257603 0
163 R -388.746709632 0
163 S -389.442437573 0
163 T -388.827115313 0
163 V -389.384324447 0
163 W -388.297250743 0
163 Y -387.262448444 0
164 A -395.773838988 1
164 C -378.12963495 0
164 D -382.163875829 0
164 E -375.707420566 0
164 F -343.782710227 0
164 G -391.208281175 0
164 H -378.76802717 0
164 I -317.816078427 0
164 K -379.706435801 0
164 L -371.974842 0
164 M -388.196769968 0
164 N -384.970031379 0
164 P -280.038839059 0
164 Q -389.317532867 0
164 R -384.01977 0
164 S -393.226607393 0
164 T -387.777641684 0
164 V -382.771218326 0
164 W -363.901083848 0
164 Y 80.6729384597 0
165 A -389.838819833 0
165 C -389.213452866 0
165 D -388.975866896 0
165 E -388.482838963 0
165 F -400.186045739 0
165 G -384.484375064 0
165 H -395.428339131 0
165 I -383.975623635 0
165 K -386.575473043 0
165 L -395.183530246 0
165 M -390.354997548 0
165 N -391.741311632 0
165 P -364.21548456 0
165 Q -372.611976875 0
165 R -387.144076918 0
165 S -392.177632759 0
165 T -386.946788175 0
165 V -376.088530254 0
165 W -387.576218342 0
165 Y -400.851106375 1
166 A -399.020370356 0
166 C -394.990701829 0
166 D -396.250550718 0
166 E -399.039848925 0
166 F -399.702710491 0
166 G -397.001673846 0
166 H -398.852760223 0
166 I -397.336705299 0
166 K -398.740986184 0
166 L -395.307163688 0
166 M -396.885733102 0
166 N -396.596402595 0
166 P -111.124311971 0
166 Q -397.025266398 0
166 R -398.144583643 0
166 S -398.075070753 0
166 T -396.936940778 0
166 V -397.479172167 0
166 W -399.752260564 0
166 Y -399.289698338 1
167 A -399.221642429 0
167 C -396.302929831 0
167 D -400.510004355 0
167 E -400.4659383 0
167 F -398.438816994 0
167 G -393.91156771 0
167 H -399.048998296 0
167 I -401.361082952 0
167 K -399.263251178 0
167 L -401.810945805 1
167 M -398.904409643 0
167 N -399.489570195 0
167 P -388.730438641 0
167 Q -398.792343032 0
167 R -399.811011691 0
167 S -399.192681897 0
167 T -397.416252137 0
167 V -399.829163636 0
167 W -398.96322997 0
167 Y -398.32717421 0
168 A -394.551885804 0
168 C -392.937260302 0
168 D -391.215897974 0
168 E -395.256995018 0
168 F -392.841392868 0
168 G -391.322551517 0
168 H -394.575965358 0
168 I -390.176347907 0
168 K -396.181494413 0
168 L -398.620015601 0
168 M -394.782944203 0
168 N -393.400754879 0
168 P -320.629239859 0
168 Q -398.587491127 1
168 R -396.225301779 0
168 S -393.726307184 0
168 T -395.211281171 0
168 V -396.071943236 0
168 W -389.67682327 0
168 Y -393.596391935 0
169 A -391.075372198 0
169 C -391.060687068 0
169 D -393.329783684 0
169 E -392.666066737 0
169 F -399.903598063 0
169 G -388.501202698 0
169 H -396.32984338 0
169 I -381.824516841 0
169 K -392.646500777 0
169 L -390.099717816 0
169 M -390.999118761 0
169 N -393.997475127 0
169 P -196.764593182 0
169 Q -391.055592447 0
169 R -392.98890693 0
169 S -390.622200347 0
169 T -393.062610454 0
169 V -380.424286277 0
169 W -397.047496362 0
169 Y -401.011707228 1
170 A -394.788252392 0
170 C -383.451259 0
170 D -394.170291331 0
170 E -386.430161907 0
170 F -384.65141657 0
170 G -398.009883202 0
170 H -385.210976255 0
170 I -375.873007944 0
170 K -397.629879228 1
170 L -387.24510195 0
170 M -385.135891389 0
170 N -395.861420572 0
170 P -349.174837451 0
170 Q -394.578859111 0
170 R -386.862402794 0
170 S -395.700304023 0
170 T -384.178803605 0
170 V -374.331571555 0
170 W -385.169992018 0
170 Y -384.713725685 0
171 A -388.295640713 0
171 C -386.331140084 0
171 D -389.760370547 0
171 E -390.426723715 0
171 F -388.794167489 0
171 G -387.733860759 0
171 H -391.293327109 0
171 I -387.820429006 0
171 K -389.480627205 0
171 L -386.332699694 0
171 M -388.392551629 0
171 N -389.549476671 1
171 P -373.852184033 0
171 Q -388.296079021 0
171 R -388.854295788 0
171 S -390.214632181 0
171 T -390.257927585 0
171 V -387.894004942 0
171 W -389.510483282 0
171 Y -388.781435222 0
172 A -393.365414207 0
172 C -390.167417479 0
172 D -391.896252965 0
172 E -392.407614563 0
172 F -392.5162645 0
172 G -390.656127461 0
172 H -393.324115871 0
172 I -393.299580404 0
172 K -393.554553104 0
172 L -393.511830361 0
172 M -392.769421676 0
172 N -394.07944599 0
172 P -246.068215056 0
172 Q -392.38408805 0
172 R -396.850455822 0
172 S -392.509123575 0
172 T -389.77815666 0
172 V -393.22539041 1
172 W -392.313074654 0
172 Y -392.16549643 0
173 A -397.201268453 0
173 C -386.10654184 0
173 D -383.739231924 0
173 E -388.524189549 0
173 F -335.701963878 0
173 G -384.427084799 0
173 H -383.174687825 0
173 I -388.78094887 0
173 K -388.471292385 0
173 L -404.007536563 0
173 M -387.450868136 0
173 N -386.930679379 0
173 P -276.763803 0
173 Q -385.749705776 0
173 R -402.149938044 1
173 S -383.500521094 0
173 T -388.438343931 0
173 V -389.039671275 0
173 W -391.0200169 0
173 Y -371.677039542 0
174 A -403.142099067 0
174 C -400.969166405 0
174 D -402.632777477 0
174 E -406.086596628 0
174 F -397.306859452 0
174 G -402.094736225 0
174 H -401.2453695 0
174 I -402.667604104 0
174 K -404.832758642 0
174 L -404.010038009 0
174 M -402.610991659 0
174 N -401.930280414 0
174 P -393.587680636 1
174 Q -404.423865676 0
174 R -404.31014024 0
174 S -403.89589936 0
174 T -403.230667883 0
174 V -402.89585429 0
174 W -357.078566424 0
174 Y -397.27683826 0
175 A -393.114917551 0
175 C -388.680073331 0
175 D -393.957457357 1
175 E -393.239136032 0
175 F -390.751892994 0
175 G -390.300786937 0
175 H -392.041595116 0
175 I -388.622636445 0
175 K -391.857558492 0
175 L -391.628392501 0
175 M -390.429573134 0
175 N -392.791941063 0
175 P -189.218909116 0
175 Q -391.820553085 0
175 R -391.738603642 0
175 S -392.434377675 0
175 T -391.055032207 0
175 V -387.864893507 0
175 W -390.826771668 0
175 Y -390.309216759 0
176 A -386.910389983 0
176 C -382.721402402 0
176 D -392.185813028 0
176 E -392.008968684 0
176 F -394.205384563 0
176 G -383.596820856 0
176 H -389.016207821 0
176 I -279.887422956 0
176 K -390.857783025 0
176 L -380.153470674 0
176 M -394.009268626 0
176 N -394.185318508 0
176 P -319.917823409 0
176 Q -391.214582687 0
176 R -387.158155154 0
176 S -385.308780648 0
176 T -383.853820963 0
176 V -373.722575111 0
176 W -399.349336914 0
176 Y -393.265417973 1
177 A -388.409786501 0
177 C -388.460281392 0
177 D -388.935705667 0
177 E -390.615249782 0
177 F -381.004399907 0
177 G -384.544720846 0
177 H -387.91294062 0
177 I -390.58216052 0
177 K -378.743053873 0
177 L -393.877873207 1
177 M -389.37251852 0
177 N -389.402963995 0
177 P -259.946672222 0
177 Q -390.099996655 0
177 R -379.826104748 0
177 S -387.827414606 0
177 T -388.378854846 0
177 V -371.57620785 0
177 W -177.33878991 0
177 Y -373.098287107 0
178 A -393.353354309 0
178 C -390.68849367 0
178 D -392.941974534 0
178 E -395.116905401 0
178 F -393.07527446 0
178 G -392.121596897 0
178 H -394.321911844 0
178 I -392.729159802 0
178 K -394.281219775 1
178 L -393.616981305 0
178 M -392.771003861 0
178 N -392.8053051 0
178 P -148.962684558 0
178 Q -393.588990404 0
178 R -394.29102783 0
178 S -392.751343329 0
178 T -393.009405542 0
178 V -392.60860996 0
178 W -392.853134103 0
178 Y -391.345295732 0
179 A -392.701822766 1
179 C -387.394051392 0
179 D -384.978696248 0
179 E -390.836721198 0
179 F -375.503505151 0
179 G -389.787929 0
179 H -392.868535961 0
179 I -375.015499358 0
179 K -386.402936951 0
179 L -376.692731347 0
179 M -386.096215295 0
179 N -389.567030368 0
179 P -201.13901417 0
179 Q -396.297219586 0
179 R -385.285120398 0
179 S -392.223817819 0
179 T -349.559528634 0
179 V -374.027536941 0
179 W -369.739378238 0
179 Y -373.820444731 0
180 A -390.269543707 0
180 C -388.429776681 0
180 D -386.090973174 0
180 E -384.266568721 0
180 F -393.662078449 0
180 G -386.58700611 0
180 H -390.060925664 0
180 I -393.883432171 1
180 K -380.515119367 0
180 L -384.297139169 0
180 M -390.036326893 0
180 N -389.824919511 0
180 P -130.113964018 0
180 Q -385.182269336 0
180 R -382.21647331 0
180 S -387.962495177 0
180 T -390.491601347 0
180 V -388.231474543 0
180 W -387.763051252 0
180 Y -387.912563743 0
181 A -383.408181834 0
181 C -381.654707013 0
181 D -383.559854356 0
181 E -386.134053043 0
181 F -386.532064138 0
181 G -382.168650592 0
181 H -385.580625599 0
181 I -374.417778924 0
181 K -381.812 0
181 L -382.914315015 0
181 M -386.600692993 0
181 N -383.689937754 0
181 P -283.065619764 0
181 Q -385.511809399 0
181 R -383.883483048 0
181 S -382.976041225 0
181 T -381.679011504 0
181 V -382.448519954 0
181 W -393.915286811 1
181 Y -386.269062427 0
182 A -388.844052996 0
182 C -386.66377062 0
182 D -387.847299472 0
182 E -388.284870345 0
182 F -388.554196785 0
182 G -387.289845919 0
182 H -389.141324903 0
182 I -381.816726835 0
182 K -389.853676934 0
182 L -386.102110027 0
182 M -388.284480431 0
182 N -389.016166353 1
182 P -214.588308664 0
182 Q -389.610438411 0
182 R -387.612541297 0
182 S -388.133288727 0
182 T -385.791531609 0
182 V -383.337474903 0
182 W -387.955855212 0
182 Y -388.115418052 0
183 A -383.738927352 0
183 C -383.563236229 0
183 D -382.124043535 0
183 E -381.0416326 0
183 F -296.089805583 0
183 G -381.319304731 0
183 H -365.492388069 0
183 I -392.197771793 0
183 K -381.062922895 0
183 L -369.072489481 0
183 M -385.193000131 0
183 N -384.085649575 0
183 P -340.39962901 0
183 Q -383.320475724 0
183 R -384.229691533 0
183 S -384.082594086 0
183 T -386.862195727 0
183 V -389.528418012 1
183 W -321.629241186 0
183 Y -276.686558322 0
184 A -387.017972663 0
184 C -392.309976922 0
184 D -386.354232787 0
184 E -386.111601813 0
184 F -392.327024781 0
184 G -383.576470717 0
184 H -388.700712732 0
184 I -401.213643825 1
184 K -382.559407264 0
184 L -393.15747413 0
184 M -392.113886657 0
184 N -388.895530929 0
184 P -365.06223439 0
184 Q -388.172362263 0
184 R -373.475451079 0
184 S -390.353741116 0
184 T -394.50542623 0
184 V -398.116465288 0
184 W -369.115806044 0
184 Y -381.55884066 0
185 A -399.582729272 0
185 C -395.942929569 0
185 D -398.227892096 0
185 E -396.916761939 0
185 F -395.86208562 0
185 G -395.178572412 0
185 H -396.857154459 0
185 I -325.152380736 0
185 K -397.382996016 0
185 L -397.927093571 0
185 M -397.666083822 0
185 N -399.504592225 1
185 P -64.9414977376 0
185 Q -394.251338819 0
185 R -397.661835912 0
185 S -396.741389971 0
185 T -392.167405763 0
185 V -321.770977339 0
185 W -393.406275067 0
185 Y -395.451165215 0
186 A -391.218359444 0
186 C -390.17455277 0
186 D -389.15912123 0
186 E -394.045145569 0
186 F -395.534117482 0
186 G -387.911953348 0
186 H -395.833380086 0
186 I -393.370137003 0
186 K -388.952249981 0
186 L -390.585453537 0
186 M -396.072794965 0
186 N -393.185704141 0
186 P -360.49925663 0
186 Q -393.291702805 0
186 R -389.708574774 0
186 S -391.685196328 0
186 T -392.754900574 0
186 V -395.428921156 0
186 W -404.836015302 1
186 Y -394.797639618 0
187 A -400.558788976 0
187 C -396.810988765 0
187 D -401.54745775 0
187 E -401.086369332 1
187 F -398.579208778 0
187 G -399.301438833 0
187 H -399.839176598 0
187 I -399.091490415 0
187 K -400.937026473 0
187 L -400.169173272 0
187 M -399.131424035 0
187 N -400.320311969 0
187 P -381.470932087 0
187 Q -401.512487304 0
187 R -402.877637764 0
187 S -400.480361457 0
187 T -399.775489618 0
187 V -399.18151196 0
187 W -398.926910849 0
187 Y -398.586767527 0
188 A -404.077323516 0
188 C -400.590042832 0
188 D -404.100263045 0
188 E -401.376558295 0
188 F -391.329844788 0
188 G -402.27889976 0
188 H -398.157129443 0
188 I -398.635526591 0
188 K -403.414631736 0
188 L -399.481637414 0
188 M -401.782531472 0
188 N -405.036489056 1
188 P -347.379793774 0
188 Q -400.849725316 0
188 R -402.712990535 0
188 S -402.463730782 0
188 T -402.346989178 0
188 V -401.136759891 0
188 W -401.182924747 0
188 Y -391.896160008 0
189 A -402.644600522 0
189 C -401.499053106 0
189 D -397.875293823 0
189 E -391.576553465 0
189 F -282.010253176 0
189 G -398.575616667 0
189 H -380.770053844 0
189 I -397.898913969 0
189 K -356.116746582 0
189 L -377.821036504 0
189 M -390.062271134 0
189 N -399.574263569 0
189 P -325.37557328 0
189 Q -391.883452074 0
189 R -380.930436348 0
189 S -399.951570922 0
189 T -402.639045272 0
189 V -400.000717431 1
189 W -350.8417829 0
189 Y -270.376535674 0
190 A -407.338147409 0
190 C -408.612991592 0
190 D -410.308288419 0
190 E -411.06940293 0
190 F -411.687667509 0
190 G -404.877704027 0
190 H -413.219141526 0
190 I -413.397304734 0
190 K -412.734481662 0
190 L -412.631149087 0
190 M -409.126503972 0
190 N -411.14301549 0
190 P -130.783280248 0
190 Q -408.409161203 0
190 R -412.383736546 0
190 S -408.941162746 0
190 T -413.006430968 1
190 V -411.104069187 0
190 W -412.029716482 0
190 Y -412.217101508 0
191 A -401.955470729 0
191 C -399.480327727 0
191 D -401.139512535 0
191 E -402.079228356 1
191 F -400.359509048 0
191 G -399.972946597 0
191 H -401.006709679 0
191 I -401.778859169 0
191 K -402.815968576 0
191 L -402.040312008 0
191 M -400.859972763 0
191 N -401.033663172 0
191 P -216.834186529 0
191 Q -400.353134341 0
191 R -401.628507542 0
191 S -400.963724396 0
191 T -401.164002303 0
191 V -401.697469489 0
191 W -402.015482773 0
191 Y -400.273510752 0
192 A -397.837317801 0
192 C -395.240008658 0
192 D -397.087953375 0
192 E -396.354107009 0
192 F -396.474524533 0
192 G -394.790910945 0
192 H -399.977322185 0
192 I -392.358331469 0
192 K -397.517760003 0
192 L -399.35468515 0
192 M -397.855766729 0
192 N -399.996996804 0
192 P -202.147672754 0
192 Q -395.305027479 0
192 R -402.562309499 1
192 S -395.801241188 0
192 T -392.999111161 0
192 V -390.507733815 0
192 W -397.867512762 0
192 Y -396.405894245 0
193 A -396.395021963 0
193 C -397.361304704 0
193 D -400.75155236 0
193 E -399.206908006 0
193 F -410.500998053 0
193 G -392.955646127 0
193 H -402.895354348 0
193 I -337.787464884 0
193 K -400.228720479 0
193 L -400.147165692 0
193 M -405.837021034 0
193 N -397.917546373 0
193 P -149.782428616 0
193 Q -399.438153914 0
193 R -403.015967963 0
193 S -394.938628989 0
193 T -399.906050964 0
193 V -392.632400534 0
193 W -407.977440409 0
193 Y -409.868374542 1
194 A -401.908519229 0
194 C -399.079104109 0
194 D -399.812999062 0
194 E -403.30678704 0
194 F -398.641847082 0
194 G -400.08211662 0
194 H -400.380922003 0
194 I -401.155582455 0
194 K -401.820847782 0
194 L -400.79458735 0
194 M -400.720191562 1
194 N -398.148587653 0
194 P -103.448306243 0
194 Q -402.290099217 0
194 R -403.718870413 0
194 S -400.654125582 0
194 T -399.650243675 0
194 V -400.229640938 0
194 W -399.426452051 0
194 Y -398.611473686 0
195 A -397.572282989 1
195 C -395.790149843 0
195 D -397.022337605 0
195 E -397.290923114 0
195 F -393.958637985 0
195 G -396.256561801 0
195 H -396.272813165 0
195 I -394.242674426 0
195 K -397.016269054 0
195 L -397.617953807 0
195 M -395.935023755 0
195 N -397.648853245 0
195 P -129.114062523 0
195 Q -396.682281663 0
195 R -397.936072267 0
195 S -396.471925648 0
195 T -394.689686258 0
195 V -392.714665046 0
195 W -396.640829153 0
195 Y -393.016993197 0
196 A -402.956331103 0
196 C -401.247207168 1
196 D -400.318746471 0
196 E -387.235118885 0
196 F -335.985532212 0
196 G -400.085816171 0
196 H -378.67772845 0
196 I -374.320373921 0
196 K -391.67654564 0
196 L -395.489522028 0
196 M -398.487696554 0
196 N -402.176202103 0
196 P -252.684095023 0
196 Q -395.466872559 0
196 R -396.924540641 0
196 S -402.013428755 0
196 T -403.241105188 0
196 V -393.132031735 0
196 W -303.083905325 0
196 Y -330.329990197 0
197 A -398.21073873 0
197 C -397.73616793 0
197 D -398.494093626 0
197 E -398.716277146 0
197 F -393.952182721 0
197 G -395.053946209 0
197 H -395.392713754 0
197 I -394.53054505 0
197 K -399.173577374 1
197 L -402.990158944 0
197 M -399.379931388 0
197 N -400.265069993 0
197 P -189.784673122 0
197 Q -399.596777168 0
197 R -404.571211812 0
197 S -398.740007286 0
197 T -399.231598552 0
197 V -393.820250828 0
197 W -399.774427585 0
197 Y -393.826535305 0
198 A -393.471224777 0
198 C -391.097095146 0
198 D -392.141724092 0
198 E -393.206159894 0
198 F -391.329819834 0
198 G -392.982323991 0
198 H -393.489377186 0
198 I -387.795394658 0
198 K -394.081260041 1
198 L -393.276019034 0
198 M -393.26195413 0
198 N -392.203399022 0
198 P -163.200815119 0
198 Q -392.254585403 0
198 R -393.754768163 0
198 S -393.225872702 0
198 T -392.578072531 0
198 V -390.265618665 0
198 W -391.009698933 0
198 Y -390.992837333 0
