1 A -150.362445571 0
1 C -148.328209308 0
1 D -154.11966798 0
1 E -152.549409485 0
1 F -149.928201367 0
1 G -151.568512902 0
1 H -151.859197212 0
1 I -149.169592105 0
1 K -151.493734917 0
1 L -150.947084181 0
1 M -149.870707072 0
1 N -151.56063754 1
1 P -153.858251732 0
1 Q -150.423874534 0
1 R -150.678259363 0
1 S -152.484119989 0
1 T -149.136039718 0
1 V -148.842527509 0
1 W -149.300982861 0
1 Y -149.926867959 0
2 A -153.345603553 0
2 C -152.889260547 0
2 D -156.08917507 0
2 E -154.794602115 0
2 F -147.16431262 0
2 G -153.588885666 0
2 H -154.964479813 0
2 I -154.272301607 0
2 K -154.100166783 0
2 L -154.202829768 1
2 M -152.67786412 0
2 N -155.918154925 0
2 P -150.714584687 0
2 Q -154.191666007 0
2 R -153.814765119 0
2 S -154.34090307 0
2 T -151.918079214 0
2 V -151.502299162 0
2 W -146.481930376 0
2 Y -145.232870584 0
3 A -147.064408688 0
3 C -147.310362861 0
3 D -148.013245765 0
3 E -146.97935583 0
3 F -147.673853567 0
3 G -143.426575914 0
3 H -148.029233309 0
3 I -152.294929095 0
3 K -152.591796949 1
3 L -150.234163076 0
3 M -148.439759544 0
3 N -149.734738111 0
3 P -138.327653034 0
3 Q -148.136830756 0
3 R -149.209367374 0
3 S -148.421241618 0
3 T -149.59094728 0
3 V -151.137695679 0
3 W -146.742695977 0
3 Y -147.329758116 0
4 A -150.25196219 0
4 C -148.283250303 0
4 D -151.500346969 0
4 E -151.498389849 0
4 F -152.75506018 0
4 G -148.740121723 0
4 H -151.995242186 0
4 I -151.923614804 0
4 K -150.955563903 0
4 L -150.247205368 0
4 M -151.393408715 0
4 N -150.47561424 0
4 P -131.533256621 0
4 Q -150.672792239 0
4 R -151.11589899 0
4 S -152.120528705 0
4 T -153.802819427 1
4 V -152.470559949 0
4 W -153.768667104 0
4 Y -152.447938314 0
5 A -152.466426392 0
5 C -148.901916878 0
5 D -147.152304627 0
5 E -152.720141227 1
5 F -148.157270145 0
5 G -148.178344004 0
5 H -147.237427835 0
5 I -148.965251236 0
5 K -150.641311673 0
5 L -148.898656346 0
5 M -149.81916349 0
5 N -147.844725677 0
5 P -111.55004877 0
5 Q -151.852118973 0
5 R -150.072735197 0
5 S -151.265279684 0
5 T -148.842529385 0
5 V -147.198869465 0
5 W -144.871523383 0
5 Y -148.213469674 0
6 A -139.012506337 0
6 C -138.257169232 0
6 D -136.055479265 0
6 E -134.674908155 0
6 F -147.539399647 0
6 G -125.586096996 0
6 H -142.939454383 0
6 I -128.658771436 0
6 K -134.810937794 0
6 L -141.688943494 0
6 M -140.947207564 0
6 N -140.582473817 0
6 P -41.2666465077 0
6 Q -136.66767312 0
6 R -138.841556951 0
6 S -137.308707537 0
6 T -135.751664267 0
6 V -127.147583404 0
6 W -153.147638228 1
6 Y -147.120009596 0
7 A -140.483356955 0
7 C -142.879216564 0
7 D -139.348752799 0
7 E -140.848442483 0
7 F -138.773804255 0
7 G -138.748761983 0
7 H -140.888543962 0
7 I -138.291070074 0
7 K -141.249770885 0
7 L -134.871533927 0
7 M -139.062384943 0
7 N -138.613828095 0
7 P -148.591872477 1
7 Q -138.41720542 0
7 R -140.282407367 0
7 S -141.627469078 0
7 T -140.637648552 0
7 V -138.42931528 0
7 W -140.161331973 0
7 Y -138.94948221 0
8 A -137.642647371 0
8 C -141.486220259 0
8 D -142.905327125 0
8 E -149.087697174 1
8 F -139.191868497 0
8 G -137.492393146 0
8 H -137.748302692 0
8 I -140.902587702 0
8 K -141.377251996 0
8 L -141.008993405 0
8 M -143.220878691 0
8 N -142.801865008 0
8 P -122.006232039 0
8 Q -142.358249632 0
8 R -140.667036261 0
8 S -142.885068051 0
8 T -142.165916212 0
8 V -141.740792079 0
8 W -139.438344922 0
8 Y -139.582809029 0
9 A -137.093043223 0
9 C -137.748757974 0
9 D -137.347248617 0
9 E -138.703460567 0
9 F -125.970781157 0
9 G -135.449514102 0
9 H -130.43496983 0
9 I -133.54796574 0
9 K -132.951978055 0
9 L -146.330589342 1
9 M -140.99740439 0
9 N -138.618820116 0
9 P -28.9158680992 0
9 Q -140.339815923 0
9 R -136.667193811 0
9 S -137.459987331 0
9 T -138.137212545 0
9 V -132.702218112 0
9 W -118.978717564 0
9 Y -121.211073454 0
10 A -142.135581657 0
10 C -142.305963519 0
10 D -138.906377449 0
10 E -142.503191727 0
10 F 55.1483564967 0
10 G -139.957609178 0
10 H -138.681236037 0
10 I -142.96862469 0
10 K -142.623749314 0
10 L -142.210027603 0
10 M -141.788700191 0
10 N -141.481263595 0
10 P -40.7298450759 0
10 Q -143.409805698 0
10 R -143.377043654 0
10 S -141.842550904 0
10 T -142.815919567 0
10 V -146.64712893 1
10 W -129.345413098 0
10 Y 22.6595424794 0
11 A -135.728070324 0
11 C -131.531767567 0
11 D -135.402203205 0
11 E -132.950596136 0
11 F -137.574356042 0
11 G -145.239451235 1
11 H -138.027771169 0
11 I -123.339186365 0
11 K -137.911332092 0
11 L -135.118541204 0
11 M -132.130050817 0
11 N -139.181930175 0
11 P -19.3627337774 0
11 Q -132.792248182 0
11 R -136.111271454 0
11 S -139.513535203 0
11 T -132.759287684 0
11 V -123.719677523 0
11 W -135.159207204 0
11 Y -136.313700712 0
12 A -144.155766604 0
12 C -143.484053395 0
12 D -142.115837529 0
12 E -141.560341003 0
12 F -145.216757015 0
12 G -142.484089753 0
12 H -144.714042366 0
12 I -135.202802493 0
12 K -145.885705697 1
12 L -145.683950952 0
12 M -144.502822727 0
12 N -143.869684069 0
12 P 71.4057754133 0
12 Q -144.602179099 0
12 R -145.81009999 0
12 S -143.84079327 0
12 T -144.652477392 0
12 V -114.926651496 0
12 W -144.491294929 0
12 Y -144.611783037 0
13 A -148.174878555 0
13 C -145.326018989 0
13 D -142.620804409 0
13 E -146.706749754 0
13 F -146.772009612 0
13 G -148.303885073 0
13 H -147.771416359 0
13 I -130.313790694 0
13 K -148.072760791 0
13 L -146.866637474 0
13 M -147.542306795 0
13 N -145.946589318 0
13 P -147.601141334 0
13 Q -146.004885243 0
13 R -148.611759778 0
13 S -150.538347268 1
13 T -148.843585981 0
13 V -133.878817998 0
13 W -145.709076577 0
13 Y -146.388156121 0
14 A -150.012648196 0
14 C -148.670212905 0
14 D -149.48305358 0
14 E -149.538959993 0
14 F -142.258277822 0
14 G -147.751944119 0
14 H -144.16244486 0
14 I -153.661548492 0
14 K -144.760744469 0
14 L -151.850666611 0
14 M -146.941433629 0
14 N -151.110030076 0
14 P -66.861455131 0
14 Q -148.86916991 0
14 R -147.294047326 0
14 S -149.8681157 0
14 T -152.14400786 0
14 V -155.024660762 1
14 W -144.387192391 0
14 Y -143.099327242 0
15 A -150.110396724 0
15 C -146.856615033 0
15 D -151.698858149 0
15 E -151.849031474 1
15 F -149.175796746 0
15 G -149.539779736 0
15 H -150.652673058 0
15 I -150.385892165 0
15 K -151.118953483 0
15 L -150.523083633 0
15 M -148.946642866 0
15 N -150.098827159 0
15 P -131.290633767 0
15 Q -149.230196407 0
15 R -150.636646915 0
15 S -150.4422819 0
15 T -150.850434317 0
15 V -150.369224592 0
15 W -149.629217055 0
15 Y -149.188053646 0
16 A -151.276408191 0
16 C -147.800134277 0
16 D -151.072804355 0
16 E -153.694101899 1
16 F -151.482957471 0
16 G -149.42416341 0
16 H -149.426161207 0
16 I -152.171803977 0
16 K -151.630950653 0
16 L -151.693442407 0
16 M -150.814911432 0
16 N -150.083069413 0
16 P -66.7907167524 0
16 Q -151.889343324 0
16 R -151.334906982 0
16 S -150.66192699 0
16 T -151.485006438 0
16 V -151.784935045 0
16 W -149.011231111 0
16 Y -151.07429205 0
17 A -153.210653958 1
17 C -148.123589403 0
17 D -129.104410349 0
17 E -127.23846209 0
17 F 200.374432409 0
17 G -149.783687603 0
17 H -64.197726526 0
17 I -132.066803345 0
17 K -61.2202365376 0
17 L -120.949886642 0
17 M -90.5840545879 0
17 N -137.520463246 0
17 P 132.646958587 0
17 Q -121.850763509 0
17 R -44.9758082568 0
17 S -150.048465998 0
17 T -146.880920307 0
17 V -139.720083095 0
17 W -114.899481256 0
17 Y -109.725870366 0
18 A -155.31466755 0
18 C -154.387405752 0
18 D -154.131549402 0
18 E -156.171171101 0
18 F -145.50663429 0
18 G -152.34085565 0
18 H -152.833627911 0
18 I -156.8309703 0
18 K -155.724552809 1
18 L -138.7693412 0
18 M -155.312259159 0
18 N -155.627692119 0
18 P 101.207599239 0
18 Q -155.294455123 0
18 R -156.33184748 0
18 S -153.956184589 0
18 T -155.192859523 0
18 V -154.383905267 0
18 W -151.794909158 0
18 Y -140.559603091 0
19 A -154.875589821 0
19 C -152.335422843 0
19 D -153.597012433 0
19 E -155.014998049 0
19 F -153.554127452 0
19 G -153.50741906 0
19 H -154.04370509 0
19 I -155.23142987 0
19 K -155.50215672 1
19 L -155.049601137 0
19 M -153.709630016 0
19 N -154.386252283 0
19 P -27.5683795264 0
19 Q -153.775153624 0
19 R -155.084340282 0
19 S -154.10517905 0
19 T -155.385241154 0
19 V -154.79375565 0
19 W -154.552712677 0
19 Y -153.140795395 0
20 A -154.492507066 0
20 C -151.939506127 0
20 D -153.493075643 0
20 E -153.808015297 0
20 F -154.372500196 0
20 G -152.117824255 0
20 H -155.609223809 0
20 I -158.631348973 0
20 K -154.833310006 0
20 L -152.328020583 0
20 M -156.316770667 0
20 N -153.420744039 0
20 P 9.69512844419 0
20 Q -158.062821348 0
20 R -156.848816303 0
20 S -153.595982356 0
20 T -158.187796496 0
20 V -159.562758888 1
20 W -155.141755357 0
20 Y -154.84250454 0
21 A -143.77052748 0
21 C -143.835226549 0
21 D -140.829895111 0
21 E -142.603316713 0
21 F -99.4167350373 0
21 G -139.733449527 0
21 H -133.883015698 0
21 I -152.728204839 1
21 K -130.407470088 0
21 L -145.099444966 0
21 M -142.341191024 0
21 N -143.952302637 0
21 P 69.3451244551 0
21 Q -141.832745384 0
21 R -112.913244698 0
21 S -141.830957181 0
21 T -146.426093661 0
21 V -149.891697328 0
21 W -88.4311883886 0
21 Y -98.6699231001 0
22 A -148.047390717 0
22 C -146.891738547 0
22 D -146.078894318 0
22 E -149.490235172 0
22 F -139.779358538 0
22 G -146.590601166 0
22 H -146.397979352 0
22 I -148.778537228 0
22 K -148.995392295 0
22 L -153.132642958 1
22 M -148.425839815 0
22 N -148.942139065 0
22 P 113.309400632 0
22 Q -148.301442488 0
22 R -153.944084051 0
22 S -147.445465093 0
22 T -147.102222409 0
22 V -147.44666815 0
22 W -147.007950403 0
22 Y -138.517534086 0
23 A -151.946006851 0
23 C -149.364020819 0
23 D -150.533452515 0
23 E -152.213963184 0
23 F -150.498304593 0
23 G -150.701629674 0
23 H -152.061885211 0
23 I -148.438128978 0
23 K -152.325550887 0
23 L -151.870748569 0
23 M -150.464554739 0
23 N -151.547374211 0
23 P 106.690510468 0
23 Q -150.567910722 1
23 R -152.152258694 0
23 S -152.620576414 0
23 T -153.462303021 0
23 V -135.348750719 0
23 W -149.626416152 0
23 Y -149.998574747 0
24 A -147.510579411 0
24 C -145.672930053 0
24 D -153.656654533 1
24 E -146.114199302 0
24 F -144.658254608 0
24 G -145.724599906 0
24 H -146.521636905 0
24 I -141.782742669 0
24 K -145.753715672 0
24 L -142.992165635 0
24 M -145.361419632 0
24 N -147.990804483 0
24 P 41.6043772247 0
24 Q -144.906643462 0
24 R -144.905261415 0
24 S -145.9907082 0
24 T -147.467533312 0
24 V -144.783772664 0
24 W -145.944038579 0
24 Y -144.7881527 0
25 A -146.438583543 0
25 C -145.189600755 0
25 D -140.6305049 0
25 E -147.32825827 0
25 F -145.927210529 0
25 G -129.664119706 0
25 H -110.776044882 0
25 I -145.959183041 0
25 K -153.916141701 1
25 L -149.849056814 0
25 M -151.077979072 0
25 N -145.795232455 0
25 P -0.236478529394 0
25 Q -149.216238593 0
25 R -153.836087925 0
25 S -144.031840667 0
25 T -145.022095278 0
25 V -147.049122858 0
25 W -97.6855022935 0
25 Y -145.590004553 0
26 A -142.648975051 0
26 C -139.819403635 0
26 D -141.29177123 0
26 E -143.523190634 0
26 F -140.681065218 0
26 G -142.461458228 0
26 H -143.382959887 0
26 I -141.037822056 0
26 K -143.58324613 0
26 L -141.566426938 0
26 M -141.465237412 0
26 N -140.699967188 0
26 P -148.114628152 1
26 Q -141.901902927 0
26 R -143.260364672 0
26 S -144.132963369 0
26 T -142.43619024 0
26 V -141.122081687 0
26 W -142.794390326 0
26 Y -140.976774813 0
27 A -141.051362487 0
27 C -140.024999119 0
27 D -144.55472348 0
27 E -147.145729266 1
27 F -140.04001032 0
27 G -140.657800238 0
27 H -141.550542587 0
27 I -141.5533801 0
27 K -142.500541486 0
27 L -142.261150269 0
27 M -141.110827475 0
27 N -142.260104357 0
27 P -126.311545522 0
27 Q -141.612718686 0
27 R -141.616035921 0
27 S -143.173742604 0
27 T -142.553900526 0
27 V -140.729317854 0
27 W -140.290183296 0
27 Y -140.052527635 0
28 A -147.10044398 1
28 C -142.953525653 0
28 D -135.254023605 0
28 E -116.318639883 0
28 F 150.309595935 0
28 G -141.54323289 0
28 H -78.7668525986 0
28 I -109.794834106 0
28 K -69.3742407507 0
28 L -99.1337599398 0
28 M -95.9890535138 0
28 N -136.137726729 0
28 P 104.622039719 0
28 Q -84.7889868495 0
28 R -115.934112806 0
28 S -144.245255444 0
28 T -139.356724222 0
28 V -140.067619773 0
28 W -12.3318740119 0
28 Y 268.567411018 0
29 A -146.191591608 0
29 C -145.453623455 0
29 D -148.650568452 0
29 E -148.488464569 0
29 F -147.888578233 0
29 G -141.458968642 0
29 H -148.011651087 0
29 I -151.084840541 0
29 K -149.96833692 0
29 L -152.228212778 0
29 M -149.800525261 0
29 N -150.536773638 0
29 P 66.4266034716 0
29 Q -149.611774652 1
29 R -147.309221857 0
29 S -147.449077978 0
29 T -147.260952338 0
29 V -152.752056696 0
29 W -148.848473122 0
29 Y -147.759442868 0
30 A -137.536156279 0
30 C -138.730134249 0
30 D -138.363163612 0
30 E -132.756084267 0
30 F -112.086135686 0
30 G -133.429869887 0
30 H -137.465532645 0
30 I -147.05013708 1
30 K -129.904598628 0
30 L -140.797261313 0
30 M -138.722015923 0
30 N -140.923382295 0
30 P -135.403649378 0
30 Q -137.179794026 0
30 R -135.011197457 0
30 S -137.021221891 0
30 T -140.493027604 0
30 V -143.957211297 0
30 W -31.0529317323 0
30 Y -64.2869892229 0
31 A -143.49084331 0
31 C -143.178145623 0
31 D -142.548514445 0
31 E -145.859600303 0
31 F -143.948457961 0
31 G -138.793282834 0
31 H -142.540027683 0
31 I -148.195678693 1
31 K -145.0636588 0
31 L -147.273192082 0
31 M -144.865777759 0
31 N -142.944543873 0
31 P -23.8076383712 0
31 Q -145.120650083 0
31 R -144.060369194 0
31 S -143.886043623 0
31 T -145.880875111 0
31 V -148.313000824 0
31 W -141.100811913 0
31 Y -143.620883678 0
32 A -137.842063418 0
32 C -140.503158817 0
32 D -141.606256421 0
32 E -139.65943625 0
32 F -140.686746193 0
32 G -133.325107016 0
32 H -131.944092587 0
32 I -144.540186471 0
32 K -139.9240987 0
32 L -135.655461946 0
32 M -139.444953117 0
32 N -140.801740749 0
32 P -131.95518656 0
32 Q -142.148900711 0
32 R -143.932791573 0
32 S -139.038334663 0
32 T -141.210457786 0
32 V -146.624043969 1
32 W -112.599573586 0
32 Y -140.38744462 0
33 A -141.013573121 0
33 C -139.554887538 0
33 D -139.685839101 0
33 E -142.281174582 0
33 F -135.895860127 0
33 G -133.949785256 0
33 H -135.091233721 0
33 I -137.92034206 0
33 K -142.651651199 0
33 L -146.825313613 1
33 M -140.171418094 0
33 N -139.239846156 0
33 P -85.412826453 0
33 Q -142.592350077 0
33 R -143.237086739 0
33 S -138.996499975 0
33 T -141.157120672 0
33 V -138.910327518 0
33 W -127.156749193 0
33 Y -134.992063131 0
34 A -141.226656526 0
34 C -139.157040409 0
34 D -142.134296589 0
34 E -142.377314144 0
34 F -144.112981194 0
34 G -140.317959332 0
34 H -141.258614427 0
34 I -139.473501182 0
34 K -141.809146973 0
34 L -142.337147238 0
34 M -145.40875024 0
34 N -140.997405795 0
34 P -144.808978509 1
34 Q -140.185494833 0
34 R -141.324465517 0
34 S -142.085956298 0
34 T -140.083713593 0
34 V -139.000796161 0
34 W -143.735852231 0
34 Y -143.884607867 0
35 A -144.289159174 0
35 C -142.244413016 0
35 D -144.261320777 0
35 E -145.457601839 0
35 F -143.251926453 0
35 G -141.934380898 0
35 H -144.924478141 0
35 I -143.559670237 0
35 K -144.835472129 0
35 L -141.892435922 0
35 M -143.130719161 0
35 N -143.552064386 0
35 P 8.57743025642 0
35 Q -143.63957632 0
35 R -144.305195306 0
35 S -144.190029687 0
35 T -143.269874143 0
35 V -145.824175948 1
35 W -139.745050301 0
35 Y -142.959919877 0
36 A -134.18039142 0
36 C -126.806219995 0
36 D -132.597690374 0
36 E -131.862597016 0
36 F -132.115272005 0
36 G -145.575058565 1
36 H -135.428433456 0
36 I -120.565213492 0
36 K -133.137354979 0
36 L -132.300784957 0
36 M -130.198489885 0
36 N -136.415573272 0
36 P -17.5213519092 0
36 Q -131.111714621 0
36 R -133.932530588 0
36 S -136.893578655 0
36 T -130.262121167 0
36 V -120.802778672 0
36 W -131.961386505 0
36 Y -130.612938661 0
37 A -143.84239436 0
37 C -143.060707303 0
37 D -142.731969478 0
37 E -143.366993288 0
37 F -143.337304405 0
37 G -140.236291809 0
37 H -144.944631257 0
37 I -134.632633082 0
37 K -144.151190615 0
37 L -140.611283894 0
37 M -142.972367419 0
37 N -143.560533761 0
37 P 66.549278545 0
37 Q -144.899882073 0
37 R -143.462026533 0
37 S -142.859607775 0
37 T -145.04030642 1
37 V -139.03269796 0
37 W -142.79868253 0
37 Y -142.72158607 0
38 A -142.066816889 0
38 C -140.951560148 0
38 D -142.680226024 0
38 E -144.292640054 0
38 F -142.62312591 0
38 G -140.61914518 0
38 H -143.208322109 0
38 I -144.716317785 1
38 K -144.216650231 0
38 L -144.054825462 0
38 M -142.999049592 0
38 N -142.958187679 0
38 P -141.86039598 0
38 Q -143.461607546 0
38 R -143.731033539 0
38 S -143.643534106 0
38 T -143.753844094 0
38 V -144.456953408 0
38 W -145.646255182 0
38 Y -142.630626451 0
39 A -146.224617857 0
39 C -147.316599542 0
39 D -147.759443871 0
39 E -146.601118759 0
39 F -145.442547313 0
39 G -143.914089271 0
39 H -145.824586605 0
39 I -146.742718775 0
39 K -143.138763633 0
39 L -146.138468419 0
39 M -148.949217784 0
39 N -146.715364158 0
39 P -137.377710947 0
39 Q -143.719890069 0
39 R -142.847991072 0
39 S -146.004616847 0
39 T -151.195495426 0
39 V -150.038805332 1
39 W -148.557004845 0
39 Y -144.517689375 0
40 A -150.144337204 0
40 C -148.050434909 0
40 D -151.604420487 0
40 E -151.880552189 0
40 F -148.327879878 0
40 G -148.637160073 0
40 H -149.563534463 0
40 I -151.186965425 0
40 K -151.496130194 0
40 L -150.761979277 0
40 M -149.036765724 0
40 N -150.366533145 0
40 P -150.902127521 0
40 Q -149.385244494 0
40 R -150.119116277 0
40 S -151.178015064 0
40 T -151.057570378 1
40 V -151.001678641 0
40 W -149.234681975 0
40 Y -148.238159518 0
41 A -151.059431213 0
41 C -147.573288557 0
41 D -151.789548206 0
41 E -151.377488979 0
41 F -148.783566785 0
41 G -151.23353452 0
41 H -150.291433836 0
41 I -146.465798069 0
41 K -151.821079626 0
41 L -151.131034997 0
41 M -149.620470967 1
41 N -152.515767732 0
41 P -153.33840328 0
41 Q -149.768143612 0
41 R -150.727243952 0
41 S -151.025671237 0
41 T -150.459663216 0
41 V -146.461180557 0
41 W -148.478803477 0
41 Y -148.625010795 0
42 A -149.916895236 0
42 C -148.183914968 0
42 D -150.450442303 0
42 E -152.32742381 1
42 F -148.808555573 0
42 G -147.974566478 0
42 H -150.249862428 0
42 I -150.712729536 0
42 K -150.753355615 0
42 L -150.74441909 0
42 M -149.931173996 0
42 N -150.750031783 0
42 P 68.7507470808 0
42 Q -149.06649169 0
42 R -150.678506936 0
42 S -150.310114932 0
42 T -149.513002821 0
42 V -151.037602479 0
42 W -150.176860654 0
42 Y -148.388768677 0
43 A -144.811907649 0
43 C -144.285837304 0
43 D -145.789195208 0
43 E -147.567179576 0
43 F -150.307491738 0
43 G -142.062039193 0
43 H -148.52234128 0
43 I -148.68635204 0
43 K -147.231647747 0
43 L -147.639539037 0
43 M -146.04425906 0
43 N -146.36183088 0
43 P -139.568542193 0
43 Q -146.069126773 0
43 R -146.52995763 0
43 S -146.726956215 0
43 T -147.119284346 0
43 V -148.315636644 0
43 W -147.289514977 0
43 Y -149.845294246 1
44 A -145.348601016 0
44 C -143.597243821 0
44 D -143.623159949 0
44 E -144.094649679 0
44 F -142.049136926 0
44 G -139.908131905 0
44 H -146.032151598 0
44 I -146.047514836 0
44 K -146.018419517 0
44 L -144.046235555 0
44 M -143.414595551 0
44 N -145.143345792 0
44 P -71.3141785087 0
44 Q -143.913254459 0
44 R -148.041494751 1
44 S -144.385238532 0
44 T -140.74770597 0
44 V -147.713677691 0
44 W -141.397820121 0
44 Y -142.437777786 0
45 A -149.85166071 0
45 C -146.287405154 0
45 D -149.736840983 0
45 E -150.747881831 0
45 F -148.140806377 0
45 G -148.235537978 0
45 H -150.887059791 0
45 I -150.499715613 1
45 K -150.210132021 0
45 L -151.354765973 0
45 M -149.337628214 0
45 N -148.41285401 0
45 P -148.938360134 0
45 Q -148.658170324 0
45 R -149.2399912 0
45 S -150.772160926 0
45 T -148.783275655 0
45 V -149.683211995 0
45 W -149.383215396 0
45 Y -148.424161461 0
46 A -145.364794232 0
46 C -143.862033288 0
46 D -146.830153247 1
46 E -146.023588716 0
46 F -143.148158895 0
46 G -143.293559622 0
46 H -145.420496769 0
46 I -140.509602458 0
46 K -146.410502735 0
46 L -139.733321756 0
46 M -144.429656834 0
46 N -147.225129631 0
46 P -129.818198976 0
46 Q -144.899413872 0
46 R -145.925758872 0
46 S -145.693664963 0
46 T -146.048875691 0
46 V -145.308312081 0
46 W -143.796014722 0
46 Y -142.855122864 0
47 A -155.602635937 0
47 C -153.766846179 0
47 D -149.944130561 0
47 E -153.961872677 0
47 F -154.042171481 0
47 G -151.044270887 0
47 H -155.417604429 0
47 I -150.239852932 0
47 K -153.110456168 0
47 L -134.267694674 0
47 M -156.360718887 0
47 N -152.328347095 0
47 P 13.6752350326 0
47 Q -154.534424329 0
47 R -158.528943004 1
47 S -153.602970757 0
47 T -154.76084277 0
47 V -156.329903262 0
47 W -157.970858997 0
47 Y -153.033675828 0
48 A -144.215942352 0
48 C -145.665841825 0
48 D -143.234907915 0
48 E -135.913427399 0
48 F -74.4527744171 0
48 G -137.148342005 0
48 H -127.659568613 0
48 I -143.799767747 0
48 K -106.840739011 0
48 L -142.595671484 0
48 M -67.6602965486 0
48 N -145.217055383 0
48 P -115.371786651 0
48 Q -134.518778898 0
48 R 25.0709485977 0
48 S -144.591047494 0
48 T -146.97614393 0
48 V -153.766359133 1
48 W -41.7949712985 0
48 Y -116.560026345 0
49 A -151.461863334 0
49 C -151.401834251 0
49 D -150.862391161 0
49 E -152.84664916 0
49 F -148.533872267 0
49 G -148.09257307 0
49 H -147.905756309 0
49 I -157.736780714 0
49 K -154.087229322 0
49 L -155.684915508 0
49 M -154.504998497 0
49 N -152.568456417 0
49 P -143.163478799 0
49 Q -152.911315883 0
49 R -153.262967357 1
49 S -151.16035826 0
49 T -151.983947599 0
49 V -156.647191218 0
49 W -143.325200733 0
49 Y -142.440955177 0
50 A -136.412357467 0
50 C -137.11288422 0
50 D -139.670453536 0
50 E -139.481857547 0
50 F -118.986416772 0
50 G -130.136646639 0
50 H -137.802423874 0
50 I -142.567455219 0
50 K -130.8133982 0
50 L -148.659132111 1
50 M -135.024937021 0
50 N -141.094290833 0
50 P -52.731335402 0
50 Q -141.377830996 0
50 R -133.072638369 0
50 S -136.942747395 0
50 T -135.595856628 0
50 V -117.806303248 0
50 W -72.1167452768 0
50 Y -114.526300014 0
51 A -144.610229778 0
51 C -143.578214821 0
51 D -143.084899679 0
51 E -140.696702466 0
51 F -148.305448496 1
51 G -140.010140373 0
51 H -144.209844624 0
51 I -136.032401885 0
51 K -143.669003908 0
51 L -146.104449362 0
51 M -145.776870015 0
51 N -145.115834855 0
51 P -137.801991798 0
51 Q -141.644229861 0
51 R -142.637665376 0
51 S -143.594037467 0
51 T -143.005081051 0
51 V -140.712159922 0
51 W -149.994942655 0
51 Y -147.69842636 0
52 A -143.097622039 0
52 C -145.114589173 0
52 D -137.513961976 0
52 E -139.40639601 0
52 F -140.507156725 0
52 G -140.19141661 0
52 H -143.742394879 0
52 I -148.001013219 0
52 K -143.076814361 0
52 L -131.505774584 0
52 M -142.01091049 0
52 N -141.025767621 0
52 P 1.26505358668 0
52 Q -142.215535426 0
52 R -142.571714668 0
52 S -143.082751018 0
52 T -147.167438269 0
52 V -149.456443492 1
52 W -126.01846808 0
52 Y -140.241757418 0
53 A -138.752090656 0
53 C -138.983624375 0
53 D -149.051527587 1
53 E -139.851966036 0
53 F -134.501523335 0
53 G -141.953487292 0
53 H -136.632434416 0
53 I -135.637875153 0
53 K -135.598238237 0
53 L -139.548256945 0
53 M -138.325517529 0
53 N -145.186254617 0
53 P -42.2177077858 0
53 Q -134.685716989 0
53 R -135.524087521 0
53 S -142.326774753 0
53 T -142.093206055 0
53 V -136.679253517 0
53 W -135.490804025 0
53 Y -135.264264055 0
54 A -146.402199439 0
54 C -144.468444799 0
54 D -148.055638686 0
54 E -149.433628195 0
54 F -143.91578154 0
54 G -145.56990975 0
54 H -145.943125462 0
54 I -142.897548204 0
54 K -147.298763052 1
54 L -146.403552822 0
54 M -145.971792043 0
54 N -146.557913488 0
54 P -144.358978509 0
54 Q -146.502751798 0
54 R -146.392216756 0
54 S -148.075706979 0
54 T -145.978392143 0
54 V -143.004001815 0
54 W -144.93486986 0
54 Y -143.813302416 0
55 A -146.531709727 0
55 C -145.386817473 0
55 D -150.516465028 0
55 E -147.299973443 0
55 F -147.048584653 0
55 G -146.199409147 0
55 H -148.48005135 0
55 I -134.2638859 0
55 K -147.550014101 0
55 L -148.496514167 1
55 M -146.296134605 0
55 N -148.482024487 0
55 P -122.276703216 0
55 Q -146.152267046 0
55 R -147.399853846 0
55 S -146.657192704 0
55 T -145.876160498 0
55 V -145.950031873 0
55 W -146.417023523 0
55 Y -146.843825153 0
56 A -152.131510988 0
56 C -150.662692211 0
56 D -154.017429586 1
56 E -152.721845036 0
56 F -152.893391881 0
56 G -153.457365383 0
56 H -154.219542808 0
56 I -118.234178433 0
56 K -154.406741435 0
56 L -153.593664027 0
56 M -154.121489619 0
56 N -155.079704425 0
56 P -102.072619609 0
56 Q -153.688098322 0
56 R -154.067484711 0
56 S -152.104763768 0
56 T -146.559908185 0
56 V -139.057910422 0
56 W -153.18292308 0
56 Y -152.571065662 0
57 A -144.87985246 0
57 C -143.800072176 0
57 D -142.387219184 0
57 E -143.097587495 0
57 F -144.788584983 0
57 G -143.160004231 0
57 H -145.976243108 0
57 I -134.01773475 0
57 K -145.777596866 0
57 L -148.094180455 0
57 M -143.409933617 0
57 N -145.901903886 1
57 P -28.4604195045 0
57 Q -143.848969719 0
57 R -148.511323543 0
57 S -143.871130346 0
57 T -143.233031364 0
57 V -135.255988921 0
57 W -145.018949202 0
57 Y -144.629267684 0
58 A -139.730244497 0
58 C -140.928792502 0
58 D -138.687783523 0
58 E -137.483888638 0
58 F -98.5348311562 0
58 G -136.310024536 0
58 H -123.043594403 0
58 I -147.44693696 1
58 K -96.1700304212 0
58 L -145.051539026 0
58 M -121.266530452 0
58 N -140.456936211 0
58 P 68.882218174 0
58 Q -139.061686127 0
58 R -122.358747493 0
58 S -138.842831139 0
58 T -141.873493704 0
58 V -146.132421548 0
58 W -79.5180534685 0
58 Y -44.323341017 0
59 A -146.127850831 1
59 C -136.666303055 0
59 D -140.047164469 0
59 E -143.004636767 0
59 F -144.486160951 0
59 G -144.32535381 0
59 H -145.187638638 0
59 I -132.448159271 0
59 K -143.809108447 0
59 L -141.138758059 0
59 M -138.570531194 0
59 N -143.285744265 0
59 P 89.3648262864 0
59 Q -142.946165132 0
59 R -143.979949023 0
59 S -144.734327782 0
59 T -143.322926812 0
59 V -143.09054674 0
59 W -144.813400775 0
59 Y -144.288645111 0
60 A -147.973380321 0
60 C -147.388228886 0
60 D -149.514516378 0
60 E -150.648858536 1
60 F -146.067797312 0
60 G -140.616824143 0
60 H -149.480399359 0
60 I -148.342406336 0
60 K -150.098554782 0
60 L -150.936149372 0
60 M -148.82961432 0
60 N -148.190109325 0
60 P -112.470268468 0
60 Q -149.451889225 0
60 R -152.197991988 0
60 S -148.579291217 0
60 T -150.807639898 0
60 V -147.935166374 0
60 W -147.192455238 0
60 Y -146.529347181 0
61 A -146.549868968 0
61 C -146.650510062 0
61 D -146.253746462 0
61 E -143.783854225 0
61 F -132.554740851 0
61 G -140.39971461 0
61 H -128.9543897 0
61 I -149.203699915 0
61 K -142.554208916 0
61 L -121.946177865 0
61 M -143.147254852 0
61 N -144.839868692 0
61 P -147.356706528 0
61 Q -145.670158061 0
61 R -143.880031078 0
61 S -146.166960066 0
61 T -145.624972847 0
61 V -151.50935202 1
61 W -139.877210951 0
61 Y -132.044296138 0
62 A -149.314886415 0
62 C -147.042255245 0
62 D -144.721457717 0
62 E -142.066181845 0
62 F -107.057094356 0
62 G -144.461012442 0
62 H -131.069613897 0
62 I -136.922680846 0
62 K -55.6466050452 0
62 L -91.4839232481 0
62 M -136.462212463 0
62 N -144.526667516 0
62 P -153.051419811 1
62 Q -142.239707344 0
62 R 30.4599274156 0
62 S -147.619352086 0
62 T -143.750738306 0
62 V -148.572696749 0
62 W -43.5205589826 0
62 Y -52.8648501506 0
63 A -148.610959617 0
63 C -147.365287286 0
63 D -144.504684954 0
63 E -148.7627224 0
63 F -152.064758089 0
63 G -146.413712188 0
63 H -149.641105649 0
63 I -148.939966092 0
63 K -149.864248413 0
63 L -146.271376484 0
63 M -148.770724261 0
63 N -146.901957558 0
63 P -85.3200031129 0
63 Q -148.878991721 0
63 R -151.028409294 1
63 S -150.160839233 0
63 T -150.505483607 0
63 V -149.699473323 0
63 W -148.545943474 0
63 Y -150.573790914 0
64 A -150.891477946 0
64 C -150.280565522 0
64 D -149.816166909 0
64 E -151.458407979 0
64 F -110.77467141 0
64 G -145.490907515 0
64 H -134.031673893 0
64 I -154.651018305 0
64 K -124.964274551 0
64 L -124.314044814 0
64 M -148.62870916 0
64 N -150.242987864 0
64 P -13.9018030941 0
64 Q -151.909517666 0
64 R -123.017686121 0
64 S -150.008380113 0
64 T -154.091701849 0
64 V -156.717572796 1
64 W -126.125567762 0
64 Y -107.356277768 0
65 A -151.847751607 0
65 C -148.855648143 0
65 D -142.408740718 0
65 E -149.567539098 0
65 F -142.023100498 0
65 G -153.412349415 1
65 H -146.057092164 0
65 I -150.243196939 0
65 K -151.071793415 0
65 L -147.237012619 0
65 M -151.068952114 0
65 N -147.208540188 0
65 P -58.4689323909 0
65 Q -149.182449709 0
65 R -151.109546347 0
65 S -149.285619662 0
65 T -148.69069683 0
65 V -149.842148397 0
65 W -136.678706507 0
65 Y -146.326612767 0
