1 A -224.884280167 1
1 C -222.306399498 0
1 D -227.649205231 0
1 E -226.489775529 0
1 F -224.236524635 0
1 G -226.226503757 0
1 H -225.548175282 0
1 I -224.549199485 0
1 K -226.01372979 0
1 L -225.28373261 0
1 M -223.909057697 0
1 N -225.988700279 0
1 P -227.271267157 0
1 Q -223.753318356 0
1 R -225.12376348 0
1 S -226.147089646 0
1 T -224.45181416 0
1 V -223.872075403 0
1 W -225.143543476 0
1 Y -224.407310632 0
2 A -231.84012376 0
2 C -228.755606539 0
2 D -233.77225995 0
2 E -233.643524065 0
2 F -231.046478502 0
2 G -231.455110528 0
2 H -232.335589266 0
2 I -225.426219099 0
2 K -232.600642724 0
2 L -232.187513199 0
2 M -230.211987921 0
2 N -233.85338833 0
2 P -232.056364002 1
2 Q -230.930889076 0
2 R -231.823404326 0
2 S -231.986903668 0
2 T -232.101000277 0
2 V -226.472104998 0
2 W -230.492470356 0
2 Y -230.204072065 0
3 A -228.488476808 0
3 C -228.78678999 0
3 D -225.182069746 0
3 E -220.216567145 0
3 F -224.512731792 0
3 G -223.838645975 0
3 H -225.319270335 0
3 I -229.051182669 0
3 K -206.683513902 0
3 L -219.999541672 0
3 M -211.108133511 0
3 N -227.483542957 0
3 P -48.1743765431 0
3 Q -218.21055537 0
3 R -84.8105631353 0
3 S -228.22063438 0
3 T -230.063497583 0
3 V -233.823042196 1
3 W -191.235590729 0
3 Y -224.921164908 0
4 A -231.917150908 0
4 C -230.909162664 0
4 D -233.454139879 0
4 E -234.41843394 0
4 F -233.315159057 0
4 G -229.536384264 0
4 H -233.466700154 0
4 I -234.948413839 0
4 K -234.142695362 0
4 L -234.599534153 0
4 M -233.699176708 0
4 N -233.011681704 0
4 P -227.534913224 0
4 Q -233.181602347 0
4 R -233.779025748 1
4 S -233.159170496 0
4 T -233.43097422 0
4 V -234.522640793 0
4 W -233.164566188 0
4 Y -233.325163305 0
5 A -231.610405905 0
5 C -232.43746051 0
5 D -229.306532575 0
5 E -231.719538284 0
5 F -232.16022959 0
5 G -230.073695468 0
5 H -231.546933705 0
5 I -234.147500943 0
5 K -232.249993168 0
5 L -230.220375461 0
5 M -231.013539603 0
5 N -232.262067602 0
5 P -212.436358023 0
5 Q -233.046962217 0
5 R -236.592732741 0
5 S -233.134862776 1
5 T -235.450688746 0
5 V -234.353691734 0
5 W -229.729420205 0
5 Y -231.831791393 0
6 A -228.503485644 0
6 C -228.127140667 0
6 D -228.811554574 0
6 E -229.622839661 0
6 F -226.039193051 0
6 G -224.804670554 0
6 H -223.177765929 0
6 I -228.378211928 0
6 K -227.808228408 0
6 L -233.505041441 1
6 M -228.745581642 0
6 N -229.393250076 0
6 P -10.5214832847 0
6 Q -228.539152091 0
6 R -227.39024453 0
6 S -229.760833084 0
6 T -228.70805869 0
6 V -230.859637135 0
6 W -226.007122971 0
6 Y -225.393780869 0
7 A -237.521320445 0
7 C -234.69177103 0
7 D -237.220501749 0
7 E -231.178169948 0
7 F -233.23652912 0
7 G -232.896011508 0
7 H -234.16026339 0
7 I -230.727739218 0
7 K -232.911524229 0
7 L -231.926539828 0
7 M -206.969324447 0
7 N -235.830293633 1
7 P -230.87738824 0
7 Q -233.881330925 0
7 R -231.657753714 0
7 S -235.294932483 0
7 T -233.090768817 0
7 V -234.059719318 0
7 W -166.051123414 0
7 Y -238.340682471 0
8 A -226.210020766 0
8 C -229.5730584 1
8 D -221.918413641 0
8 E -223.875423596 0
8 F -229.220033998 0
8 G -224.652964405 0
8 H -226.453732368 0
8 I -226.701461106 0
8 K -216.976067609 0
8 L -218.089986262 0
8 M -228.804953062 0
8 N -225.757277575 0
8 P -165.156710689 0
8 Q -225.032067609 0
8 R -212.652143967 0
8 S -227.079728468 0
8 T -224.565120774 0
8 V -226.653792677 0
8 W -196.924367571 0
8 Y -226.672583125 0
9 A -230.868085032 0
9 C -231.686694996 0
9 D -226.135405044 0
9 E -232.029893578 0
9 F -215.874356416 0
9 G -228.202805053 0
9 H -222.474220881 0
9 I -233.634881085 0
9 K -226.860021976 0
9 L -225.326493885 0
9 M -230.530895989 0
9 N -229.980809448 0
9 P -193.210198719 0
9 Q -232.928050306 0
9 R -226.849682676 0
9 S -229.390449641 0
9 T -234.756074812 1
9 V -231.525239241 0
9 W -212.746902681 0
9 Y -113.756472609 0
10 A -223.470902311 0
10 C -223.275498407 0
10 D -222.729737501 0
10 E -225.468644169 0
10 F -233.357623355 0
10 G -220.121481923 0
10 H -228.44162323 0
10 I -227.266690126 0
10 K -224.776570383 0
10 L -233.065585986 1
10 M -229.772524409 0
10 N -225.353808563 0
10 P -202.396007354 0
10 Q -226.347768984 0
10 R -228.15844271 0
10 S -223.839586897 0
10 T -225.03628352 0
10 V -224.307972166 0
10 W -224.068171137 0
10 Y -230.228951253 0
11 A -234.171631447 0
11 C -232.270592329 0
11 D -231.829670557 0
11 E -236.595388079 0
11 F -231.531837904 0
11 G -230.597794863 0
11 H -230.928083387 0
11 I -238.521976255 0
11 K -235.184817792 0
11 L -231.71735511 0
11 M -238.060234427 0
11 N -235.097690199 0
11 P -206.355589441 0
11 Q -236.396048822 0
11 R -238.689275395 1
11 S -233.110510508 0
11 T -236.440561273 0
11 V -238.112584213 0
11 W -229.239148306 0
11 Y -229.94903188 0
12 A -232.886169626 0
12 C -230.771783565 0
12 D -242.563732967 1
12 E -233.779233042 0
12 F -227.462233696 0
12 G -232.294001809 0
12 H -166.688047872 0
12 I -196.161696797 0
12 K -194.690060297 0
12 L -183.555553878 0
12 M -213.086629564 0
12 N -233.94994726 0
12 P -126.411449127 0
12 Q -229.523013448 0
12 R -194.092626072 0
12 S -234.636325087 0
12 T -220.257659461 0
12 V -230.543200451 0
12 W -158.178703977 0
12 Y -222.482520805 0
13 A -242.093035604 0
13 C -237.431993064 0
13 D -232.342329351 0
13 E -233.642309603 0
13 F -231.439660672 0
13 G -240.123062475 0
13 H -233.819357894 0
13 I -233.419529322 0
13 K -235.017744292 0
13 L -227.675879206 0
13 M -234.080353527 0
13 N -232.885594837 0
13 P -86.7316409422 0
13 Q -230.793913467 0
13 R -233.502798014 0
13 S -244.049832165 1
13 T -229.352083406 0
13 V -235.805905296 0
13 W -229.164360015 0
13 Y -232.268362663 0
14 A -237.391094998 0
14 C -241.785857087 0
14 D -240.491720961 0
14 E -237.415388597 0
14 F -240.088455131 0
14 G -236.193232808 0
14 H -241.511384696 0
14 I -238.747649067 0
14 K -241.216951375 0
14 L -243.612522347 0
14 M -241.715923986 0
14 N -243.175672781 0
14 P -201.568484339 0
14 Q -238.718558753 1
14 R -241.036633504 0
14 S -242.158814231 0
14 T -241.703136364 0
14 V -239.017083901 0
14 W -240.384759813 0
14 Y -235.337950156 0
15 A -241.561132505 0
15 C -240.040915166 0
15 D -242.587337979 0
15 E -242.604142727 0
15 F -241.654417539 0
15 G -244.75246591 0
15 H -243.521961979 0
15 I -206.65212348 0
15 K -243.767294633 0
15 L -242.705777674 0
15 M -242.406019338 0
15 N -244.391296259 0
15 P -177.137891254 0
15 Q -244.416160104 1
15 R -242.934583898 0
15 S -241.138402047 0
15 T -235.295732605 0
15 V -219.364128248 0
15 W -242.154051538 0
15 Y -241.513096362 0
16 A -239.552653239 0
16 C -238.835506322 0
16 D -241.609847323 0
16 E -247.788198188 0
16 F -247.940777049 0
16 G -235.081282672 0
16 H -247.405434496 0
16 I -216.883779984 0
16 K -255.369455934 1
16 L -245.923668552 0
16 M -249.79209405 0
16 N -247.878448653 0
16 P -134.767858161 0
16 Q -256.876473143 0
16 R -243.164515613 0
16 S -245.142398205 0
16 T -236.094621372 0
16 V -204.052262232 0
16 W -176.501450733 0
16 Y -241.316931805 0
17 A -242.344261683 0
17 C -240.892424346 0
17 D -241.126460225 0
17 E -234.237858059 0
17 F -237.159960985 0
17 G -238.021586807 0
17 H -229.316735243 0
17 I -228.632163917 0
17 K -235.703099224 0
17 L -239.482481249 0
17 M -191.631542944 0
17 N -244.583413797 0
17 P -182.708481581 0
17 Q -238.754226837 0
17 R -237.715596953 0
17 S -242.062790829 1
17 T -240.100749232 0
17 V -240.727656303 0
17 W -205.380427292 0
17 Y -235.656846291 0
18 A -230.316220568 0
18 C -236.38394547 0
18 D -235.791378738 0
18 E -239.300474256 0
18 F -235.903851297 0
18 G -227.243685762 0
18 H -239.01494367 0
18 I -244.927717033 0
18 K -236.275557811 0
18 L -244.334292596 1
18 M -240.54061672 0
18 N -237.955721696 0
18 P -229.249012666 0
18 Q -238.969576577 0
18 R -238.393267202 0
18 S -230.354898 0
18 T -240.036986183 0
18 V -243.122838656 0
18 W -242.061715781 0
18 Y -228.982790507 0
19 A -238.797365025 0
19 C -238.192791701 0
19 D -231.725172464 0
19 E -241.357569547 0
19 F -231.006604136 0
19 G -236.087275195 0
19 H -238.352571354 0
19 I -239.367405603 0
19 K -237.251896467 0
19 L -238.330515898 0
19 M -236.83738849 0
19 N -235.060038714 0
19 P -182.446268738 0
19 Q -242.232610381 0
19 R -238.445790262 0
19 S -238.128414924 0
19 T -241.363140611 0
19 V -243.970833461 1
19 W -232.738608015 0
19 Y -216.517542734 0
20 A -241.533817817 0
20 C -240.713628615 0
20 D -243.88136762 0
20 E -244.162551186 0
20 F -237.855695938 0
20 G -239.962115622 0
20 H -229.371759576 0
20 I -244.012673696 0
20 K -242.459779836 0
20 L -242.934010172 0
20 M -245.061523756 1
20 N -243.919449419 0
20 P -242.877919651 0
20 Q -243.593211809 0
20 R -243.837872159 0
20 S -242.467950007 0
20 T -242.466746846 0
20 V -242.304690431 0
20 W -237.421787151 0
20 Y -237.9958692 0
21 A -230.153552514 0
21 C -223.256696563 0
21 D -237.907995893 0
21 E -224.750548188 0
21 F -226.108627556 0
21 G -240.61104967 0
21 H -225.397449859 0
21 I -199.657060667 0
21 K -226.655225918 0
21 L -235.910517995 0
21 M -221.822469785 0
21 N -233.29666288 0
21 P 9.12004225432 0
21 Q -223.121994992 0
21 R -215.372721687 0
21 S -237.229028002 1
21 T -225.288754521 0
21 V -220.917026558 0
21 W -232.241181178 0
21 Y -228.551498155 0
22 A -231.162586852 0
22 C -225.943554802 0
22 D -232.526969433 0
22 E -232.250649536 0
22 F -231.862918162 0
22 G -236.178928329 1
22 H -228.3189138 0
22 I -226.930052591 0
22 K -229.82518279 0
22 L -231.807313515 0
22 M -230.80719881 0
22 N -233.567598793 0
22 P -210.165456058 0
22 Q -228.218670149 0
22 R -230.21136327 0
22 S -228.730723449 0
22 T -229.856651856 0
22 V -226.389210502 0
22 W -228.615769918 0
22 Y -231.751890161 0
23 A -228.459213664 0
23 C -225.254123806 0
23 D -229.834747839 0
23 E -231.571867877 0
23 F -225.729113874 0
23 G -227.014024016 0
23 H -227.791482933 0
23 I -226.527004171 0
23 K -229.168148238 0
23 L -228.185672889 0
23 M -227.680061397 0
23 N -228.371621981 0
23 P -230.675327921 1
23 Q -228.565896565 0
23 R -228.455911953 0
23 S -229.642620796 0
23 T -227.757258125 0
23 V -226.696761504 0
23 W -227.140840477 0
23 Y -225.602437311 0
24 A -228.37655039 0
24 C -226.568098242 0
24 D -230.328599453 0
24 E -228.106818787 0
24 F -231.408969289 0
24 G -227.063661883 0
24 H -231.08404928 0
24 I -229.205910136 0
24 K -229.464215165 0
24 L -230.102078554 0
24 M -228.459242754 0
24 N -230.839280704 0
24 P -204.135260751 0
24 Q -228.544454205 0
24 R -231.326379246 0
24 S -229.322178869 0
24 T -230.127889106 0
24 V -229.517753992 0
24 W -225.813163683 0
24 Y -231.345334938 1
25 A -237.025147018 0
25 C -233.760013173 0
25 D -235.418599843 0
25 E -237.091991415 1
25 F -236.523851154 0
25 G -235.418734543 0
25 H -237.501222718 0
25 I -234.803273737 0
25 K -236.375543372 0
25 L -235.23971376 0
25 M -235.480779464 0
25 N -236.193915263 0
25 P -99.057368473 0
25 Q -236.755968364 0
25 R -238.249405331 0
25 S -236.036351225 0
25 T -234.407058599 0
25 V -235.60457926 0
25 W -236.059310209 0
25 Y -237.213057871 0
26 A -230.203391647 0
26 C -233.012474042 0
26 D -230.204724234 0
26 E -236.128574101 0
26 F -227.404568974 0
26 G -226.525231955 0
26 H -231.591422761 0
26 I -240.685667657 0
26 K -230.69280428 0
26 L -239.997845202 1
26 M -238.153490129 0
26 N -233.080954874 0
26 P -216.32251498 0
26 Q -235.964571881 0
26 R -230.619022719 0
26 S -230.676992097 0
26 T -233.253816981 0
26 V -238.542133737 0
26 W -168.479917393 0
26 Y -227.545939256 0
27 A -244.082607624 0
27 C -243.012685647 0
27 D -240.726517484 0
27 E -243.873471722 0
27 F -234.523774259 0
27 G -239.990996517 0
27 H -243.10548802 0
27 I -219.26747991 0
27 K -244.73204968 1
27 L -240.392380324 0
27 M -243.885200364 0
27 N -242.862430588 0
27 P -204.869696204 0
27 Q -243.749287298 0
27 R -250.823292759 0
27 S -241.615055671 0
27 T -242.797023344 0
27 V -218.961858351 0
27 W -238.04346312 0
27 Y -231.805874515 0
28 A -237.132509268 1
28 C -230.881256282 0
28 D -223.999806727 0
28 E -200.874293161 0
28 F -219.216192457 0
28 G -231.597500043 0
28 H -218.167529205 0
28 I -230.98309554 0
28 K -197.67600088 0
28 L -213.024392786 0
28 M -206.900678237 0
28 N -227.724273713 0
28 P -180.184079843 0
28 Q -176.378712997 0
28 R -174.672899418 0
28 S -234.606787399 0
28 T -231.860758719 0
28 V -232.570213419 0
28 W -205.907284496 0
28 Y -145.793812267 0
29 A -240.921407661 0
29 C -246.017838706 0
29 D -241.163814844 0
29 E -242.932970337 0
29 F -229.311416698 0
29 G -238.250155187 0
29 H -237.105376477 0
29 I -244.11600715 0
29 K -248.378662518 0
29 L -247.382779203 1
29 M -249.357107551 0
29 N -245.416632334 0
29 P -207.305423863 0
29 Q -246.737321496 0
29 R -250.146742435 0
29 S -241.302705086 0
29 T -241.010210114 0
29 V -238.710710246 0
29 W -235.67651836 0
29 Y -228.85213238 0
30 A -242.544348963 0
30 C -244.115735464 0
30 D -244.426429672 0
30 E -246.030778947 0
30 F -245.510302345 0
30 G -240.19653818 0
30 H -252.687776078 1
30 I -247.546308105 0
30 K -247.925976948 0
30 L -246.945624134 0
30 M -247.372444733 0
30 N -247.052453231 0
30 P -237.587274208 0
30 Q -245.533822673 0
30 R -253.782172884 0
30 S -242.252133103 0
30 T -240.322673439 0
30 V -247.28475983 0
30 W -239.926892482 0
30 Y -245.566097226 0
31 A -234.209482497 0
31 C -235.714889787 0
31 D -235.612216229 0
31 E -232.841885797 0
31 F -227.355673427 0
31 G -231.443426709 0
31 H -229.172585589 0
31 I -235.082741846 0
31 K -232.544233422 0
31 L -246.791155644 1
31 M -238.303771935 0
31 N -240.43621259 0
31 P -133.735072801 0
31 Q -217.659675036 0
31 R -234.805983524 0
31 S -239.476080192 0
31 T -235.901861437 0
31 V -236.005906787 0
31 W -233.281956043 0
31 Y -235.972904729 0
32 A -234.189242261 0
32 C -231.744478482 0
32 D -236.10642132 0
32 E -234.800185077 0
32 F -234.264119612 0
32 G -232.320913372 0
32 H -234.397668183 0
32 I -232.419616676 0
32 K -234.410775138 0
32 L -231.088284034 0
32 M -233.395154342 0
32 N -233.768441329 0
32 P -207.742991624 0
32 Q -232.648483369 1
32 R -234.080491704 0
32 S -235.464681854 0
32 T -234.633768854 0
32 V -231.546547233 0
32 W -233.067347513 0
32 Y -233.926660383 0
33 A -229.307448225 0
33 C -218.319780883 0
33 D -231.775419955 0
33 E -221.51254587 0
33 F -219.308839642 0
33 G -235.216754209 1
33 H -221.070651425 0
33 I -205.780919765 0
33 K -229.305329508 0
33 L -220.022422552 0
33 M -219.269716191 0
33 N -230.751337211 0
33 P -159.305560081 0
33 Q -227.951954379 0
33 R -218.985221576 0
33 S -232.005267343 0
33 T -215.318119341 0
33 V -203.604523498 0
33 W -218.774703923 0
33 Y -219.393143256 0
34 A -237.689102718 0
34 C -235.991400009 0
34 D -239.835310188 0
34 E -240.099855096 0
34 F -236.462223726 0
34 G -237.817279846 0
34 H -240.354740927 0
34 I -236.717972933 0
34 K -239.4758096 0
34 L -238.646408098 0
34 M -238.227115546 0
34 N -238.522639334 0
34 P -237.533652749 0
34 Q -238.949444424 1
34 R -238.275064317 0
34 S -240.291171494 0
34 T -239.576552235 0
34 V -236.914345919 0
34 W -237.565823438 0
34 Y -236.565916688 0
35 A -236.458037328 0
35 C -236.69803126 0
35 D -239.682901536 1
35 E -239.616415769 0
35 F -239.28309902 0
35 G -237.843409029 0
35 H -240.283827687 0
35 I -233.490372606 0
35 K -239.683198956 0
35 L -239.817531942 0
35 M -239.119780216 0
35 N -237.548342725 0
35 P -147.375843261 0
35 Q -238.176343169 0
35 R -238.962994484 0
35 S -239.092514223 0
35 T -237.683347322 0
35 V -233.705667212 0
35 W -238.836613997 0
35 Y -238.886799514 0
36 A -237.64570195 0
36 C -236.092893158 0
36 D -234.188831594 0
36 E -240.940359121 0
36 F -105.353425593 0
36 G -236.318492403 0
36 H -224.743162949 0
36 I -242.444892246 0
36 K -235.287290801 0
36 L -245.127176161 0
36 M -244.290810262 1
36 N -237.572709611 0
36 P 78.4931143203 0
36 Q -239.918102952 0
36 R -241.936704964 0
36 S -237.49233301 0
36 T -234.931269786 0
36 V -235.855567468 0
36 W -110.311511166 0
36 Y -110.624315898 0
37 A -236.240909341 0
37 C -233.95391397 0
37 D -235.311968054 0
37 E -235.820480383 1
37 F -233.113317725 0
37 G -235.366501332 0
37 H -234.996290306 0
37 I -235.275835539 0
37 K -236.990945591 0
37 L -235.210755082 0
37 M -234.822667658 0
37 N -235.830374957 0
37 P -19.552465456 0
37 Q -234.970872826 0
37 R -236.047186276 0
37 S -236.597676499 0
37 T -234.759376893 0
37 V -235.131270035 0
37 W -233.760778436 0
37 Y -233.354633101 0
38 A -243.472641887 0
38 C -241.474521532 0
38 D -242.513879271 0
38 E -240.546039702 0
38 F -241.758010507 0
38 G -242.260316649 0
38 H -243.477290925 0
38 I -240.964718774 0
38 K -241.431102817 0
38 L -243.958905135 0
38 M -242.587070366 0
38 N -243.426780078 0
38 P -152.15199963 0
38 Q -241.498527969 1
38 R -240.397112367 0
38 S -243.869208691 0
38 T -242.467396645 0
38 V -241.797310806 0
38 W -241.533518539 0
38 Y -241.447926439 0
39 A -242.689824019 0
39 C -241.263396208 0
39 D -239.352741131 0
39 E -249.190061963 0
39 F -199.591169467 0
39 G -239.684377539 0
39 H -242.41580261 0
39 I -245.909925461 0
39 K -239.808364214 0
39 L -243.020301358 0
39 M -235.429393457 0
39 N -240.473458922 0
39 P 69.1304277256 0
39 Q -247.217725078 1
39 R -246.030417586 0
39 S -241.386376878 0
39 T -241.707534807 0
39 V -238.294015333 0
39 W -212.860995205 0
39 Y -184.8511642 0
40 A -233.323638897 0
40 C -231.679543613 0
40 D -233.271964094 0
40 E -237.902577616 0
40 F -179.727252293 0
40 G -227.195462187 0
40 H -141.591046429 0
40 I -234.254254679 0
40 K -227.503098209 0
40 L -221.413708907 0
40 M -239.709599575 0
40 N -234.457027578 0
40 P -75.934563771 0
40 Q -242.231919178 0
40 R -229.076541278 0
40 S -232.167304512 0
40 T -234.386737267 0
40 V -236.034038794 1
40 W 17.9292290157 0
40 Y -124.917837574 0
41 A -229.676078691 0
41 C -234.283990335 0
41 D -228.439827171 0
41 E -229.140551959 0
41 F -234.98440892 0
41 G -225.149035655 0
41 H -231.723809276 0
41 I -238.637783414 0
41 K -235.142004735 0
41 L -234.377726241 0
41 M -229.560837452 0
41 N -230.793864603 0
41 P -225.923359603 0
41 Q -236.943325978 0
41 R -239.134935336 0
41 S -232.243799929 0
41 T -236.440711827 0
41 V -238.970107529 1
41 W -229.994815722 0
41 Y -231.236362053 0
42 A -223.853288241 0
42 C -223.785280642 0
42 D -223.188969103 0
42 E -226.928169465 0
42 F -234.597787129 1
42 G -220.81969372 0
42 H -229.458959927 0
42 I -223.619384108 0
42 K -224.10528861 0
42 L -230.387673908 0
42 M -229.216268337 0
42 N -225.420004415 0
42 P -162.101334335 0
42 Q -227.064057082 0
42 R -225.077590226 0
42 S -223.607069193 0
42 T -224.250484284 0
42 V -222.107046192 0
42 W -224.003631565 0
42 Y -233.276148097 0
43 A -235.315398297 0
43 C -231.930646751 0
43 D -233.263066052 0
43 E -236.032693663 0
43 F -183.352490876 0
43 G -229.428858057 0
43 H -197.685571144 0
43 I -235.047850759 0
43 K -239.859938807 0
43 L -236.648455307 0
43 M -238.937771672 0
43 N -232.880884752 0
43 P -118.697493609 0
43 Q -236.902671721 0
43 R -238.041674998 0
43 S -235.90306996 1
43 T -236.51981628 0
43 V -237.877672338 0
43 W -193.795130216 0
43 Y -184.573867465 0
44 A -225.574162137 0
44 C -226.757523824 0
44 D -223.472008585 0
44 E -229.605631544 0
44 F -223.417376986 0
44 G -221.434342137 0
44 H -225.148338076 0
44 I -228.661099657 0
44 K -223.546142866 0
44 L -233.873187396 0
44 M -234.912382216 1
44 N -228.265388257 0
44 P -106.311399455 0
44 Q -229.607164195 0
44 R -223.861473101 0
44 S -225.308188006 0
44 T -228.173126485 0
44 V -233.071248601 0
44 W -223.833041275 0
44 Y -210.954434708 0
45 A -232.263142683 0
45 C -232.846304849 0
45 D -231.181542433 0
45 E -229.562965259 0
45 F -233.082015982 0
45 G -227.44541052 0
45 H -234.11929811 0
45 I -237.610242925 0
45 K -226.803362991 0
45 L -230.001742313 0
45 M -233.178892863 0
45 N -233.917026397 0
45 P -119.356779933 0
45 Q -231.960685023 0
45 R -234.321445397 0
45 S -230.944241337 1
45 T -232.596974504 0
45 V -238.023586457 0
45 W -231.459016235 0
45 Y -239.261563069 0
46 A -229.376270022 0
46 C -228.679535354 0
46 D -232.995783647 0
46 E -232.388972791 0
46 F -236.962882333 1
46 G -226.572708592 0
46 H -232.948529055 0
46 I -233.732109998 0
46 K -232.928906469 0
46 L -233.801763038 0
46 M -231.555165626 0
46 N -231.412444573 0
46 P -135.626105783 0
46 Q -230.89545826 0
46 R -231.593710702 0
46 S -230.285837891 0
46 T -230.646976506 0
46 V -232.677251275 0
46 W -233.856668544 0
46 Y -234.237367708 0
47 A -228.876420712 0
47 C -229.947212609 0
47 D -225.585970898 0
47 E -216.292624797 0
47 F -201.147567414 0
47 G -220.32963874 0
47 H -211.728099939 0
47 I -231.959375148 0
47 K -209.059114902 0
47 L -227.030122065 0
47 M -216.461205433 0
47 N -228.336171264 0
47 P -141.590036601 0
47 Q -222.94973758 0
47 R -199.602821001 0
47 S -229.227912077 0
47 T -234.324957592 0
47 V -237.800952997 1
47 W -164.251962129 0
47 Y -200.388434226 0
48 A -240.364463 0
48 C -236.992844852 0
48 D -239.586995275 0
48 E -239.58031763 0
48 F -239.455952285 0
48 G -237.848740491 0
48 H -241.018528943 0
48 I -238.798509455 0
48 K -239.3006085 0
48 L -239.569258511 0
48 M -238.739410767 0
48 N -238.753260662 0
48 P -49.0412234482 0
48 Q -235.266463527 1
48 R -235.707572519 0
48 S -239.341176684 0
48 T -237.933835946 0
48 V -239.193676441 0
48 W -237.087967408 0
48 Y -238.357515984 0
49 A -214.874915621 0
49 C -219.611511545 0
49 D -231.497249246 0
49 E -217.234658109 0
49 F -222.606907756 0
49 G -229.362349549 1
49 H -225.9512852 0
49 I -169.621842925 0
49 K -213.590067215 0
49 L -210.941490665 0
49 M -218.417476242 0
49 N -228.423074409 0
49 P -114.906660313 0
49 Q -211.311851974 0
49 R -210.837014006 0
49 S -214.763544955 0
49 T -180.84307191 0
49 V -192.685869886 0
49 W -222.812301341 0
49 Y -222.083941234 0
50 A -230.540696518 0
50 C -227.927589617 0
50 D -232.409156202 0
50 E -231.927753281 1
50 F -229.925020005 0
50 G -228.673311827 0
50 H -231.229102587 0
50 I -230.833153904 0
50 K -231.839331266 0
50 L -231.535779026 0
50 M -230.433437795 0
50 N -232.181380737 0
50 P -231.510827467 0
50 Q -230.513819501 0
50 R -231.181702045 0
50 S -230.878673559 0
50 T -229.466345247 0
50 V -230.594304392 0
50 W -229.79206422 0
50 Y -229.542664108 0
51 A -231.310520708 0
51 C -230.904162434 0
51 D -229.02399126 0
51 E -232.706803152 1
51 F -207.516338952 0
51 G -229.581555866 0
51 H -236.253790012 0
51 I -231.095094279 0
51 K -232.735759969 0
51 L -229.455595567 0
51 M -232.258355165 0
51 N -229.084943719 0
51 P -161.353768806 0
51 Q -230.944738377 0
51 R -232.23813957 0
51 S -231.788004463 0
51 T -232.083644999 0
51 V -230.396058646 0
51 W -236.080151399 0
51 Y -142.756912039 0
52 A -234.050416243 0
52 C -232.4773259 0
52 D -236.083221526 0
52 E -233.788406528 0
52 F -234.082156123 0
52 G -234.890736649 0
52 H -235.459515666 0
52 I -177.317829728 0
52 K -233.982156402 0
52 L -233.190136781 0
52 M -232.75167842 0
52 N -234.832466294 0
52 P -81.1616888092 0
52 Q -233.430310416 0
52 R -235.878368163 0
52 S -236.619135538 1
52 T -234.028739655 0
52 V -178.430154994 0
52 W -232.485137647 0
52 Y -234.980443886 0
53 A -231.57417819 0
53 C -228.562690384 0
53 D -232.791196768 0
53 E -233.337225993 0
53 F -231.754122939 0
53 G -231.484673884 0
53 H -232.762215383 0
53 I -232.213108533 0
53 K -232.94411472 0
53 L -232.200049461 0
53 M -230.857004629 0
53 N -231.406077577 1
53 P -227.792729093 0
53 Q -230.568556838 0
53 R -232.483121178 0
53 S -232.210216025 0
53 T -232.301976497 0
53 V -231.911186036 0
53 W -230.820534807 0
53 Y -231.769603964 0
54 A -231.902776388 0
54 C -231.085414128 0
54 D -235.554297125 1
54 E -232.456984265 0
54 F -232.627538202 0
54 G -231.489139607 0
54 H -233.727797368 0
54 I -230.357554534 0
54 K -233.064228824 0
54 L -230.720432926 0
54 M -232.086680786 0
54 N -234.968048223 0
54 P -212.763447038 0
54 Q -229.620284103 0
54 R -230.704221055 0
54 S -234.129478661 0
54 T -229.606825424 0
54 V -227.232154603 0
54 W -230.389810028 0
54 Y -232.507511224 0
55 A -240.442182384 0
55 C -238.700742851 0
55 D -237.016269785 0
55 E -240.320943936 0
55 F -241.890492748 0
55 G -235.478409994 0
55 H -242.7638605 0
55 I -239.716265154 0
55 K -241.825188696 1
55 L -241.522115687 0
55 M -241.268126526 0
55 N -241.351638515 0
55 P -189.530595602 0
55 Q -239.918222891 0
55 R -242.353044822 0
55 S -241.863346936 0
55 T -238.022091105 0
55 V -240.106520488 0
55 W -232.425909868 0
55 Y -240.832274757 0
56 A -224.308211841 0
56 C -223.216112469 0
56 D -228.275247008 0
56 E -236.887860785 0
56 F -235.708962263 0
56 G -216.615856667 0
56 H -234.197481096 0
56 I -240.155253234 1
56 K -235.028985821 0
56 L -236.462125121 0
56 M -228.197793815 0
56 N -228.643796505 0
56 P -176.645783849 0
56 Q -227.053463802 0
56 R -234.767614428 0
56 S -225.961687866 0
56 T -237.901588085 0
56 V -240.06131356 0
56 W -230.202981375 0
56 Y -236.196803876 0
57 A -229.875024528 0
57 C -227.418531576 0
57 D -225.145234972 0
57 E -221.104310516 0
57 F -207.347443668 0
57 G -221.906632861 0
57 H -235.035465987 0
57 I -218.042139607 0
57 K -150.349610498 0
57 L -145.195756412 0
57 M -82.7744147945 0
57 N -226.146465015 0
57 P -232.625801111 1
57 Q -218.195122306 0
57 R -193.727462282 0
57 S -228.198884105 0
57 T -223.74254535 0
57 V -222.543873928 0
57 W -217.271788844 0
57 Y -231.184827807 0
58 A -219.845351968 0
58 C -221.571236359 0
58 D -213.814871732 0
58 E -213.042575395 0
58 F -214.881754069 0
58 G -215.596089704 0
58 H -216.543051202 0
58 I -225.063275999 0
58 K -203.77166585 0
58 L -146.174492753 0
58 M -206.885983196 0
58 N -217.992032832 0
58 P -72.0829065258 0
58 Q -211.681002981 0
58 R -195.445758338 0
58 S -219.41308231 0
58 T -223.253082189 0
58 V -227.885210934 1
58 W -173.553560439 0
58 Y -208.94891595 0
59 A -226.05359296 1
59 C -219.022687319 0
59 D -212.692885252 0
59 E -215.720053651 0
59 F -166.555618083 0
59 G -221.667184642 0
59 H -186.273432047 0
59 I -210.187787875 0
59 K -195.690381785 0
59 L -186.947388262 0
59 M -203.75584773 0
59 N -214.343133086 0
59 P -154.394214284 0
59 Q -218.345703571 0
59 R -172.200784647 0
59 S -223.011046227 0
59 T -217.321319744 0
59 V -218.48462705 0
59 W -129.385708656 0
59 Y -163.421894794 0
60 A -216.181405138 0
60 C -216.616744079 0
60 D -217.702481614 0
60 E -217.640650295 0
60 F -220.1777733 0
60 G -209.532623269 0
60 H -220.137883242 0
60 I -225.920642865 0
60 K -214.772470069 0
60 L -226.820069609 1
60 M -222.466963553 0
60 N -219.813117264 0
60 P -200.636866281 0
60 Q -219.362239708 0
60 R -218.296831671 0
60 S -217.585144139 0
60 T -218.291510261 0
60 V -222.45422058 0
60 W -222.318915298 0
60 Y -217.941695062 0
61 A -229.920754655 0
61 C -226.531453008 0
61 D -222.390473616 0
61 E -229.350959457 0
61 F -195.736072755 0
61 G -232.581162485 1
61 H -203.239021225 0
61 I -216.889288922 0
61 K -231.059182379 0
61 L -220.155915347 0
61 M -231.968023754 0
61 N -228.588005651 0
61 P -187.229396258 0
61 Q -229.712045457 0
61 R -231.536313191 0
61 S -226.218543079 0
61 T -228.400662007 0
61 V -216.806535945 0
61 W -200.429461931 0
61 Y -197.250452469 0
62 A -228.889948695 0
62 C -230.076775894 0
62 D -230.214988929 0
62 E -234.914487153 0
62 F -233.431956308 0
62 G -227.380035285 0
62 H -227.047771323 0
62 I -232.559833849 0
62 K -231.904108951 0
62 L -235.835284679 1
62 M -238.694838588 0
62 N -231.523719098 0
62 P -49.4746239067 0
62 Q -231.440237421 0
62 R -234.077406958 0
62 S -229.85532213 0
62 T -229.37329866 0
62 V -231.371168409 0
62 W -245.535912972 0
62 Y -232.933985807 0
63 A -235.843796344 0
63 C -233.942046697 0
63 D -236.206657915 0
63 E -228.621255337 0
63 F -231.341636857 0
63 G -233.651141376 0
63 H -236.905085531 0
63 I -233.383903834 0
63 K -230.513025552 1
63 L -237.011469799 0
63 M -232.783830951 0
63 N -233.533739141 0
63 P -167.734863087 0
63 Q -229.958972227 0
63 R -231.557910652 0
63 S -236.097927398 0
63 T -233.901346998 0
63 V -234.316485839 0
63 W -230.765725769 0
63 Y -227.43269901 0
64 A -234.548420799 0
64 C -233.090306757 0
64 D -238.765426186 0
64 E -234.91256838 1
64 F -235.553619697 0
64 G -233.981504651 0
64 H -235.554235844 0
64 I -233.401372872 0
64 K -235.766589976 0
64 L -231.696530232 0
64 M -233.182160039 0
64 N -237.059121237 0
64 P -208.475794386 0
64 Q -233.095401121 0
64 R -235.817282915 0
64 S -234.421616855 0
64 T -234.596630023 0
64 V -231.940756154 0
64 W -229.908641186 0
64 Y -230.618642791 0
65 A -234.912165493 0
65 C -232.558717735 0
65 D -232.971370415 0
65 E -235.711358958 0
65 F -235.383956442 0
65 G -231.897120155 0
65 H -235.893715568 0
65 I -232.463326266 0
65 K -241.736011408 1
65 L -236.771512048 0
65 M -234.133383277 0
65 N -233.686657821 0
65 P -174.947066445 0
65 Q -235.128057813 0
65 R -235.721706161 0
65 S -234.18162042 0
65 T -231.475681288 0
65 V -233.820344623 0
65 W -235.341858014 0
65 Y -235.609650862 0
66 A -224.682595966 0
66 C -201.972210278 0
66 D -221.738254774 0
66 E -187.320352078 0
66 F -132.453441735 0
66 G -221.581874021 0
66 H -220.427346068 0
66 I -179.858847261 0
66 K -195.639690524 0
66 L -141.898376187 0
66 M -215.224719276 0
66 N -227.42539798 1
66 P -224.938380011 0
66 Q -185.300466634 0
66 R -199.815203036 0
66 S -222.155133386 0
66 T -202.907180976 0
66 V -207.126108837 0
66 W -52.6400740971 0
66 Y -203.281991342 0
67 A -222.583885346 0
67 C -221.949336257 0
67 D -220.826214617 0
67 E -222.666586133 0
67 F -225.331662868 0
67 G -217.78010229 0
67 H -224.150496515 0
67 I -228.300412243 0
67 K -225.009791795 0
67 L -227.671394949 1
67 M -224.662876035 0
67 N -223.551220271 0
67 P -86.3148079335 0
67 Q -224.616021088 0
67 R -224.265196502 0
67 S -223.060232225 0
67 T -220.518200612 0
67 V -228.950943182 0
67 W -219.078437985 0
67 Y -221.306826926 0
68 A -218.03168852 0
68 C -218.397761324 0
68 D -216.402575439 0
68 E -220.096333005 0
68 F -227.215506995 0
68 G -214.538865661 0
68 H -223.341589676 0
68 I -219.500597811 0
68 K -218.501123184 0
68 L -221.17492452 0
68 M -220.884682206 0
68 N -219.374191544 0
68 P -173.11539087 0
68 Q -220.210176253 0
68 R -219.396913861 0
68 S -217.48199871 0
68 T -217.546890179 0
68 V -218.383728403 0
68 W -228.275485916 0
68 Y -227.68596879 1
69 A -222.251182402 0
69 C -223.303835429 0
69 D -222.557319699 0
69 E -225.209269457 0
69 F -211.106147089 0
69 G -218.617149896 0
69 H -221.176004271 0
69 I -226.848260429 0
69 K -219.160629655 0
69 L -229.726901029 1
69 M -227.829317385 0
69 N -224.19485564 0
69 P -79.7514756957 0
69 Q -225.571988043 0
69 R -216.25355796 0
69 S -222.550310148 0
69 T -221.469678729 0
69 V -219.982038432 0
69 W -222.820332107 0
69 Y -201.018234966 0
70 A -230.561482801 0
70 C -226.128823202 0
70 D -217.675055524 0
70 E -217.752783454 0
70 F -140.053909849 0
70 G -223.866866237 0
70 H -191.318278756 0
70 I -187.658247002 0
70 K -214.347903819 0
70 L -197.328045199 0
70 M -160.269322326 0
70 N -222.664719587 0
70 P -103.809389852 0
70 Q -176.841991512 0
70 R -42.4626717716 0
70 S -228.690560314 1
70 T -225.019444423 0
70 V -227.537064306 0
70 W -168.545167769 0
70 Y -120.801033978 0
71 A -237.794799327 0
71 C -238.769478433 1
71 D -238.034604584 0
71 E -230.184982695 0
71 F -223.27541984 0
71 G -231.169741921 0
71 H -227.096303207 0
71 I -237.723236746 0
71 K -224.035282139 0
71 L -231.91791496 0
71 M -229.73120154 0
71 N -238.65092385 0
71 P -152.593356783 0
71 Q -147.980819588 0
71 R -79.1190088725 0
71 S -236.180950534 0
71 T -238.344128974 0
71 V -237.165878304 0
71 W -143.067329152 0
71 Y -216.326141089 0
72 A -224.602214943 0
72 C -224.781301496 0
72 D -227.214203326 0
72 E -225.781255212 0
72 F -222.44933324 0
72 G -222.523359706 0
72 H -221.683878729 0
72 I -224.658795065 0
72 K -218.714252269 0
72 L -224.018123211 0
72 M -222.204979844 0
72 N -222.652584917 0
72 P -177.856718625 0
72 Q -219.366341184 0
72 R -224.709523794 0
72 S -225.127043185 0
72 T -226.758705348 0
72 V -229.839419311 1
72 W -220.021032857 0
72 Y -221.556211187 0
73 A -223.936849534 0
73 C -223.182214746 0
73 D -223.961558878 0
73 E -225.971327421 0
73 F -222.609770119 0
73 G -221.050617048 0
73 H -222.110994806 0
73 I -225.140747927 0
73 K -225.297432278 0
73 L -229.447585866 1
73 M -223.938421224 0
73 N -225.423593724 0
73 P -222.564604773 0
73 Q -223.927916312 0
73 R -225.066231024 0
73 S -224.182803608 0
73 T -224.398402116 0
73 V -225.556093913 0
73 W -219.097545245 0
73 Y -222.577433815 0
74 A -227.046127609 0
74 C -226.993624168 0
74 D -225.605642817 0
74 E -227.680201682 0
74 F -226.416658264 0
74 G -223.525804662 0
74 H -228.794136056 0
74 I -229.2304853 0
74 K -229.562128557 1
74 L -228.852850652 0
74 M -227.308193843 0
74 N -227.318026096 0
74 P -167.743874117 0
74 Q -228.453723303 0
74 R -230.878548258 0
74 S -227.405016552 0
74 T -227.842180068 0
74 V -230.884973758 0
74 W -225.41107331 0
74 Y -226.584911371 0
75 A -225.794337538 0
75 C -224.175233563 0
75 D -228.914897508 1
75 E -227.381351579 0
75 F -226.203410616 0
75 G -227.456572431 0
75 H -228.273911522 0
75 I -198.950579405 0
75 K -228.218501682 0
75 L -226.118201531 0
75 M -225.417625868 0
75 N -229.321464389 0
75 P -165.513580399 0
75 Q -225.987725371 0
75 R -227.367095176 0
75 S -226.735509667 0
75 T -221.004377209 0
75 V -212.745096039 0
75 W -225.05047691 0
75 Y -225.704150246 0
76 A -225.859687018 0
76 C -223.823472391 0
76 D -229.4061241 1
76 E -227.381323801 0
76 F -227.032854884 0
76 G -229.448837985 0
76 H -228.634987356 0
76 I -206.169671978 0
76 K -228.382281112 0
76 L -227.116640122 0
76 M -226.160427056 0
76 N -229.561593445 0
76 P -162.566894831 0
76 Q -226.578823634 0
76 R -227.70516045 0
76 S -227.168568034 0
76 T -223.547895823 0
76 V -206.061067803 0
76 W -225.893091403 0
76 Y -226.253184514 0
77 A -227.001697726 0
77 C -225.490624028 0
77 D -226.199065407 0
77 E -230.061402548 0
77 F -226.483529023 0
77 G -223.216471677 0
77 H -226.254424296 0
77 I -231.79848793 0
77 K -230.984030753 1
77 L -229.712316881 0
77 M -228.496694238 0
77 N -229.046217053 0
77 P 142.53259618 0
77 Q -229.059864361 0
77 R -230.316587587 0
77 S -227.976988787 0
77 T -230.96479417 0
77 V -231.658691096 0
77 W -224.209546081 0
77 Y -226.429343095 0
78 A -227.676480052 0
78 C -224.921544184 0
78 D -220.508305069 0
78 E -219.745168869 0
78 F -214.388894019 0
78 G -222.329755179 0
78 H -214.710800373 0
78 I -200.087384905 0
78 K -216.812262872 0
78 L -190.54781792 0
78 M -216.239445101 0
78 N -222.616138938 0
78 P -228.913707626 1
78 Q -221.338185721 0
78 R -217.291529071 0
78 S -224.673970109 0
78 T -220.50179369 0
78 V -219.978649853 0
78 W -163.341023254 0
78 Y -215.719535597 0
79 A -226.199186876 0
79 C -225.164998014 0
79 D -223.402019548 0
79 E -224.339477902 0
79 F -232.338692203 0
79 G -222.756414354 0
79 H -233.647732529 0
79 I -217.467755027 0
79 K -230.457720773 0
79 L -224.644372844 0
79 M -225.564715074 0
79 N -224.984958346 0
79 P 87.0179164078 0
79 Q -225.271213119 0
79 R -230.420741617 0
79 S -225.88519603 0
79 T -227.428048228 1
79 V -218.704208712 0
79 W -230.573128995 0
79 Y -232.205061111 0
80 A -216.660010792 0
80 C -214.785250432 0
80 D -214.804204891 0
80 E -217.851410373 0
80 F -203.525077054 0
80 G -213.606007049 0
80 H -216.526171108 0
80 I -218.915181997 0
80 K -220.030320875 0
80 L -225.551822947 1
80 M -219.992994624 0
80 N -217.039215252 0
80 P -164.938679644 0
80 Q -219.145029394 0
80 R -216.939385441 0
80 S -217.327408815 0
80 T -216.183884484 0
80 V -213.997126824 0
80 W -225.023912819 0
80 Y -196.229399685 0
81 A -224.584464876 0
81 C -223.646551164 0
81 D -222.609999463 0
81 E -226.854549644 0
81 F -218.404047526 0
81 G -221.366149309 0
81 H -220.960724523 0
81 I -228.753015245 0
81 K -222.355351906 0
81 L -223.069203475 0
81 M -227.025814858 0
81 N -224.318924166 0
81 P -121.544997727 0
81 Q -231.070763604 1
81 R -227.364446295 0
81 S -225.500728047 0
81 T -226.829334887 0
81 V -229.656206177 0
81 W -224.057118592 0
81 Y -218.83804605 0
82 A -223.729917782 0
82 C -224.715907178 0
82 D -222.44673949 0
82 E -224.430933203 0
82 F -224.724468449 0
82 G -219.203983277 0
82 H -221.982972563 0
82 I -232.582465627 0
82 K -216.164240643 0
82 L -232.440065526 1
82 M -228.868515138 0
82 N -225.860812528 0
82 P -203.955186473 0
82 Q -225.180635812 0
82 R -223.02676699 0
82 S -224.032450172 0
82 T -227.39198474 0
82 V -231.049225109 0
82 W -180.828642691 0
82 Y -216.872097316 0
83 A -216.208189332 0
83 C -222.926331003 0
83 D -221.197677354 0
83 E -228.781616589 1
83 F -223.804330261 0
83 G -211.705833662 0
83 H -224.52860142 0
83 I -220.498402265 0
83 K -222.665092429 0
83 L -227.56504714 0
83 M -225.490902678 0
83 N -222.630277689 0
83 P -115.441233187 0
83 Q -225.148722578 0
83 R -221.673451328 0
83 S -222.403604044 0
83 T -225.319738827 0
83 V -224.623015013 0
83 W -223.839880647 0
83 Y -224.087654996 0
84 A -225.634784474 0
84 C -221.81241078 0
84 D -223.593391024 0
84 E -226.209126675 0
84 F -218.526312071 0
84 G -223.561191542 0
84 H -223.632494917 0
84 I -223.920926059 0
84 K -224.373070603 0
84 L -220.162432159 0
84 M -223.708419084 0
84 N -223.32804671 0
84 P -226.286021018 0
84 Q -224.307757977 0
84 R -224.626286209 0
84 S -225.865477275 1
84 T -223.875132653 0
84 V -224.233391794 0
84 W -223.760504167 0
84 Y -216.398071784 0
85 A -217.874191934 0
85 C -218.880113678 0
85 D -213.551925516 0
85 E -214.443351664 0
85 F -179.213983348 0
85 G -214.11680402 0
85 H -201.968825963 0
85 I -218.193140746 0
85 K -216.22375323 0
85 L -214.624518947 0
85 M -218.205125464 0
85 N -218.991456468 0
85 P -129.202651565 0
85 Q -218.34850424 0
85 R -219.06269292 0
85 S -217.721878268 0
85 T -221.778913806 0
85 V -225.768111039 1
85 W -187.080458889 0
85 Y -182.719459782 0
86 A -222.412081952 0
86 C -222.229968062 0
86 D -227.429604599 1
86 E -223.808487124 0
86 F -219.411921882 0
86 G -218.724579413 0
86 H -221.164602208 0
86 I -222.619370069 0
86 K -221.928721565 0
86 L -221.729756495 0
86 M -221.235076043 0
86 N -225.810587257 0
86 P -223.23740486 0
86 Q -221.279188232 0
86 R -220.888066774 0
86 S -222.689500702 0
86 T -222.757868077 0
86 V -222.951898215 0
86 W -220.870142516 0
86 Y -219.764512476 0
87 A -226.007090304 0
87 C -224.12845625 0
87 D -228.465787405 0
87 E -227.993203033 0
87 F -224.944326598 0
87 G -225.114809933 0
87 H -227.785622269 0
87 I -225.197150651 0
87 K -226.842081281 0
87 L -220.186596531 0
87 M -224.753364333 0
87 N -225.813418879 0
87 P -228.413072877 1
87 Q -225.979909209 0
87 R -225.894478323 0
87 S -227.679370895 0
87 T -220.2509876 0
87 V -224.222623272 0
87 W -225.63323425 0
87 Y -224.78193302 0
88 A -226.104731907 0
88 C -223.935305378 0
88 D -228.031663297 0
88 E -227.111039138 0
88 F -226.30264174 0
88 G -225.465421631 0
88 H -227.755329248 0
88 I -225.781923874 0
88 K -227.583904871 1
88 L -227.577879685 0
88 M -225.935224085 0
88 N -227.13015909 0
88 P -198.256106686 0
88 Q -225.859338383 0
88 R -229.250352369 0
88 S -226.638242685 0
88 T -226.417180723 0
88 V -226.162066772 0
88 W -225.918846489 0
88 Y -226.225168877 0
89 A -227.231878574 0
89 C -225.750108594 0
89 D -227.276309876 0
89 E -228.473034143 0
89 F -225.618762316 0
89 G -226.162573706 0
89 H -228.322386405 0
89 I -216.650107195 0
89 K -228.563048347 0
89 L -228.787686925 0
89 M -227.235991651 0
89 N -228.376357545 1
89 P -194.38122164 0
89 Q -227.403527652 0
89 R -228.577585448 0
89 S -227.184128013 0
89 T -226.321411569 0
89 V -217.792492521 0
89 W -225.629840946 0
89 Y -225.701515556 0
90 A -220.766833492 0
90 C -219.197584749 0
90 D -216.830728312 0
90 E -219.539864062 0
90 F -228.2274199 0
90 G -214.842698522 0
90 H -224.452776969 0
90 I -208.257824961 0
90 K -219.87289481 0
90 L -217.791576231 0
90 M -219.9843669 0
90 N -221.786875771 0
90 P -153.614068596 0
90 Q -220.053215027 0
90 R -225.380882467 0
90 S -219.646649373 0
90 T -221.287383422 0
90 V -221.936658267 0
90 W -196.840682061 0
90 Y -228.244457538 1
91 A -228.716079921 0
91 C -227.721395031 0
91 D -228.932786641 0
91 E -229.16915108 0
91 F -224.045012716 0
91 G -227.414449873 0
91 H -220.10080629 0
91 I -224.991467513 0
91 K -223.542729852 0
91 L -213.399408579 0
91 M -227.415249711 0
91 N -232.621452318 0
91 P -234.625114958 1
91 Q -226.720357712 0
91 R -231.416027471 0
91 S -231.355557164 0
91 T -228.307731641 0
91 V -227.17159071 0
91 W -232.57038296 0
91 Y -222.777755078 0
92 A -232.842485403 0
92 C -232.420540122 0
92 D -234.732362591 0
92 E -232.793205748 0
92 F -220.397571489 0
92 G -230.508704937 0
92 H -232.476772636 0
92 I -234.790409817 0
92 K -235.801504407 1
92 L -229.783075078 0
92 M -233.744385247 0
92 N -232.687969794 0
92 P -199.980924271 0
92 Q -232.969086869 0
92 R -233.219625354 0
92 S -233.300628805 0
92 T -236.098087326 0
92 V -234.939786851 0
92 W -232.140996937 0
92 Y -218.196048183 0
93 A -237.607674858 0
93 C -233.472843699 0
93 D -235.406519622 0
93 E -237.366890175 0
93 F -167.798092107 0
93 G -235.483320735 0
93 H -212.874509353 0
93 I -235.556247714 0
93 K -235.879573497 1
93 L -226.167268643 0
93 M -234.790449225 0
93 N -233.128121098 0
93 P -233.361375863 0
93 Q -235.439001519 0
93 R -236.094799532 0
93 S -237.807392118 0
93 T -235.536488481 0
93 V -236.612105236 0
93 W -202.899535723 0
93 Y -234.909311199 0
94 A -233.61725427 0
94 C -233.32193463 0
94 D -234.400724288 0
94 E -233.12278206 0
94 F -232.048897072 0
94 G -232.505691517 0
94 H -236.911861415 0
94 I -231.069428269 0
94 K -236.640739233 1
94 L -227.928113333 0
94 M -235.866932693 0
94 N -237.43082875 0
94 P -221.470061366 0
94 Q -233.57602014 0
94 R -237.981904395 0
94 S -233.248777341 0
94 T -230.476922396 0
94 V -234.183529904 0
94 W -231.458063043 0
94 Y -231.968390477 0
95 A -241.705829762 0
95 C -240.927397685 0
95 D -238.967101445 0
95 E -240.439076224 0
95 F -210.139723603 0
95 G -237.913532792 0
95 H -226.037543722 0
95 I -240.370381236 0
95 K -232.032223385 0
95 L -231.789090081 0
95 M -246.471449659 1
95 N -237.509480309 0
95 P -186.979244823 0
95 Q -237.482285828 0
95 R -238.178616905 0
95 S -239.726878822 0
95 T -241.06067452 0
95 V -239.941913455 0
95 W -171.230051597 0
95 Y -138.687029923 0
96 A -234.823209404 0
96 C -231.418657028 0
96 D -235.318249427 0
96 E -238.471853038 1
96 F -231.618482723 0
96 G -232.826496861 0
96 H -239.654154671 0
96 I -230.312317532 0
96 K -232.085010044 0
96 L -233.356726016 0
96 M -231.620969532 0
96 N -236.924272173 0
96 P -236.355904908 0
96 Q -231.026024166 0
96 R -231.186072794 0
96 S -234.751999045 0
96 T -230.375027807 0
96 V -232.645637491 0
96 W -232.244184453 0
96 Y -231.954354328 0
97 A -237.718553302 0
97 C -234.169534464 0
97 D -238.663808475 0
97 E -240.195839891 0
97 F -235.208401179 0
97 G -236.267359178 0
97 H -237.181320389 0
97 I -236.717507654 0
97 K -238.296248889 1
97 L -238.252347726 0
97 M -239.285831193 0
97 N -237.710458507 0
97 P -238.050509637 0
97 Q -237.183604032 0
97 R -237.706991028 0
97 S -238.346972224 0
97 T -238.176909817 0
97 V -237.04681265 0
97 W -241.47158777 0
97 Y -234.948629259 0
98 A -236.785323937 0
98 C -234.930925781 0
98 D -232.824848938 0
98 E -236.942274018 0
98 F -235.239942253 0
98 G -233.961027582 0
98 H -237.851611377 0
98 I -236.833868432 0
98 K -237.069512441 0
98 L -237.561227653 0
98 M -235.194413922 0
98 N -235.137200736 0
98 P -217.237238123 0
98 Q -235.750741172 0
98 R -237.096121869 1
98 S -236.573198902 0
98 T -236.977363471 0
98 V -237.232833834 0
98 W -233.139689343 0
98 Y -234.667262493 0
99 A -228.567936446 0
99 C -228.177326128 0
99 D -227.252030621 0
99 E -224.807091557 0
99 F -238.326101785 1
99 G -225.602494948 0
99 H -232.174475289 0
99 I -222.90905681 0
99 K -223.903064824 0
99 L -229.274740094 0
99 M -229.91421767 0
99 N -229.784703288 0
99 P -170.310838322 0
99 Q -226.736634164 0
99 R -227.515610348 0
99 S -228.297587328 0
99 T -228.089890813 0
99 V -222.854880422 0
99 W -227.454481808 0
99 Y -226.045002828 0
100 A -232.801214256 0
100 C -233.51958335 0
100 D -229.195190918 0
100 E -236.35933516 0
100 F -206.905359104 0
100 G -228.198879348 0
100 H -228.147810447 0
100 I -245.567737274 0
100 K -239.065132262 0
100 L -233.632550716 0
100 M -238.443904097 0
100 N -234.592714551 0
100 P -138.69862584 0
100 Q -236.916520609 0
100 R -243.628242336 0
100 S -233.068086282 0
100 T -236.032178958 0
100 V -239.934868966 1
100 W -200.327935215 0
100 Y -201.80229903 0
101 A -216.942627398 0
101 C -216.96079833 0
101 D -214.990905808 0
101 E -218.596327525 0
101 F -230.590227326 1
101 G -212.276378173 0
101 H -224.842926274 0
101 I -199.619037201 0
101 K -216.584855289 0
101 L -216.868589758 0
101 M -222.190265378 0
101 N -217.812889393 0
101 P -168.867204539 0
101 Q -220.029323197 0
101 R -222.912819837 0
101 S -215.748006066 0
101 T -217.51791607 0
101 V -219.542957753 0
101 W -226.290846013 0
101 Y -227.406356232 0
102 A -226.90068108 0
102 C -225.704600311 0
102 D -231.180151804 0
102 E -229.856193539 0
102 F -243.766469417 0
102 G -223.533450051 0
102 H -232.766700321 0
102 I -237.475662286 0
102 K -230.275356839 0
102 L -229.260418676 0
102 M -235.167843877 0
102 N -232.317080171 1
102 P -120.133818413 0
102 Q -237.709331774 0
102 R -237.802426374 0
102 S -226.269289128 0
102 T -221.985132801 0
102 V -232.366945505 0
102 W -230.512000835 0
102 Y -243.278180709 0
103 A -234.80531069 0
103 C -234.098331955 0
103 D -233.965004481 0
103 E -236.252548724 0
103 F -211.039599143 0
103 G -230.626432228 0
103 H -222.293669082 0
103 I -229.910305701 0
103 K -237.359184333 1
103 L -238.711296807 0
103 M -241.105957441 0
103 N -236.512935965 0
103 P -68.427326201 0
103 Q -236.730171412 0
103 R -239.660906015 0
103 S -234.699459291 0
103 T -235.235037969 0
103 V -224.84469083 0
103 W -231.445371827 0
103 Y -205.770988348 0
104 A -234.354339472 0
104 C -234.154690721 0
104 D -231.023642509 0
104 E -233.637942917 0
104 F -218.930132952 0
104 G -229.719625546 0
104 H -230.770560766 0
104 I -239.394808568 1
104 K -232.966385153 0
104 L -231.001508591 0
104 M -234.862997133 0
104 N -233.150624063 0
104 P -51.0539210737 0
104 Q -232.514246775 0
104 R -234.126776269 0
104 S -234.121965393 0
104 T -235.19519617 0
104 V -238.376951565 0
104 W -227.469972971 0
104 Y -223.478553179 0
105 A -246.506690925 0
105 C -245.645909176 0
105 D -249.116502035 0
105 E -248.919502082 1
105 F -227.861437697 0
105 G -243.816489302 0
105 H -252.870377838 0
105 I -253.0867698 0
105 K -249.241924765 0
105 L -250.363190599 0
105 M -248.325446415 0
105 N -249.10654201 0
105 P -249.27688689 0
105 Q -245.954107941 0
105 R -252.506797601 0
105 S -248.073964042 0
105 T -247.615486169 0
105 V -249.115069714 0
105 W -230.731056358 0
105 Y -225.007017669 0
106 A -242.137962613 0
106 C -241.293402224 0
106 D -242.719308984 0
106 E -242.391765497 0
106 F -243.377958671 0
106 G -236.286461398 0
106 H -243.860620306 0
106 I -245.753408516 1
106 K -241.744351209 0
106 L -244.996948624 0
106 M -241.963876404 0
106 N -243.998900392 0
106 P -169.071227248 0
106 Q -243.304035808 0
106 R -243.566547922 0
106 S -244.056220687 0
106 T -242.716210035 0
106 V -246.228934059 0
106 W -241.882994218 0
106 Y -242.344473725 0
107 A -241.02689431 0
107 C -239.174464604 0
107 D -244.049868273 0
107 E -242.798921726 0
107 F -238.643867763 0
107 G -239.950529877 0
107 H -242.229998881 0
107 I -212.850863957 0
107 K -243.266809374 0
107 L -241.375264498 0
107 M -240.745469755 0
107 N -244.366282547 1
107 P -184.832719554 0
107 Q -241.625678244 0
107 R -242.314044805 0
107 S -241.575919214 0
107 T -236.067214217 0
107 V -227.608087957 0
107 W -238.904253769 0
107 Y -238.323817538 0
108 A -242.35880663 0
108 C -240.530496705 0
108 D -245.407512465 0
108 E -243.719377432 0
108 F -243.244714083 0
108 G -245.507744363 0
108 H -244.852518881 0
108 I -217.360333318 0
108 K -244.822394437 0
108 L -243.528417893 0
108 M -242.347140799 0
108 N -245.953686938 1
108 P -178.379470889 0
108 Q -242.726514626 0
108 R -243.893706994 0
108 S -243.318760602 0
108 T -238.259689207 0
108 V -216.940960528 0
108 W -241.919072429 0
108 Y -242.513826424 0
109 A -243.9884028 0
109 C -243.060745454 0
109 D -239.223192837 0
109 E -238.669618379 0
109 F -243.269758229 0
109 G -242.4215188 0
109 H -246.172384317 0
109 I -220.982669935 0
109 K -244.255970121 1
109 L -246.306074945 0
109 M -243.942304862 0
109 N -243.434367238 0
109 P 260.709590351 0
109 Q -242.838737577 0
109 R -245.040549996 0
109 S -243.254770421 0
109 T -243.631766988 0
109 V -224.697747141 0
109 W -242.200880048 0
109 Y -243.330607587 0
110 A -242.025874801 0
110 C -241.853553832 0
110 D -243.948509176 0
110 E -242.003366519 0
110 F -243.381836274 0
110 G -237.581035376 0
110 H -242.322375403 0
110 I -245.373031269 0
110 K -237.380350578 0
110 L -248.367736623 1
110 M -241.24057132 0
110 N -240.539701938 0
110 P -157.718566086 0
110 Q -244.211158342 0
110 R -242.378088597 0
110 S -241.211419154 0
110 T -242.2488791 0
110 V -245.426068272 0
110 W -240.510741849 0
110 Y -243.458908575 0
111 A -233.837526399 0
111 C -232.718854261 0
111 D -229.97018775 0
111 E -235.362642141 1
111 F -230.360164189 0
111 G -227.676342175 0
111 H -234.780625078 0
111 I -234.127986276 0
111 K -230.778489896 0
111 L -235.918463315 0
111 M -233.070105447 0
111 N -232.946941096 0
111 P -167.711970361 0
111 Q -231.740283096 0
111 R -232.630580002 0
111 S -232.341255077 0
111 T -229.477439172 0
111 V -235.468401015 0
111 W -222.507061643 0
111 Y -228.345476055 0
112 A -217.4675774 0
112 C -216.991336822 0
112 D -219.025976557 0
112 E -218.827800101 0
112 F -229.383612086 1
112 G -209.579882215 0
112 H -223.392213252 0
112 I -215.956859328 0
112 K -216.005678551 0
112 L -220.594785097 0
112 M -221.161703207 0
112 N -220.723815652 0
112 P -203.585116402 0
112 Q -219.313149497 0
112 R -217.553590151 0
112 S -217.24986712 0
112 T -216.031511146 0
112 V -215.580098889 0
112 W -216.398291819 0
112 Y -228.948263179 0
113 A -224.785089011 0
113 C -224.545299445 0
113 D -219.557850336 0
113 E -229.915660119 1
113 F 330.572143658 0
113 G -219.307308097 0
113 H -123.499537947 0
113 I -218.904325159 0
113 K -222.123691764 0
113 L -222.728010259 0
113 M -226.175481569 0
113 N -221.82071888 0
113 P -145.763635221 0
113 Q -223.937750484 0
113 R -210.137645384 0
113 S -222.896812585 0
113 T -223.286889754 0
113 V -221.796961794 0
113 W 28.7792324967 0
113 Y -204.987367372 0
114 A -230.988668244 0
114 C -229.221241899 0
114 D -233.966714396 0
114 E -213.574697321 0
114 F -204.749152677 0
114 G -225.270167415 0
114 H -208.962610799 0
114 I -203.326799313 0
114 K -166.215221663 0
114 L -214.675155383 0
114 M -202.961485761 0
114 N -231.757716113 0
114 P -8.96510268882 0
114 Q -207.20006109 0
114 R -147.59199982 0
114 S -231.086666251 1
114 T -214.177183115 0
114 V -200.699975043 0
114 W 290.91345355 0
114 Y -190.416961222 0
115 A -236.765206577 1
115 C -232.666477724 0
115 D -238.513793229 0
115 E -236.588375547 0
115 F -234.522928011 0
115 G -234.088925121 0
115 H -234.174997824 0
115 I -223.508802375 0
115 K -235.685059517 0
115 L -237.917488716 0
115 M -237.448540642 0
115 N -233.13981416 0
115 P 34.5760900358 0
115 Q -236.43833758 0
115 R -236.097481257 0
115 S -235.078637236 0
115 T -231.208918426 0
115 V -229.775453189 0
115 W -235.355869425 0
115 Y -234.297817965 0
116 A -237.811944296 0
116 C -234.209173145 0
116 D -234.502693661 0
116 E -235.955564707 0
116 F -235.787945305 0
116 G -231.079060794 0
116 H -238.536461986 0
116 I -226.190321189 0
116 K -237.179136768 0
116 L -238.162344133 0
116 M -236.793510192 0
116 N -236.110432985 0
116 P -208.589516757 0
116 Q -235.96515675 1
116 R -239.089448564 0
116 S -236.700135043 0
116 T -237.491357227 0
116 V -223.522714315 0
116 W -232.253133079 0
116 Y -236.066313247 0
117 A -220.390910466 0
117 C -219.280445439 0
117 D -220.847273128 0
117 E -219.823978163 0
117 F -229.437173491 1
117 G -204.787784967 0
117 H -225.980738233 0
117 I -218.837581478 0
117 K -219.643810964 0
117 L -206.651722796 0
117 M -220.362262025 0
117 N -222.476378094 0
117 P -167.044508515 0
117 Q -219.861883921 0
117 R -217.924327742 0
117 S -218.346880693 0
117 T -219.638122244 0
117 V -214.832428084 0
117 W -221.73261794 0
117 Y -227.400509815 0
118 A -221.359227126 0
118 C -218.512749599 0
118 D -221.119513594 0
118 E -221.460954326 0
118 F -222.630198986 0
118 G -220.325979377 0
118 H -230.262688196 0
118 I -219.202005229 0
118 K -221.372766452 0
118 L -224.63852683 0
118 M -220.624480228 0
118 N -222.653274157 0
118 P -227.51669626 1
118 Q -219.859638327 0
118 R -220.978555246 0
118 S -221.853955626 0
118 T -219.551846012 0
118 V -221.038185945 0
118 W -227.114024619 0
118 Y -222.712002776 0
119 A -222.882908548 0
119 C -221.05382087 0
119 D -225.119954731 0
119 E -223.954411469 0
119 F -223.754412902 0
119 G -225.303355792 0
119 H -225.370371281 0
119 I -197.993584566 0
119 K -225.269391541 0
119 L -224.409221388 0
119 M -223.165832421 0
119 N -226.183730847 1
119 P -141.724556774 0
119 Q -224.807711454 0
119 R -224.422028213 0
119 S -223.154769445 0
119 T -219.147221219 0
119 V -197.165316353 0
119 W -222.838605412 0
119 Y -223.121532338 0
120 A -220.745670704 0
120 C -220.280538697 0
120 D -217.155831903 0
120 E -219.043051214 0
120 F -224.788779403 0
120 G -216.347320863 0
120 H -221.919834363 0
120 I -215.732873075 0
120 K -219.655503848 0
120 L -208.080491546 0
120 M -220.694442844 0
120 N -219.875273295 0
120 P -13.9393862766 0
120 Q -220.432448141 0
120 R -221.989941732 0
120 S -218.587260077 0
120 T -217.960180108 0
120 V -217.026692486 0
120 W -227.315189257 1
120 Y -224.459564247 0
121 A -221.236604533 0
121 C -220.291996629 0
121 D -218.164676452 0
121 E -216.566878532 0
121 F -227.397997178 0
121 G -214.513283959 0
121 H -223.284507019 0
121 I -218.526070682 0
121 K -218.414272303 0
121 L -223.767423283 0
121 M -220.064482345 0
121 N -220.852823429 0
121 P -159.081787001 0
121 Q -218.323393477 0
121 R -216.33314644 0
121 S -219.154165652 0
121 T -222.04685252 0
121 V -224.031326412 0
121 W -221.837888346 0
121 Y -226.56116025 1
122 A -218.399622598 0
122 C -219.172443066 0
122 D -218.402984346 0
122 E -223.323889197 0
122 F -211.443440551 0
122 G -215.069303973 0
122 H -214.477004839 0
122 I -227.054646348 1
122 K -219.165465453 0
122 L -224.116938394 0
122 M -225.111729099 0
122 N -220.85044364 0
122 P -106.103347983 0
122 Q -221.200804497 0
122 R -223.901876777 0
122 S -218.150056933 0
122 T -220.492183986 0
122 V -224.41998137 0
122 W -208.774122039 0
122 Y -208.110439692 0
123 A -228.589459954 0
123 C -226.15135673 0
123 D -214.546228393 0
123 E -207.456750764 0
123 F -160.669132971 0
123 G -223.111393362 0
123 H -177.235401104 0
123 I -183.899728136 0
123 K -171.991487003 0
123 L -161.725326946 0
123 M -186.062046144 0
123 N -218.15387905 0
123 P 33.6211703513 0
123 Q -210.037155298 0
123 R -138.605200793 0
123 S -226.28089328 1
123 T -222.807218123 0
123 V -218.35398288 0
123 W 218.30737336 0
123 Y -146.63266774 0
124 A -228.927999823 0
124 C -230.141924209 0
124 D -226.44671769 0
124 E -222.772944931 0
124 F -213.632555558 0
124 G -226.08566181 0
124 H -219.88032627 0
124 I -225.680389136 0
124 K -210.881158382 0
124 L -226.34042701 0
124 M -218.85596086 0
124 N -228.512007359 0
124 P -166.929775278 0
124 Q -227.783048171 0
124 R -215.583761747 0
124 S -229.067430208 0
124 T -234.231069595 1
124 V -227.202008641 0
124 W -203.436641913 0
124 Y -210.918240194 0
125 A -232.228013849 0
125 C -231.345877011 0
125 D -234.605846038 0
125 E -231.311141027 0
125 F -235.347595716 0
125 G -230.755622568 0
125 H -233.640122064 0
125 I -220.774994961 0
125 K -234.665037945 0
125 L -228.539149928 0
125 M -231.901813049 0
125 N -234.549881615 0
125 P -224.425431261 0
125 Q -230.712366615 0
125 R -234.582564373 0
125 S -232.82912697 1
125 T -231.375029997 0
125 V -218.103531522 0
125 W -233.979473569 0
125 Y -234.9514156 0
126 A -237.674675893 0
126 C -235.148839525 0
126 D -236.895198486 0
126 E -238.645287783 0
126 F -236.628616054 0
126 G -237.258762875 0
126 H -239.050885916 0
126 I -237.305869987 0
126 K -239.447307591 0
126 L -237.920473209 0
126 M -238.757911243 0
126 N -236.167115103 0
126 P -237.139288389 0
126 Q -238.262014334 1
126 R -238.500824636 0
126 S -239.087683822 0
126 T -238.863677893 0
126 V -238.571826447 0
126 W -239.525422582 0
126 Y -235.67882307 0
127 A -238.255250154 1
127 C -235.689332938 0
127 D -238.678782983 0
127 E -238.816550921 0
127 F -236.970202752 0
127 G -236.557722345 0
127 H -238.413918294 0
127 I -236.827651687 0
127 K -238.718124872 0
127 L -238.960921414 0
127 M -237.962296723 0
127 N -238.10986473 0
127 P -215.365640469 0
127 Q -237.07866393 0
127 R -238.871376984 0
127 S -238.460515119 0
127 T -236.988417276 0
127 V -237.061815534 0
127 W -237.358008582 0
127 Y -236.98583708 0
128 A -236.674662268 0
128 C -234.553411151 0
128 D -234.782082027 0
128 E -238.693889932 1
128 F -233.006250393 0
128 G -234.592866479 0
128 H -234.516086551 0
128 I -235.180371386 0
128 K -235.594818343 0
128 L -228.896885995 0
128 M -234.604456291 0
128 N -233.764645375 0
128 P -238.801092137 0
128 Q -237.615295034 0
128 R -234.486710536 0
128 S -236.577533832 0
128 T -237.144244633 0
128 V -235.489716479 0
128 W -233.423136744 0
128 Y -233.595908068 0
129 A -231.362695358 0
129 C -230.450185055 0
129 D -233.331072908 0
129 E -233.117238586 0
129 F -233.520980253 0
129 G -234.433658278 0
129 H -234.426354464 0
129 I -206.363447254 0
129 K -234.078010531 0
129 L -226.129814363 0
129 M -230.797094314 0
129 N -233.165892085 1
129 P -151.659943669 0
129 Q -231.775076412 0
129 R -233.035994527 0
129 S -231.642535313 0
129 T -226.344237616 0
129 V -211.984586006 0
129 W -236.418012526 0
129 Y -232.864059845 0
130 A -233.433320664 0
130 C -232.455549636 0
130 D -237.283029605 0
130 E -234.669658463 0
130 F -227.396385076 0
130 G -232.30356963 0
130 H -235.120933471 0
130 I -233.735689011 0
130 K -235.459150463 0
130 L -227.432905015 0
130 M -234.20545954 1
130 N -231.646421107 0
130 P -117.310990993 0
130 Q -235.766742834 0
130 R -234.294143907 0
130 S -232.340379355 0
130 T -231.907848801 0
130 V -234.817876146 0
130 W -225.964345384 0
130 Y -226.096762205 0
131 A -235.589583547 0
131 C -232.781732495 0
131 D -233.146255238 0
131 E -235.208928237 0
131 F -230.917762682 0
131 G -233.775676481 0
131 H -235.161521874 0
131 I -233.883014514 0
131 K -234.477534984 0
131 L -228.643116764 0
131 M -232.702308504 0
131 N -233.861242729 0
131 P -238.327937188 1
131 Q -233.7938805 0
131 R -234.217472495 0
131 S -235.99510908 0
131 T -231.800535641 0
131 V -232.175179624 0
131 W -233.657464821 0
131 Y -231.05259192 0
132 A -227.205811929 0
132 C -227.596805618 0
132 D -225.105154396 0
132 E -230.301272637 0
132 F -181.898581452 0
132 G -223.152604567 0
132 H -212.370293124 0
132 I -230.89464556 0
132 K -222.569499965 0
132 L -231.512082862 0
132 M -224.79439698 0
132 N -227.26840636 0
132 P -69.3408674807 0
132 Q -230.400010548 0
132 R -221.019050558 0
132 S -226.751190779 0
132 T -228.416761288 0
132 V -232.462735056 1
132 W -194.763278768 0
132 Y -100.826513084 0
133 A -218.916367861 0
133 C -219.097034404 0
133 D -223.173179699 0
133 E -219.353338288 0
133 F -226.257918977 1
133 G -217.871907966 0
133 H -222.941097501 0
133 I -221.75236563 0
133 K -221.044007635 0
133 L -220.441487003 0
133 M -220.622413566 0
133 N -219.193920266 0
133 P -155.330890493 0
133 Q -218.346320103 0
133 R -221.479996598 0
133 S -220.581033136 0
133 T -221.221761869 0
133 V -221.810154865 0
133 W -220.1146865 0
133 Y -221.307597601 0
134 A -217.20666993 0
134 C -216.132350772 0
134 D -215.252150155 0
134 E -217.322549859 0
134 F -161.513785087 0
134 G -212.431144387 0
134 H -194.143376137 0
134 I -212.740817986 0
134 K -199.654154673 0
134 L -225.914806572 1
134 M -216.73668507 0
134 N -217.274139812 0
134 P -176.321089924 0
134 Q -217.41689367 0
134 R -186.870890469 0
134 S -216.557413762 0
134 T -206.723123469 0
134 V -208.321097689 0
134 W -11.1117537293 0
134 Y -143.710903356 0
135 A -226.741550748 0
135 C -224.553314209 0
135 D -224.06307219 0
135 E -221.48348923 0
135 F -199.248471015 0
135 G -225.9415545 1
135 H -216.74227262 0
135 I -223.77301255 0
135 K -220.232244799 0
135 L -217.811922072 0
135 M -221.486776904 0
135 N -225.313125672 0
135 P -81.9666467089 0
135 Q -219.877441773 0
135 R -217.743962105 0
135 S -226.660379333 0
135 T -213.85256197 0
135 V -224.345664084 0
135 W -188.659836436 0
135 Y -192.415035075 0
136 A -221.820655008 0
136 C -219.430942842 0
136 D -216.640214149 0
136 E -224.037567106 0
136 F -222.37225372 0
136 G -226.018904184 1
136 H -222.371975055 0
136 I -217.542574901 0
136 K -219.761278916 0
136 L -214.088742497 0
136 M -218.258813238 0
136 N -222.820328723 0
136 P -219.466232667 0
136 Q -220.177625108 0
136 R -222.74426094 0
136 S -221.154231986 0
136 T -190.853162531 0
136 V -220.238647635 0
136 W -221.893686828 0
136 Y -221.451814241 0
137 A -223.034922983 0
137 C -223.474800384 0
137 D -224.389485063 0
137 E -227.783141593 0
137 F -224.174308245 0
137 G -219.862024959 0
137 H -225.206486414 0
137 I -227.750546815 0
137 K -225.567327413 0
137 L -227.345640782 0
137 M -225.950607494 0
137 N -224.530030867 0
137 P -189.246373176 0
137 Q -226.695613649 0
137 R -226.508006496 0
137 S -224.453845385 0
137 T -225.960419394 1
137 V -227.60887375 0
137 W -223.094994097 0
137 Y -224.152405322 0
138 A -223.0968829 0
138 C -222.966830903 0
138 D -221.588873958 0
138 E -222.867014705 0
138 F -223.820669662 0
138 G -221.252141041 0
138 H -222.553059962 0
138 I -225.375353327 0
138 K -225.564582694 1
138 L -220.868416035 0
138 M -223.321704807 0
138 N -221.32868322 0
138 P -219.689854351 0
138 Q -224.519839778 0
138 R -223.019641573 0
138 S -224.266194559 0
138 T -226.615935717 0
138 V -225.459761212 0
138 W -222.942601767 0
138 Y -222.402061045 0
139 A -216.081160596 0
139 C -206.490296508 0
139 D -221.085582656 0
139 E -209.055193969 0
139 F -208.272056347 0
139 G -226.451087021 1
139 H -210.511904291 0
139 I -199.458542473 0
139 K -219.116265046 0
139 L -209.943929842 0
139 M -208.097392913 0
139 N -218.253704182 0
139 P -142.94250262 0
139 Q -214.524237142 0
139 R -208.430055724 0
139 S -221.058416078 0
139 T -205.576979686 0
139 V -197.559598116 0
139 W -205.000044405 0
139 Y -205.275395377 0
140 A -215.781176498 0
140 C -205.498190888 0
140 D -216.493648458 0
140 E -203.592864273 0
140 F -191.135917041 0
140 G -226.268337873 1
140 H -207.649513768 0
140 I -188.350632958 0
140 K -207.574831816 0
140 L -169.631122704 0
140 M -197.583868145 0
140 N -213.607059977 0
140 P -59.345028924 0
140 Q -197.557189075 0
140 R -195.25547694 0
140 S -211.062975218 0
140 T -192.818223206 0
140 V -189.323592773 0
140 W -204.321830935 0
140 Y -206.084109925 0
141 A -231.521580066 0
141 C -230.332328454 0
141 D -234.144133553 0
141 E -234.278760838 0
141 F -231.599414239 0
141 G -230.915578374 0
141 H -233.525147138 0
141 I -230.665716343 0
141 K -234.116348472 0
141 L -233.908161951 0
141 M -232.248125561 0
141 N -233.148993699 0
141 P -227.592294669 0
141 Q -232.481489825 1
141 R -233.076447475 0
141 S -233.880584099 0
141 T -234.336571938 0
141 V -231.113074757 0
141 W -231.551720839 0
141 Y -231.714595931 0
142 A -232.063850276 0
142 C -229.95655266 0
142 D -233.607243164 1
142 E -232.984770744 0
142 F -231.663411474 0
142 G -230.410646341 0
142 H -232.753280165 0
142 I -232.225238633 0
142 K -230.348974557 0
142 L -231.985778837 0
142 M -232.453805224 0
142 N -232.882168415 0
142 P -216.24741295 0
142 Q -230.838089132 0
142 R -230.443061586 0
142 S -232.354069774 0
142 T -232.409932885 0
142 V -231.666288977 0
142 W -231.810776042 0
142 Y -231.536269615 0
143 A -228.002775549 0
143 C -232.884641731 0
143 D -232.293605099 0
143 E -231.920544144 0
143 F -220.543877518 0
143 G -225.044547858 0
143 H -228.545676981 0
143 I -238.356836019 1
143 K -227.124150994 0
143 L -236.783995402 0
143 M -233.086930887 0
143 N -234.605513045 0
143 P -168.236497277 0
143 Q -232.902441764 0
143 R -229.610232839 0
143 S -233.425739008 0
143 T -236.222056272 0
143 V -238.306093692 0
143 W -224.919075747 0
143 Y -223.518148345 0
144 A -222.22875084 0
144 C -220.41054927 0
144 D -219.65692715 0
144 E -215.886699878 0
144 F -197.437366283 0
144 G -218.411089292 0
144 H -224.761049236 0
144 I -224.245652567 0
144 K -215.166896413 0
144 L -222.029080515 0
144 M -219.231519365 0
144 N -222.940256751 0
144 P -215.949986434 0
144 Q -222.000260948 0
144 R -214.026411489 0
144 S -222.018590163 0
144 T -227.370912092 1
144 V -226.148534897 0
144 W -202.043280543 0
144 Y -215.389222838 0
145 A -235.866196227 0
145 C -234.482399257 0
145 D -236.914229227 1
145 E -237.01595776 0
145 F -234.586366549 0
145 G -233.68474005 0
145 H -235.397018718 0
145 I -231.175157349 0
145 K -236.411521786 0
145 L -235.033818827 0
145 M -236.149096375 0
145 N -234.668688826 0
145 P -214.256589653 0
145 Q -237.496757015 0
145 R -237.747498258 0
145 S -235.494441028 0
145 T -235.570405267 0
145 V -230.044809993 0
145 W -234.296271454 0
145 Y -234.549931049 0
146 A -238.583051416 0
146 C -237.915091991 0
146 D -236.203885302 0
146 E -239.106010054 0
146 F -248.753533552 1
146 G -235.30540249 0
146 H -244.133098982 0
146 I -233.449151271 0
146 K -239.574443752 0
146 L -242.965529618 0
146 M -243.134552521 0
146 N -239.823971676 0
146 P -129.963209642 0
146 Q -239.146950533 0
146 R -238.986787071 0
146 S -237.61641061 0
146 T -238.310412899 0
146 V -234.491390321 0
146 W -247.69876093 0
146 Y -246.161961452 0
147 A -246.403497666 0
147 C -245.390894078 0
147 D -253.448073717 0
147 E -256.012726326 0
147 F -244.276281964 0
147 G -245.459392205 0
147 H -247.786828861 0
147 I -252.627337583 0
147 K -253.527989537 0
147 L -252.357770315 0
147 M -253.666712844 0
147 N -243.899891741 0
147 P -27.6540542432 0
147 Q -254.67010188 0
147 R -253.661145908 0
147 S -253.830887116 0
147 T -254.437312613 1
147 V -246.186161645 0
147 W -255.380957357 0
147 Y -258.676390295 0
148 A -224.678955285 0
148 C -225.139407533 0
148 D -226.398342737 0
148 E -228.545985353 0
148 F -245.771939385 0
148 G -221.476357472 0
148 H -243.094122884 0
148 I -232.090131175 0
148 K -229.463345664 0
148 L -233.647165282 0
148 M -235.267611416 1
148 N -226.174633652 0
148 P -231.453898796 0
148 Q -230.627917698 0
148 R -233.313736402 0
148 S -224.91406959 0
148 T -225.129884347 0
148 V -229.76695744 0
148 W -240.479911075 0
148 Y -245.489177501 0
149 A -230.798496253 0
149 C -230.117288896 0
149 D -231.261496263 0
149 E -233.809909347 0
149 F -229.497046756 0
149 G -223.915950932 0
149 H -231.465993389 0
149 I -233.20838956 0
149 K -233.692352641 0
149 L -232.740020057 0
149 M -231.158368058 0
149 N -230.520901183 0
149 P -163.158314283 0
149 Q -233.612436955 1
149 R -231.573066202 0
149 S -231.156903197 0
149 T -232.427826504 0
149 V -233.921496009 0
149 W -230.246575466 0
149 Y -229.647079102 0
150 A -226.190925799 0
150 C -225.851733479 0
150 D -227.740994065 0
150 E -228.74011568 0
150 F -228.852292661 1
150 G -223.898421652 0
150 H -228.623686608 0
150 I -230.704426683 0
150 K -228.650266068 0
150 L -230.47945207 0
150 M -227.468022603 0
150 N -228.232998541 0
150 P -225.383258989 0
150 Q -226.402187592 0
150 R -227.827358503 0
150 S -227.790763209 0
150 T -227.912635652 0
150 V -229.232251872 0
150 W -227.893397929 0
150 Y -227.220704537 0
151 A -223.474594091 0
151 C -224.445494577 0
151 D -224.464212184 0
151 E -222.318278639 0
151 F -219.813334319 0
151 G -223.015490056 0
151 H -221.56142477 0
151 I -218.828084629 0
151 K -224.296302468 0
151 L -219.716465003 0
151 M -221.166482188 0
151 N -224.003658322 0
151 P -90.0602167838 0
151 Q -221.907229581 0
151 R -229.356695669 0
151 S -225.446199725 0
151 T -227.916959569 0
151 V -227.951106626 1
151 W -224.587969669 0
151 Y -218.228184639 0
152 A -234.968595524 0
152 C -231.415111908 0
152 D -235.197054667 0
152 E -234.269531046 0
152 F -233.710154199 0
152 G -233.365018772 0
152 H -233.674084112 0
152 I -232.550378015 0
152 K -234.101218895 0
152 L -231.076951119 0
152 M -232.366191489 0
152 N -233.18834329 0
152 P -221.526508675 0
152 Q -232.301304603 0
152 R -234.782678197 0
152 S -236.056927714 1
152 T -233.856727115 0
152 V -232.27685355 0
152 W -233.151880688 0
152 Y -233.445244584 0
153 A -236.486292625 0
153 C -235.345813803 0
153 D -233.342811459 0
153 E -234.273685294 0
153 F -232.96189996 0
153 G -236.764089295 0
153 H -235.174482988 0
153 I -235.856224223 0
153 K -239.434457502 0
153 L -233.462539851 0
153 M -236.307955875 0
153 N -234.128739212 0
153 P -219.911160462 0
153 Q -235.193515311 0
153 R -237.714083362 0
153 S -237.181307095 1
153 T -227.487778387 0
153 V -223.634314696 0
153 W -234.333390264 0
153 Y -233.195439014 0
