model Q.PFAM=
0.531344742 
0.266631781 0.610524242 
0.479415354 0.145193836 4.395589145 
2.490407258 0.797726764 0.617331366 0.086320436 
1.058818226 2.850794598 1.685541958 0.623180282 0.163023963 
1.178483844 0.358512949 0.572153867 4.775857514 0.004224284 4.045465925 
1.897932882 0.427923043 1.417171473 0.993358642 0.723368327 0.349584077 0.412573692 
0.453464468 2.765967911 4.395995003 0.944775779 1.220289602 4.992256584 0.444851397 0.432227777 
0.176454495 0.103023046 0.192557924 0.012280201 0.599859067 0.090487083 0.045755066 0.025135568 0.108027826 
0.419433650 0.307712278 0.070917051 0.019106538 0.827369996 0.609556427 0.066812844 0.070095729 0.420152907 4.316039810 
0.501174376 5.070603955 2.126974783 0.311739636 0.042113153 3.211891588 1.628511729 0.323774881 0.779002069 0.188076678 0.128912693 
1.175077280 0.565654138 0.405987508 0.044371788 1.330027314 1.704580053 0.217689890 0.196370346 0.488138895 5.052397990 6.674964742 0.790881216 
0.266730243 0.050284344 0.098902029 0.023281590 1.570975979 0.044860498 0.016021778 0.116848629 0.754840320 1.333037626 2.539936322 0.022355802 1.944915128 
1.371519672 0.396818483 0.230865860 0.538351193 0.117103191 0.764761023 0.532587532 0.323334201 0.635697033 0.101194285 0.285369684 0.446883087 0.146079999 0.106999973 
3.745215188 0.711941869 3.559567653 1.188991720 3.084090802 1.178336151 0.587105765 1.645856748 1.047872072 0.078854093 0.182164122 0.756113129 0.449949835 0.319772739 1.499944856 
2.134156546 0.664457704 1.923647217 0.498902533 1.382576296 1.172710577 0.733559201 0.232722239 0.648977470 1.067438502 0.303042511 1.169845557 2.176841262 0.185666747 0.667935113 5.538833003 
0.198118657 0.503943335 0.048383536 0.030638664 0.964172901 0.185024339 0.044029570 0.199917400 0.592439554 0.143667666 0.614180565 0.040725071 0.765641182 2.174974075 0.133590865 0.217347672 0.125958817 
0.208747809 0.263834003 0.570488409 0.134714779 1.863419357 0.264729772 0.100447410 0.074554161 5.545635324 0.271724216 0.338670344 0.138599247 0.651180870 7.474120415 0.108442089 0.374198514 0.267599595 2.604411280 
2.688525915 0.201107356 0.119873351 0.052396485 2.371412865 0.282178057 0.297627071 0.134209258 0.229732340 11.786948184 2.030164484 0.222793132 2.397008325 0.758096789 0.362295352 0.127446562 2.284500453 0.201953893 0.337688120 
0.085788000 0.057731000 0.042028000 0.056462000 0.010447000 0.039548000 0.067799000 0.064861000 0.021040000 0.055398000 0.100413000 0.059401000 0.019898000 0.042789000 0.039579000 0.069262000 0.055498000 0.014430000 0.033233000 0.064396000

