model DCMUT=
26.7828
98.4474 32.7059
119.9805 0.0000 893.1515
36.0016 23.2374 0.0000 0.0000
88.7753 243.9939 102.8509 134.8551 0.0000
196.1167 0.0000 149.3409 1138.8659 0.0000 708.6022
238.6111 8.7791 138.5352 124.0981 10.7278 28.1581 81.1907
22.8116 238.3148 529.0024 86.8241 28.2729 601.1613 43.9469 10.6802
65.3416 63.2629 76.8024 23.9248 43.8074 18.0393 60.9526 0.0000 7.6981
40.6431 15.4924 34.1113 0.0000 0.0000 73.0772 11.2880 7.1514 44.3504 255.6685
25.8635 461.0124 314.8371 71.6913 0.0000 151.9078 83.0078 26.7683 27.0475 46.0857 18.0629
71.7840 89.6321 0.0000 0.0000 0.0000 112.7499 30.4803 17.0372 0.0000 333.2732 523.0115 241.1739
18.3641 13.6906 13.8503 0.0000 0.0000 0.0000 0.0000 15.3478 47.5927 195.1951 156.5160 0.0000 92.1860
248.5920 102.8313 41.9244 13.3940 18.7550 152.6188 50.7003 34.7153 93.3709 11.9152 31.6258 33.5419 17.0205 11.0506
405.1870 153.1590 488.5892 95.6097 159.8356 56.1828 79.3999 232.2243 35.3643 24.7955 17.1432 95.4557 61.9951 45.9901 242.7202
368.0365 26.5745 227.1697 66.0930 16.2366 52.5651 34.0156 30.6662 22.6333 190.0739 33.1090 135.0599 103.1534 13.6655 78.2857 543.6674
0.0000 200.1375 22.4968 0.0000 0.0000 0.0000 0.0000 0.0000 27.0564 0.0000 46.1776 0.0000 0.0000 76.2354 0.0000 74.0819 0.0000
24.4139 7.8012 94.6940 0.0000 95.3164 0.0000 21.4717 0.0000 126.5400 37.4834 28.6572 13.2142 0.0000 695.2629 0.0000 33.6289 41.7839 60.8070
205.9564 24.0368 15.8067 17.8316 48.4678 34.6983 36.7250 53.8165 43.8715 881.0038 174.5156 10.3850 256.5955 12.3606 48.5026 30.3836 156.1997 0.0000 27.9379
 0.08712691 0.04090396 0.04043196 0.04687195 0.03347397 0.03825496 0.04952995 0.08861191 0.03361897 0.03688596 0.08535691 0.08048092 0.01475299 0.03977196 0.05067995 0.06957693 0.05854194 0.01049399 0.02991597 0.06471794
[ NOTE 2019-06-04: normalised from original Dayhoff-DCMUT freqs, which do not sum to 1.0
  https://www.ebi.ac.uk/goldman-srv/dayhoff/dayhoff-dcmut.dat ]

